REMUNERACIONES SEPTIEMBRE/2016    0001729092016
10000003903776000109249.32
10000002288955000004182.121
10000006423408000012438.001
10000010905814000006210.731
10000011095648000002552.001
10000010999601000003920.001
10000020480757000004253.001
10000012084046000012438.001
10000010960975000004253.001
10000010207640000008223.431
10000013878985000004253.001
10000010930390000004182.121
10000008103339000006316.001
10000002281082000013534.001
10000020536229000004253.001
10000020511586000004253.001
10000006211986000009734.921
10000004645781000004253.001
