REMUNERACIONES MARZO/2014    0009231032014
10000003903776000475129.78
10000006553718000003088.801
10000010474877000013024.801
10000006374396000004586.401
10000014015601000005400.001
10000004495475000003366.001
10000011574452000005832.001
10000004649428000005709.601
10000013285908000005400.001
10000015300192000010422.001
10000011036072000004165.201
10000004646755000007128.001
10000013756701000004450.001
10000004029191000002469.601
10000015499391000001360.801
10000010914419000004557.001
10000011049083000008078.401
10000012192055000003009.601
10000014087832000005832.001
10000012270041000003920.401
10000010618136000003069.001
10000015463172000002376.001
10000010644446000003650.401
10000003986508000015919.201
10000004284943000003009.601
10000004144551000004138.501
10000014317809000004806.001
10000010973936000005709.601
10000013350206000004364.281
10000010158413000001530.001
10000013488908000005709.601
10000010556485000004665.601
10000014034528000004900.001
10000001434285000005832.001
10000004989840000009032.401
10000013947681000004900.001
10000010704422000007905.001
10000007704146000005054.401
10000011349657000005709.601
10000011288243000005583.601
10000011436272000005054.401
10000010208664000002415.601
10000010659495000008974.501
10000010408040000005400.001
10000004807232000004557.001
10000004284373000002613.601
10000014234079000000540.001
10000004456427000003009.601
10000006531152000006055.801
10000010658752000002138.401
10000011651961000008078.401
10000014023208000004806.001
10000011005952000002762.101
10000012121723000001542.291
10000003300237000009180.001
10000011696256000009741.401
10000010648034000002138.401
10000014854231000005054.401
10000006427343000008500.001
10000013491274000005054.401
10000014480078000005292.001
10000011072406000004165.201
10000013497884000003069.001
10000014617233000006609.601
1154641040000002376.001
10000010489280000005709.601
10000009027950000003069.001
10000010705553000005054.401
10000015444586000001940.401
10000007212248000003088.801
10000012791443000004824.611
10000011049778000008078.401
10000003702780000007905.001
10000011412264000007113.601
10000011063637000015919.201
10000004649600000002613.601
10000005703984000005054.401
10000015404936000005270.401
10000010672405000006177.601
10000004921496000005954.401
10000002982359000007219.591
10000003996086000003366.001
10000015473874000002135.481
10000011049166000004450.001
10000003718208000005709.601
10000015470044000001937.751
10000011651771000005997.601
10000010485402000005709.601
10000006531780000002613.601
10000007097450000005998.001
10000003492539000005702.401
10000011579121000005587.801
10000008237542000002135.481
