REMUNERACIONES SEPTIEMBRE/2014    0011530092014
10000003903776000666454.77
10000017150660000004212.001
10000016735380000004806.001
10000006553718000003564.001
10000010474877000004471.201
10000006374396000005292.001
10000014015601000005832.001
10000004495475000009180.001
10000016222428000004212.001
10000011574452000005727.601
10000015856640000006588.001
10000011049249000007128.001
10000004649428000006483.601
10000011036072000004701.601
10000004646755000007128.001
10000013756701000004806.001
10000004029191000005292.001
10000010914419000005292.001
10000016714540000004806.001
10000011049083000007128.001
10000012192055000008208.001
10000012270041000003564.001
10000015463172000003564.001
10000010644446000004212.001
10000013534644000006588.001
10000003986508000007051.441
10000016735885000006588.001
10000004284943000008208.001
10000004144551000004701.601
10000014317809000004701.601
10000017171103000004806.001
10000010973936000006588.001
10000009024980000004212.001
10000013535361000005292.001
10000013350206000005734.561
10000013979163000004806.001
10000013488908000006407.041
10000010556485000005832.001
10000003165657000007051.441
10000014314285000005832.001
10000004989840000010422.001
10000015668136000005832.001
10000013947681000005832.001
10000010704422000007905.001
10000007704146000005832.001
10000011349657000006407.041
10000011436272000005832.001
10000010208664000006588.001
10000015442803000004212.001
10000017230446000005292.001
10000010659495000007479.061
10000010408040000005400.001
10000004807232000005292.001
10000015443257000004212.001
10000004284373000007128.001
10000014234079000005443.201
10000004456427000008208.001
10000006531152000007128.001
10000010658752000005832.001
10000015695212000005832.001
10000012165292000005022.001
10000014023208000004701.601
10000012121723000004212.001
10000004649569000011340.001
10000016702016000004806.001
10000015668095000005832.001
10000011696256000003564.001
10000015685792000005832.001
10000010648034000005832.001
10000014854231000005727.601
10000006427343000004250.001
10000013491274000005832.001
10000014480078000004701.601
10000011072406000004701.601
10000014617233000005832.001
10000016166973000005292.001
10000015464104000003564.001
10000016763943000005651.041
10000003980196000008208.001
10000015444586000005292.001
10000015667823000005832.001
10000015482817000004212.001
10000014798372000005727.601
10000007212248000003564.001
10000012791443000006588.001
10000016135051000000583.201
10000015608554000005727.601
10000011049778000007128.001
10000003702780000007905.001
10000015551521000008208.001
10000014005165000005755.441
10000011063637000007051.441
10000004649600000007128.001
10000005703984000005832.001
10000004661620000008208.001
10000017334644000006037.201
10000015404936000006511.441
10000010672405000007051.441
10000015444370000004212.001
10000004921496000006511.441
10000010557904000003564.001
10000002982359000001685.161
10000003996086000009180.001
10000015473874000005832.001
10000011049166000004806.001
10000014143999000005832.001
10000016992336000004212.001
10000011410482000007128.001
10000003718208000006511.441
10000015470044000005292.001
10000011651771000005292.001
10000006531780000007128.001
10000007097450000003875.351
10000003492539000007128.001
10000011579121000006483.601
10000008237542000005832.001
