REMUNERACIONES ENERO/2015    0010730012015
10000003903776000611409.63
10000017150660000004212.001
10000016735380000004850.831
10000010474877000005559.671
10000006374396000005044.871
10000016222428000003860.831
10000003331222000005345.831
10000011574452000005345.831
10000015856640000006588.001
10000011049249000006272.801
10000004649428000006795.531
10000004004218000006280.731
10000011036072000005044.871
10000004646755000007223.201
10000015052975000005559.671
10000016714540000004582.071
10000011049083000006534.171
10000012192055000007223.201
10000012270041000003397.331
10000015463172000001437.331
10000018061626000005241.431
10000013534644000006039.171
10000017611167000005132.001
10000004284943000007825.131
10000004144551000004582.071
10000014317809000005044.871
10000017171103000004806.001
10000010973936000006280.731
10000009024980000004212.001
10000003644297000004212.001
10000013535361000005044.871
10000013350206000005559.671
10000013979163000004405.831
10000013488908000006725.931
10000010556485000005345.831
10000017657161000004015.271
10000003165657000006534.171
10000004989840000009935.471
10000015668136000005132.001
10000010704422000007524.171
10000007704146000005345.831
10000011349657000006464.571
10000017520714000012258.001
10000010208664000006280.731
10000015442803000004212.001
10000017230446000005044.871
10000010408040000006039.171
10000004807232000005044.871
10000015443257000004212.001
10000004284373000006534.171
10000014234079000005345.831
10000017693800000003172.201
10000015695212000005132.001
10000012165292000006039.171
10000014023208000005132.001
10000012121723000004405.831
10000004649569000009979.201
10000016702016000004229.601
10000015668095000005132.001
10000002745468000010787.201
10000010648034000005345.831
10000014854231000002352.201
10000006427343000007524.171
10000013491274000005132.001
10000014480078000005044.871
10000011072406000004582.071
10000014617233000005559.671
10000016166973000003686.631
10000017715084000003564.001
10000018179362000002643.501
10000015464104000003397.331
10000016763943000006725.931
10000017707388000003564.001
10000003980196000007825.131
10000010705553000005559.671
10000015444586000005559.671
10000015667823000005559.671
10000015482817000004212.001
10000003984445000010787.201
10000014798372000006280.731
10000017599652000004212.001
10000007212248000003397.331
10000012791443000006280.731
10000011049778000006272.801
10000003702780000007524.171
10000015551521000007524.171
10000011063637000006795.531
10000004302349000009171.201
10000004649600000006795.531
10000005703984000005559.671
10000004222349000004806.001
10000004661620000007825.131
10000017334644000004212.001
10000015404936000006795.531
10000010672405000006795.531
10000015444370000004212.001
10000004921496000006691.131
10000015473874000005559.671
10000014143999000005559.671
10000011410482000006272.801
10000012665127000005559.671
10000003718208000006795.531
10000015470044000005559.671
10000011651771000005559.671
10000010485402000006280.731
10000006531780000006795.531
10000011579121000006795.531
10000008237542000005345.831
