REMUNERACIONES MAYO/2014    0010030052014
10000003903776000595903.62
10000006553718000003564.001
10000010474877000005832.001
10000006374396000005292.001
10000014015601000004860.001
10000004495475000009165.001
10000016222428000007441.201
10000011574452000005832.001
10000004649428000006588.001
10000011036072000004806.001
10000004646755000007128.001
10000013756701000004598.331
10000004029191000005292.001
10000011049083000007128.001
10000012192055000008208.001
10000012270041000003564.001
10000010618136000003069.001
10000015463172000003564.001
10000010644446000004212.001
10000013534644000005050.801
10000003986508000007128.001
10000004284943000008193.001
10000004144551000004165.201
10000014317809000004645.801
10000010973936000006588.001
10000013350206000005832.001
10000010158413000009180.001
10000013488908000006588.001
10000010556485000005772.001
10000004989840000010422.001
10000015668136000005832.001
10000013947681000004900.001
10000010704422000007905.001
10000007704146000005832.001
10000011349657000006588.001
10000011288243000003564.001
10000011436272000005832.001
10000010208664000006588.001
10000015442803000004212.001
10000010659495000008974.501
10000010408040000005400.001
10000004807232000004586.401
10000015443257000004212.001
10000004284373000007128.001
10000014234079000005832.001
10000004456427000008208.001
10000006531152000007128.001
10000010658752000005832.001
10000015695212000005832.001
10000011651961000007128.001
10000012165292000005022.001
10000014023208000004806.001
10000012121723000004212.001
10000003300237000009180.001
10000015668095000005832.001
10000011696256000003564.001
10000015685792000005832.001
10000010648034000005832.001
10000014854231000005832.001
10000006427343000008500.001
10000013491274000005832.001
10000014480078000005292.001
10000011072406000004806.001
10000013497884000003069.001
10000014617233000005832.001
10000015464104000003564.001
10000003980196000008208.001
10000010489280000005709.601
10000009027950000003069.001
10000010705553000005054.401
10000015444586000005292.001
10000015667823000005832.001
10000015482817000004212.001
10000014798372000005832.001
10000007212248000003564.001
10000012791443000006588.001
10000015608554000005832.001
10000011049778000007128.001
10000003702780000007905.001
10000011412264000008208.001
10000014005165000001555.201
10000011063637000007128.001
10000004649600000007128.001
10000005703984000005832.001
10000015404936000006588.001
10000010672405000007128.001
10000015444370000004212.001
10000004921496000006588.001
10000002982359000007219.591
10000003996086000009180.001
10000015473874000005832.001
10000011049166000004450.001
10000011410482000008553.601
10000003718208000006588.001
10000015470044000005292.001
10000011651771000005292.001
10000006531780000007128.001
10000007097450000005998.001
10000003492539000007128.001
10000011579121000006588.001
10000008237542000005832.001
