REMUNERACIONES FEBRERO/2015    0002527022015
10000003903776000164434.84
10000006423408000010422.001
10000010905814000005292.001
10000010999601000003564.001
10000012084046000010422.001
10000013406736000006966.001
10000013947681000006067.511
10000009792652000011458.001
10000010960975000003564.001
10000010207640000007128.001
10000007636365000011081.871
10000006214568000001737.001
10000008759140000005292.001
10000013878985000003564.001
10000004988678000010422.001
10000015761469000008208.001
10000004646268000006588.001
10000003335523000003920.001
10000007687772000007128.001
10000017594793000005807.701
10000008103339000005292.001
10000006229533000003564.001
10000016497716000007841.001
10000006211986000008953.761
10000010232621000006588.001
10000004645781000003564.001
