REMUNERACIONES ABRIL/2016    0001829042016
10000003903776000102248.53
10000002288955000004253.001
10000006423408000011411.801
10000010905814000005675.481
10000020542193000003920.001
10000010999601000003854.671
10000020480757000003397.331
10000010960975000003920.001
10000010207640000006730.941
10000008759140000005796.751
10000013878985000003920.001
10000004646268000007808.331
10000010930390000003827.701
10000008103339000005821.001
10000002281082000011729.471
10000020536229000003920.001
10000020511586000003920.001
10000006211986000008585.241
10000004645781000003756.821
