REMUNERACIONES JULIO/2016    0001629072016
10000003903776000103245.23
10000002288955000004253.001
10000006423408000011828.601
10000010905814000005397.641
10000010999601000003920.001
10000020480757000004253.001
10000012084046000012438.001
10000010960975000003397.331
10000010207640000008329.761
10000013878985000003750.001
10000010930390000004253.001
10000008103339000005508.681
10000002281082000013534.001
10000020536229000004253.001
10000020511586000004253.001
10000006211986000009694.101
10000004645781000004182.121
