REMUNERACIONES OCTUBRE/2016    0001731102016
10000003903776000113210.01
10000002288955000004253.001
10000006423408000012438.001
10000010905814000006289.681
10000011095648000006960.001
10000010999601000003854.671
10000020480757000004182.121
10000012084046000012438.001
10000010960975000004253.001
10000010207640000008223.441
10000013878985000004253.001
10000010930390000004253.001
10000008103339000006316.001
10000002281082000013082.871
10000020536229000004253.001
10000020511586000004253.001
10000006211986000009796.001
10000004645781000004111.231
