REMUNERACIONES MARZO/2016    0002230032016
10000003903776000117805.26
10000002288955000004253.001
10000006423408000011464.001
10000010905814000005675.471
10000020542193000003920.001
10000010999601000003920.001
10000020480757000003920.001
10000012084046000008789.101
10000013406736000002846.401
10000009792652000003694.671
10000010960975000003920.001
10000010207640000007579.631
10000008759140000005723.981
10000013878985000003920.001
10000004988678000006114.131
10000015761469000004012.651
10000004646268000007841.001
10000010930390000003789.331
10000008103339000005821.001
10000020536229000003920.001
10000020511586000003920.001
10000006211986000008840.901
10000004645781000003920.001
