REMUNERACIONES ENERO/2016    0002829012016
10000003903776000160180.40
10000002288955000003920.001
10000006423408000011464.001
10000010905814000005821.001
10000020542193000003920.001
10000006615138000001690.971
10000010999601000003920.001
10000020480757000003920.001
10000012084046000011464.001
10000013406736000009029.001
10000013947681000002721.831
10000009792652000012684.001
10000010960975000003920.001
10000010207640000007481.631
10000007636365000001528.531
10000008759140000005821.001
10000013878985000003920.001
10000004988678000011464.001
10000015761469000007486.551
10000004646268000007841.001
10000003335523000000522.671
10000010930390000003920.001
10000007687772000001306.841
10000008103339000005821.001
10000020536229000003920.001
10000020511586000003920.001
10000016497716000007841.001
10000006211986000008991.381
10000004645781000003920.001
