REMUNERACIONES FEBRERO/2016    0012826022016
10000003903776000942571.71
10000016735380000006316.001
10000016222428000004859.431
10000013331222000006960.001
10000007821544000006960.001
10000011049249000008507.001
10000004649428000009632.741
10000018539962000004253.001
10000011036072000006210.731
10000016304812000006316.001
10000020100892000005894.931
10000004646755000011428.661
10000015052975000006960.001
10000013756701000005736.001
10000019158696000009796.001
10000010705727000010956.001
10000020085862000006263.361
10000016714540000005736.001
10000011049083000008507.001
10000012192055000009142.931
10000012270041000004253.001
10000015463172000002126.501
10000018061626000006316.001
10000013534644000007863.001
10000018733697000006728.001
10000004284943000008489.871
10000004144551000005688.201
10000014317809000006316.001
10000015621316000004253.001
10000011072331000005027.001
10000004653049000009714.361
10000010973936000007830.241
10000019892400000005697.261
10000013535361000006184.421
10000019116884000006960.001
10000011069312000012438.001
10000020967440000006032.401
10000013979163000005736.001
10000018527909000006289.681
10000020786824000005736.001
10000019340219000006496.001
10000013488908000008507.001
10000002993562000006960.001
10000017657161000005006.051
10000003165657000008471.551
10000019398648000009227.011
10000013947681000006525.001
10000010704422000009551.101
10000007704146000006902.001
10000011349657000008507.001
10000020101212000006316.001
10000019241342000007863.001
10000016998392000013654.671
10000018880745000012438.001
10000007033173000009796.001
10000017520714000013534.001
10000007446574000006500.801
10000020129587000006316.001
10000010208664000006683.541
10000016990653000007666.421
10000020108961000008507.001
10000017230446000005563.131
10000006214568000012438.001
10000010408040000008365.211
10000004807232000006316.001
10000004284373000007195.501
10000018850326000005640.401
10000019479183000006316.001
10000020109315000006316.001
10000006531152000009755.181
10000017693800000005736.001
10000015695212000006496.001
10000012165292000007666.421
10000014023208000005712.101
10000004649569000005413.591
10000016702016000006316.001
10000020088650000006289.681
10000014854231000006902.001
10000006427343000009796.001
10000013491274000006786.001
10000014480078000006289.681
10000011072406000005736.001
10000014617233000006960.001
10000020203167000004253.001
10000013532820000006415.001
10000003335523000004253.001
10000015464104000004128.961
10000019258149000003969.901
10000016763943000008507.001
10000019319438000006814.601
10000010489280000007863.001
10000121037945000002088.001
10000010705553000007863.001
10000018430996000003969.471
10000015444586000006032.001
10000007687772000009755.181
10000015667823000007863.001
10000004869563000014630.001
10000014798372000007764.721
10000007212248000004253.001
10000019795571000006960.001
10000012791443000007863.001
10000011059735000004253.001
10000010522808000008471.551
10000015551521000010956.001
10000004302349000012438.001
10000019909461000006289.681
10000019299086000006960.001
10000004649600000008507.001
10000018428751000004075.801
10000015404936000008507.001
10000017000956000012438.001
10000018965406000010819.051
10000018416243000006960.001
10000010672405000008507.001
10000004146086000006960.001
10000004921496000008507.001
10000000951330000015605.331
10000003996086000010225.601
10000020604258000004253.001
10000011049166000005006.051
10000020967341000006883.201
10000016992336000004199.841
10000012665127000006786.001
10000011651771000006902.001
10000020745698000007888.001
10000004318403000010225.601
10000019059993000006931.001
10000011579121000008223.441
