REMUNERACIONES JUNIO/2015    0002330062015
10000003903776000151297.95
10000018515847000005287.001
10000004649618000010098.001
10000015614006000006415.001
10000011169071000003789.331
10000003979371000005987.331
10000011664477000006415.001
10000010472657000006415.001
10000013053660000010098.001
10000013225821000005287.001
10000004530156000007841.001
10000010676506000003920.001
10000007033173000007841.001
10000014117663000005287.001
10000011353046000009029.001
10000006751734000005110.771
10000013968421000005821.001
10000002273120000008878.521
10000017739729000006415.001
10000003304859000007841.001
10000004143800000007841.001
10000003622293000003920.001
10000004653180000007841.001
10000005439133000003920.001
