REMUNERACIONES MARZO/2014    0002831032014
10000003903776000158040.40
10000004649618000007956.001
10000011169071000003564.001
10000003979371000008553.601
10000004616766000006588.001
10000011661477000005054.401
10000010472657000005832.001
10000013053660000007956.001
10000013225821000004165.201
10000004530156000007128.001
10000010676506000002428.801
10000007515824000007113.601
10000004144072000008208.001
10000003422982000006100.001
10000006751734000004806.001
10000003978589000005745.601
10000012339251000004586.401
10000013968421000004806.001
10000010930390000003088.801
10000012022575000006177.601
10000011631658000007113.601
10000003304859000007128.001
10000010209464000007113.601
10000004143800000007128.001
10000003622293000003088.801
10000004653180000006177.601
10000010684137000003304.801
10000005439133000003088.801
10000011104762000004039.201
