REMUNERACIONES JUNIO/2015    0002430062015
10000003903776000164978.11
10000006423408000010422.001
10000010905814000005360.191
10000006615138000007247.001
10000010999601000003564.001
10000012084046000011416.231
10000013406736000007128.001
10000013947681000006174.431
10000009792652000012684.001
10000010960975000003564.001
10000010207640000007383.621
10000007636365000011464.001
10000008759140000005748.241
10000013878985000003564.001
10000004988678000011464.001
10000004646268000006588.001
10000003335523000003920.001
10000010930390000003920.001
10000007687772000007644.981
10000017594793000005832.001
10000008103339000005796.751
10000006229533000003564.001
10000016497716000007841.001
10000006211986000009029.001
10000004645781000003658.671
