REMUNERACIONES MARZO/2015    0002431032015
10000003903776000158014.37
10000006423408000010422.001
10000010905814000004762.671
10000010999601000003564.001
10000012084046000009275.531
10000013406736000006966.001
10000013947681000006227.891
10000009792652000010722.671
10000010960975000003564.001
10000010207640000006415.331
10000007636365000011464.001
10000008759140000005292.001
10000013878985000003564.001
10000004988678000008823.871
10000015761469000008208.001
10000004646268000006588.001
10000003335523000003920.001
10000007687772000007484.571
10000017594793000005734.801
10000008103339000004251.171
10000006229533000003564.001
10000016497716000007841.001
10000006211986000009029.001
10000010232621000006588.001
10000004645781000003741.871
