REMUNERACIONES JULIO/2014    0001931072014
10000003903776000101098.80
10000015614006000001944.001
10000016513801000002851.201
10000016676972000008208.001
10000013071109000005832.001
10000009542015000005832.001
10000002902505000004806.001
10000003311375000005292.001
10000011353046000008208.001
10000016075588000003564.001
10000010644818000008208.001
10000004452839000004806.001
10000007859131000008208.001
10000015426914000005832.001
10000011054173000003564.001
10000015473171000004806.001
10000013917808000007128.001
10000007738947000005832.001
10000014315514000003564.001
10000017011846000002613.601
