REMUNERACIONES OCTUBRE/2014    0003130102014
10000003903776000194151.53
10000015870997000004806.001
10000004649618000009058.201
10000011169071000003564.001
10000003979371000005832.001
10000004616766000006588.001
10000011664477000005832.001
10000010472657000005832.001
10000013053660000009180.001
10000013225821000004806.001
10000004530156000007128.001
10000010676506000002904.001
10000007033173000006933.121
10000007515824000008208.001
10000013097759000007128.001
10000004144072000008208.001
10000003422982000007006.201
10000006751734000004684.201
10000003978589000008208.001
10000012339251000005292.001
10000013968421000004806.001
10000002273120000008208.001
10000010930390000003564.001
10000011631658000008208.001
10000003304859000007128.001
10000004143800000007006.201
10000003622293000003564.001
10000017012472000005832.001
10000004653180000007128.001
10000005439133000003564.001
10000017713773000006817.611
10000011104762000007128.001
