REMUNERACIONES FEBRERO/2016    0002326022016
10000003903776000146974.57
10000002288955000003616.801
10000006423408000011464.001
10000010905814000005796.751
10000020542193000003920.001
10000010999601000003920.001
10000020480757000003920.001
10000012084046000011464.001
10000013406736000009029.001
10000009792652000012684.001
10000010960975000003920.001
10000010207640000007742.991
10000008759140000005796.751
10000013878985000003920.001
10000004988678000011464.001
10000015761469000008953.761
10000004646268000007841.001
10000010930390000003920.001
10000008103339000005821.001
10000020536229000003920.001
10000020511586000003920.001
10000016497716000001045.471
10000006211986000008991.381
10000004645781000003903.671
