REMUNERACIONES AGOSTO/2016    0016730082016
10000003903776001196645.10
10000019990999000008507.001
10000016222428000005027.001
10000018515847000005736.001
10000007821544000006899.101
10000004649428000009469.471
10000018539962000004253.001
10000022112051000010910.351
10000011036072000006188.331
10000016304812000006316.001
10000020100892000006184.411
10000004646755000009796.001
10000015052975000006898.921
10000013756701000005736.001
10000019158696000009796.001
10000020542193000004253.001
10000010914419000006316.001
10000020085862000006263.361
10000016714540000005736.001
10000012464280000004235.281
10000019472799000007731.951
10000011049083000008507.001
10000021010537000005374.081
10000012192055000009632.731
10000003964190000012230.401
10000011169071000004253.001
10000012270041000004253.001
10000015463172000004253.001
10000018061626000006316.001
10000018733697000006960.001
10000004284943000009796.001
10000011151242000007797.481
10000021452565000005374.081
10000020806135000006062.611
10000004144551000005736.001
10000014317809000006316.001
10000022357417000005843.201
10000011072331000005027.001
10000004653049000009755.181
10000010973936000007863.001
10000019892400000005027.001
10000013535361000006000.201
10000019116884000006690.301
10000020967440000005027.001
10000018527909000006210.731
10000020786824000005736.001
10000010676506000004253.001
10000013488908000008436.101
10000021472919000005027.001
10000002993562000006960.001
10000017657161000005027.001
10000003165657000008507.001
10000022358366000002947.471
10000013947681000006664.201
10000013244334000007383.401
10000010704422000009319.411
10000007704146000006960.001
10000011349657000008507.001
10000011587009000009191.851
10000020101212000006316.001
10000019241342000007600.891
10000016998392000014203.291
10000004358491000008507.001
10000018880745000012316.201
10000021157157000006316.001
10000021239012000006289.681
10000007033173000009761.201
10000017520714000013534.001
10000007446574000005736.001
10000020129587000006316.001
10000014117663000005736.001
10000010208664000007697.521
10000016990653000007633.661
10000020108961000008507.001
10000011353046000008471.551
10000017230446000006158.101
10000006214568000012438.001
10000010408040000008294.321
10000004284373000008400.661
10000021557729000005774.961
10000022405977000001624.001
10000017200978000004253.001
10000008759140000006289.681
10000003716145000012438.001
10000019479183000006316.001
10000022004216000006289.681
10000020109315000006210.731
10000006531152000009714.361
10000010658752000007830.241
10000017693800000005640.401
10000021784124000006960.001
10000015695212000006844.001
10000012165292000007699.191
10000014023208000005688.201
10000021875006000004253.001
10000004649569000013534.001
10000016702016000006316.001
10000020088650000006205.361
10000014854231000006902.001
10000006427343000009796.001
10000013491274000006844.001
10000014480078000006210.731
10000021263706000005027.001
10000021579616000006258.011
10000010644818000009796.001
10000014617233000006960.001
10000020203167000004253.001
10000009502358000005973.871
10000021908063000004253.001
10000013532820000006931.001
10000003335523000004218.201
10000015464104000004040.351
10000016763943000008365.221
10000002273120000009591.201
10000019319438000007863.001
10000019596028000004253.001
10000021037945000004466.001
10000018430996000003898.591
10000015444586000006960.001
10000017920261000004177.281
10000007687772000009597.931
10000002142317000007863.001
10000015667823000007863.001
10000004869563000014508.081
10000021178525000006838.201
10000018583084000006844.001
10000014798372000007600.901
10000012384058000006857.201
10000006121672000003364.001
10000019795571000006960.001
10000019568390000007797.481
10000012791443000007863.001
10000013894303000007863.001
10000011059735000004253.001
10000013917808000001701.401
10000004003905000009796.001
10000015551521000010819.051
10000004302349000012230.701
10000019909461000006289.681
10000021728669000005856.161
10000019299086000006699.001
10000004649600000008365.211
10000005647223000012438.001
10000003622293000004253.001
10000018428751000004058.071
10000015404936000008507.001
10000017000956000012438.001
10000020227240000005736.001
10000017664091000006316.001
10000018083654000005374.081
10000018416243000006728.001
10000010672405000008507.001
10000004146086000006960.001
10000004921496000008507.001
10000000951330000014386.171
10000003996086000010864.701
10000020604258000004253.001
10000011049166000005027.001
10000021237115000014447.121
10000016992336000004217.561
10000022396499000002921.601
10000011651771000006641.001
10000011055725000007797.481
10000004318403000010956.001
10000005439133000004182.121
10000003492539000008507.001
10000011579121000008046.201
10000010232621000008117.101
