REMUNERACIONES MAYO/2016    0001930052016
10000003903776000115053.91
10000002288955000004253.001
10000006423408000011464.001
10000010905814000005675.471
10000020542193000002221.331
10000010999601000003920.001
10000020480757000004678.301
10000012084046000007877.401
10000010960975000003920.001
10000010207640000008365.211
10000008759140000005821.001
10000013878985000003854.671
10000004646268000007841.001
10000010930390000004253.001
10000008103339000005821.001
10000002281082000013534.001
10000020536229000003805.501
10000020511586000003761.101
10000006211986000009734.931
10000004645781000004253.001
