REMUNERACIONES OCTUBRE/2015    0002428102015
10000003903776000171436.43
10000002288955000003920.001
10000006423408000011464.001
10000010905814000005796.751
10000006615138000007126.211
10000010999601000003564.001
10000012084046000011464.001
10000013406736000009029.001
10000013947681000006281.351
10000009792652000012684.001
10000010960975000003564.001
10000010207640000007546.971
10000007636365000011416.231
10000008759140000005821.001
10000013878985000003920.001
10000004988678000011464.001
10000015761469000006320.301
10000004646268000007841.001
10000003335523000003920.001
10000010930390000003920.001
10000007687772000007841.001
10000008103339000005796.751
10000016497716000007841.001
10000006211986000008974.871
10000004645781000003920.001
