REMUNERACIONES ABRIL/2016    0013729042016
10000003903776001006688.31
10000016735380000006315.971
10000016222428000004859.461
10000007821544000006960.001
10000011049249000008507.001
10000004649428000009755.181
10000018539962000004253.001
10000011036072000006167.881
10000016304812000006316.001
10000020100892000006210.731
10000004646755000009714.371
10000015052975000006907.801
10000013756701000005736.001
10000019158696000009632.731
10000010705727000010956.001
10000020085862000006158.091
10000016714540000005736.001
10000011049083000008454.801
10000021010537000003579.061
10000012192055000009796.001
10000003964190000011194.201
10000012270041000004253.001
10000015463172000004040.351
10000018061626000006316.001
10000018733697000006960.001
10000004284943000009632.731
10000021452565000002736.931
10000004144551000005688.201
10000014317809000006211.171
10000015621316000004253.031
10000011072331000005027.001
10000004653049000009632.731
10000010973936000007469.851
10000019892400000005027.001
10000013535361000006263.361
10000019116884000006852.701
10000020967440000005027.001
10000013979163000005736.001
10000018527909000006289.681
10000020786824000005640.401
10000019340219000006844.001
10000013488908000008408.911
10000002993562000006960.001
10000017657161000004901.321
10000003165657000008507.001
10000013947681000006641.001
10000010704422000009749.601
10000007704146000006960.001
10000011349657000008444.361
10000020101212000006316.001
10000019241342000007731.951
10000016998392000014386.171
10000018880745000012438.001
10000021157157000006316.001
10000021239012000006316.001
10000007033173000009796.001
10000017520714000013534.001
10000007446574000005736.001
10000020129587000006316.001
10000010208664000007830.241
10000016990653000007502.611
10000020108961000008365.221
10000017230446000006058.701
10000006214568000012438.001
10000010408040000008293.361
10000004807232000006210.731
10000004284373000008365.221
10000003716145000012438.001
10000019479183000006315.961
10000020109315000006210.731
10000006531152000009796.001
10000010658752000007863.001
10000017693800000005736.001
10000015695212000006960.001
10000012165292000007633.651
10000014023208000005736.001
10000004649569000013534.001
10000016702016000006085.011
10000020088650000006105.471
10000014854231000006757.001
10000006427343000009796.001
10000013491274000006786.001
10000014480078000006237.481
10000011072406000005683.801
10000010644818000008489.871
10000014617233000006897.361
10000020203167000004253.001
10000013532820000007192.001
10000003335523000004253.001
10000015464104000004111.241
10000019258149000008365.221
10000016763943000008507.001
10000003980196000004244.931
10000019319438000007863.001
10000010489280000007863.001
10000021037945000006931.001
10000010705553000007731.951
10000018430996000004146.681
10000015444586000006960.001
10000004807761000002883.101
10000007687772000009796.001
10000015667823000007863.001
10000004869563000009265.701
10000021178525000006728.001
10000018583084000006844.001
10000014798372000007797.471
10000007212248000004111.231
10000019795571000006960.001
10000012791443000007863.001
10000011059735000004253.001
10000015551521000010956.001
10000004302349000012391.601
10000019909461000006237.051
10000019299086000006844.001
10000004649600000008329.761
10000005647223000012230.701
10000018428751000004093.521
10000015404936000008444.361
10000017000956000012438.001
10000018083654000002736.931
10000018965406000010910.351
10000018416243000006844.001
10000010672405000008365.221
10000004146086000006960.001
10000004921496000008365.221
10000000951330000014583.601
10000003996086000010956.001
10000020604258000004253.001
10000011049166000004943.221
10000020967341000005736.001
10000021237115000014630.001
10000016992336000004217.561
10000012665127000001856.001
10000011651771000006636.361
10000020745698000006907.801
10000004318403000010956.001
10000019059993000003480.001
10000011579121000007904.421
