REMUNERACIONES FEBRERO/2015    0011227022015
10000003903776000722593.90
10000017150660000004212.001
10000016735380000005821.001
10000010474877000006253.001
10000006374396000005796.751
10000016222428000004633.001
10000017037040000004758.301
10000013331222000006415.001
10000018312764000005773.501
10000011574452000006415.001
10000015856640000006450.751
10000011049249000007841.001
10000004649428000007742.991
10000004004218000006069.371
10000011036072000005772.491
10000004646755000008126.101
10000015052975000006415.001
10000013756701000007930.501
10000016714540000005287.001
10000011049083000007808.331
10000012192055000007975.621
10000012270041000003920.001
10000015463172000003920.001
10000018061626000006415.001
10000013534644000007247.001
10000017611167000001095.891
10000004284943000007825.141
10000004144551000005176.851
10000014317809000005821.001
10000017171103000004806.001
10000010973936000007247.001
10000009024980000004212.001
10000003644297000004212.001
10000013535361000005699.731
10000013350206000006281.351
10000013979163000005287.001
10000013488908000007677.651
10000010556485000006120.971
10000017657161000004613.701
10000003165657000007808.331
10000004989840000011464.001
10000015668136000005720.041
10000010704422000008991.381
10000007704146000006388.271
10000011349657000007808.331
10000017520714000012258.001
10000010208664000006129.761
10000015442803000004212.001
10000017230446000005578.451
10000006214568000008407.001
10000010408040000007065.831
10000004807232000005821.031
10000015443257000004212.001
10000004284373000006860.881
10000014234079000006334.811
10000017693800000005287.001
10000015695212000005773.501
10000012165292000007126.211
10000014023208000006388.271
10000012121723000005242.941
10000004649569000012266.101
10000016702016000005264.971
10000015668095000005773.501
10000002745468000012304.151
10000010648034000005773.501
10000006427343000009029.001
10000013491274000005132.021
10000014480078000005821.001
10000011072406000005287.031
10000014617233000006415.001
10000016166973000005821.001
10000017715084000003564.001
10000018179362000005287.001
10000015464104000003838.331
10000016763943000007841.001
10000017707388000003564.001
10000003980196000007298.461
10000010489280000003849.001
10000010705553000006227.921
10000015444586000005559.331
10000015667823000006415.001
10000015482817000004212.001
10000003984445000012585.071
10000014798372000007247.001
10000017599652000004212.001
10000007212248000003919.971
10000012791443000007247.001
10000011049778000007841.001
10000003702780000009029.001
10000015551521000008991.381
10000011063637000007644.981
10000004302349000009266.701
10000004649600000006795.471
10000005703984000006415.001
10000004222349000004806.001
10000004661620000008916.141
10000017334644000004212.001
10000015404936000007841.001
10000010672405000007841.001
10000015444370000004212.001
10000004921496000007841.001
10000003996086000007068.601
10000015473874000006415.001
10000014143999000006415.001
10000011410482000007056.901
10000012665127000004009.371
10000003718208000007841.001
10000015470044000006388.271
10000011651771000006388.271
10000010485402000007095.981
10000006531780000006762.801
10000011579121000007644.981
10000008237542000006147.701
