REMUNERACIONES ENERO/2014    0003231012014
10000003903776000139677.70
10000006423408000009650.001
10000010905814000000980.001
10000010905814000003920.001
10000004649593000001320.001
10000004649593000005280.001
10000010999601000003300.001
10000012084046000009650.001
10000007085405000001700.001
10000007085405000006800.001
10000004649452000001320.001
10000004649452000005280.001
10000014016435000008500.001
10000013406736000006600.001
10000009792652000002270.001
10000009792652000009080.001
10000010960975000003300.001
10000010207640000003740.001
10000006214568000004400.001
10000008759140000004900.001
10000013878985000003300.001
10000004988678000009650.001
10000003335523000000950.401
10000003335523000002494.801
10000013907643000006100.001
10000007687772000001320.001
10000007687772000005280.001
10000008103339000003900.001
10000006229533000003300.001
10000006211986000002692.501
10000010232621000005400.001
10000004645781000000660.001
10000004645781000002640.001
