REMUNERACIONES NOVIEMBRE/2014    0002228112014
10000003903776000124261.20
10000015614006000005832.001
10000016513801000003564.001
10000016676972000008208.001
10000013071109000005832.001
10000009542015000005832.001
10000002902505000004806.001
10000003311375000005187.601
10000011353046000008208.001
10000016075588000003564.001
10000010644818000008208.001
10000003999048000006588.001
10000004452839000004806.001
10000017739729000007776.001
10000005003673000005832.001
10000015426914000005832.001
10000011054173000003564.001
10000015473171000004806.001
10000013917808000007128.001
10000007738947000005727.601
10000014315514000003564.001
10000017011846000003564.001
10000017149233000005832.001
