REMUNERACIONES OCTUBRE/2016    0019031102016
10000003903776001350211.62
10000019990999000008507.001
10000016222428000004440.521
10000022730423000009322.251
10000022749739000004749.191
10000007821544000006960.001
10000004649428000009469.461
10000022660836000004253.001
10000013624891000009357.701
10000018539962000004253.001
10000022112051000010545.151
10000011036072000006263.361
10000022419142000004253.001
10000016304812000006316.001
10000020100892000006316.001
10000004646755000009796.001
10000015052975000006960.001
10000013756701000005736.001
10000019158696000009796.001
10000020542193000004253.001
10000010914419000006026.521
10000020085862000006289.681
10000022508002000006873.001
10000016714540000005736.001
10000012464280000004253.001
10000019472799000007830.241
10000011049083000008507.001
10000021010537000006316.011
10000012192055000009796.001
10000003964190000012438.001
10000011169071000004253.001
10000012270041000004253.001
10000015463172000004253.001
10000018061626000006316.001
10000018733697000006960.001
10000004284943000009796.001
10000011151242000007731.951
10000019038872000004253.001
10000021452565000006316.001
10000020806135000006210.731
10000004144551000005736.001
10000014317809000006071.531
10000022357417000010956.001
10000011072331000005027.001
10000004653049000009796.001
10000010973936000007863.001
10000022577586000006960.001
10000019892400000005027.001
10000013535361000006131.771
10000019116884000006731.021
10000020967440000004859.431
10000018527909000006316.001
10000020786824000005736.001
10000022588955000004253.001
10000020747644000002848.631
10000010676506000004182.121
10000013488908000008258.881
10000021472919000005027.001
10000002993562000006960.001
10000007015022000007863.001
10000017657161000004922.261
10000014034528000006148.001
10000013071109000006351.001
10000003165657000007656.301
10000022358366000006316.001
10000013947681000006873.001
10000013244334000006316.001
10000010704422000009482.031
10000007704146000006960.001
10000011349657000008507.001
10000011587009000007863.001
10000020101212000006316.001
10000019241342000007699.191
10000016998392000014447.121
10000004358491000008507.001
10000018880745000012230.701
10000021157157000006316.001
10000021239012000006316.001
10000007033173000009796.001
10000017520714000011729.471
10000022643709000004820.631
10000007446574000005736.001
10000020129587000006316.001
10000014117663000005688.201
10000010208664000007830.241
10000016990653000007666.431
10000020108961000008507.001
10000022424414000010510.111
10000017230446000006105.461
10000010408040000008187.991
10000004284373000008471.551
10000013196965000006960.001
10000021557729000005896.761
10000022405977000006960.001
10000017200978000004253.001
10000008759140000006289.681
10000003716145000012438.001
10000013774224000006573.601
10000019479183000005976.701
10000022723668000004612.381
10000022004216000006316.001
10000020109315000006316.001
10000006531152000009796.001
10000010658752000007863.001
10000017693800000005640.401
10000021784124000006960.001
10000015695212000006960.001
10000012165292000007805.001
10000014023208000005712.101
10000011005952000004128.961
10000021875006000004253.001
10000004649569000013534.001
10000016702016000006184.411
10000020088650000006126.311
10000014854231000006873.001
10000006427343000009755.181
10000013491274000006670.001
10000014480078000006155.051
10000021263706000005027.001
10000021579616000006231.681
10000010644818000009796.001
10000014617233000006960.001
10000020203167000004253.001
10000009502358000005868.611
10000021908063000004253.001
10000013532820000006931.001
10000004452839000006079.141
10000022513184000005027.001
10000003335523000004253.001
10000015464104000004199.841
10000016763943000008471.551
10000002273120000009632.721
10000019319438000006028.301
10000019596028000004253.001
10000018430996000004004.921
10000015444586000006960.001
10000017920261000004088.681
10000007687772000009393.491
10000002142317000007731.951
10000015667823000007863.001
10000004869563000014630.001
10000021178525000006960.001
10000018583084000006960.001
10000014798372000007764.711
10000012384058000009469.471
10000006121672000006960.001
10000019795571000006960.001
10000019568390000007731.941
10000012791443000007731.951
10000004852055000005804.401
10000013894303000007863.001
10000011059735000004253.001
10000013917808000008507.001
10000004003905000009796.001
10000015551521000010956.001
10000004302349000012438.001
10000019909461000006316.001
10000021728669000005935.111
10000019299086000006844.001
10000004649600000008507.001
10000005647223000012178.871
10000022896118000001624.001
10000003622293000004182.121
10000018428751000004093.521
10000015404936000008365.221
10000017000956000012438.001
10000020227240000005736.001
10000017664091000006316.001
10000018083654000006316.001
10000022805606000004536.531
10000016718831000003969.931
10000018416243000006699.001
10000010672405000008507.001
10000004146086000006389.081
10000004921496000008507.001
10000000951330000013654.701
10000003996086000010773.401
10000020604258000004253.001
10000011049166000005027.001
10000022587022000009714.361
10000021237115000014630.001
10000016992336000004182.121
10000022396499000010956.001
10000011651771000006844.001
10000011055725000007863.001
10000004318403000010773.401
10000005439133000004253.001
10000022882737000002551.801
10000003492539000008755.121
10000011579121000007868.981
10000010232621000008400.661
