REMUNERACIONES NOVIEMBRE/2014    0003228112014
10000003903776000223098.40
10000006423408000010422.001
10000010905814000005292.001
10000004649593000009180.001
10000010999601000002718.901
10000012084046000010422.001
10000007085405000009180.001
10000004649452000007128.001
10000017852795000004039.201
10000014016435000009180.001
10000009761029000008208.001
10000013406736000007128.001
10000014314285000006588.001
10000009792652000011458.001
10000010960975000002875.501
10000010207640000007128.001
10000007636365000010422.001
10000006214568000010422.001
10000008759140000005292.001
10000013878985000003459.601
10000004988678000010422.001
10000015761469000008208.001
10000004646268000006588.001
10000003335523000003459.601
10000007687772000007128.001
10000017594793000005832.001
10000008103339000005292.001
10000015212256000008208.001
10000006229533000004410.001
10000016497716000005832.001
10000006211986000007128.001
10000010232621000006588.001
10000004645781000003459.601
