REMUNERACIONES MAYO/2016    0014530052016
10000003903776001090602.42
10000016735380000006316.001
10000019990999000010208.391
10000016222428000004943.221
10000009803540000005812.431
10000007821544000006960.001
10000011049249000008507.001
10000004649428000009714.371
10000018539962000004253.001
10000011036072000006088.931
10000016304812000006316.001
10000020100892000006316.001
10000004646755000009632.731
10000015052975000006960.001
10000013756701000005736.001
10000019158696000009796.001
10000010705727000010773.201
10000020085862000006210.731
10000016714540000005736.001
10000019472799000003669.401
10000011049083000008454.801
10000021010537000006316.001
10000012192055000009796.001
10000003964190000012438.001
10000012270041000004253.001
10000015463172000004253.001
10000018061626000006316.001
10000018733697000006960.001
10000004284943000009796.001
10000021452565000006316.001
10000004144551000005640.401
10000014317809000006316.001
10000015621316000004253.001
10000011072331000005027.001
10000004653049000009591.911
10000010973936000007863.001
10000019892400000005027.001
10000013535361000006210.721
10000019116884000006852.701
10000020967440000005027.001
10000013979163000005736.001
10000018527909000006289.681
10000020786824000005736.001
10000019340219000006960.001
10000013488908000008507.001
10000021472919000006032.401
10000002993562000006960.001
10000017657161000004909.811
10000003165657000008507.001
10000013947681000006641.001
10000010704422000009708.781
10000007704146000006960.001
10000011349657000008507.001
10000020101212000006316.001
10000019241342000007699.191
10000016998392000014630.001
10000014358491000005671.331
10000018880745000012438.001
10000021157157000006316.001
10000021239012000006316.001
10000007033173000009796.001
10000017520714000013534.001
10000007446574000005736.001
10000020129587000006210.731
10000010208664000007731.941
10000016990653000007666.421
10000020108961000008507.001
10000017230446000006163.971
10000006214568000012230.701
10000010408040000008257.911
10000004807232000006316.001
10000004284373000008471.551
10000021557729000005684.401
10000003716145000012438.001
10000019479183000006316.001
10000020109315000006316.001
10000006531152000009796.001
10000010658752000007863.001
10000017693800000005736.001
10000015695212000006960.001
10000012165292000007797.481
10000005878076000010775.601
10000014023208000005640.401
10000004649569000013534.001
10000016702016000006085.031
10000020088650000006193.851
10000014854231000006779.851
10000006427343000009796.001
10000013491274000006728.001
10000014480078000006316.001
10000011072406000005736.001
10000010644818000009796.001
10000014617233000006960.001
10000020203167000004253.001
10000013532820000006931.001
10000003335523000004253.001
10000015464104000004042.391
10000019258149000008294.321
10000016763943000008507.001
10000003980196000009714.361
10000019319438000007731.951
10000010489280000007863.001
10000021037945000006757.001
10000018430996000004006.951
10000015444586000006960.001
10000004807761000004979.901
10000007687772000009632.731
10000015667823000007731.951
10000004869563000014630.001
10000021178525000006960.001
10000018583084000006902.001
10000014798372000007731.951
10000007212248000004182.121
10000019795571000006960.001
10000019568390000003145.201
10000012791443000007863.001
10000011059735000004253.001
10000004003905000004571.461
10000015551521000010727.751
10000004302349000012391.601
10000019909461000006289.681
10000019299086000006844.001
10000004649600000008471.551
10000005647223000012127.051
10000018428751000003936.061
10000015404936000008384.851
10000017000956000012438.001
10000018083654000006316.001
10000018965406000010590.801
10000018416243000006931.001
10000010672405000008365.221
10000004146086000006960.001
10000004921496000008507.001
10000000951330000014095.931
10000003996086000010773.401
10000020604258000004253.001
10000011049166000004993.591
10000020967341000005736.001
10000021237115000014630.001
10000016992336000004199.841
10000011651771000006612.001
10000011055725000008649.301
10000020745698000006907.801
10000004318403000010956.001
10000019059993000006960.001
10000011579121000008329.771
