REMUNERACIONES NOVIEMBRE/2015    0015527112015
10000003903776001037815.87
10000017150660000004633.001
10000016735380000005821.001
10000019990999000009029.001
10000006374396000006254.621
10000016222428000004633.001
10000017037040000005232.861
10000013331222000006415.001
10000011574452000006334.131
10000007821544000006415.001
10000011049249000007841.001
10000004649428000007460.161
10000018539962000003920.001
10000011036072000005766.861
10000009894614000007786.861
10000016304812000006415.001
10000020100892000005821.001
10000004646755000008974.861
10000015052975000006415.001
10000013756701000005287.001
10000019158696000008991.381
10000010705727000010098.001
10000019879127000004633.001
10000020085862000005675.471
10000016714540000005232.861
10000019472799000006308.081
10000011049083000007786.861
10000012192055000009029.001
10000019391460000007247.001
10000012270041000003920.001
10000015463172000003920.001
10000018061626000006360.861
10000013534644000007247.001
10000018733697000006299.001
10000004284943000009029.001
10000004144551000005264.971
10000014317809000005694.111
10000015621316000003920.001
10000017171103000005287.001
10000011072331000004633.001
10000004653049000008539.941
10000010391972000006415.001
10000010973936000007192.861
10000009024980000004633.001
10000019892400000004633.001
10000013535361000005772.501
10000013350206000006388.271
10000018921466000004633.001
10000019116884000006299.001
10000011069312000011464.001
10000013979163000005287.001
10000018527909000005748.251
10000019340219000006415.001
10000013488908000007590.841
10000002993562000006415.001
10000017657161000004594.401
10000003165657000007808.331
10000019398648000004965.971
10000004989840000011464.001
10000010704422000009029.001
10000007704146000006308.081
10000011349657000007808.331
10000014598615000007247.001
10000020101212000005821.001
10000019241342000006415.001
10000019339501000004633.001
10000016998392000013484.001
10000018880745000011416.231
10000018737160000006415.001
10000017520714000012203.861
10000020129587000006415.001
10000010208664000007096.021
10000016990653000006334.811
10000015442803000004212.001
10000017230446000005796.751
10000004694316000003920.001
10000006214568000011409.861
10000010408040000007780.601
10000004807232000005796.751
10000015443257000004212.001
10000004284373000007742.991
10000013196965000006415.001
10000018850326000005287.001
10000019479183000005821.001
10000020109315000006415.001
10000017693800000005232.861
10000015695212000006415.001
10000017637709000006415.001
10000012165292000007072.081
10000004649569000012474.001
10000016702016000005232.861
10000015668095000006415.001
10000020088650000005821.001
10000014854231000006253.941
10000006427343000009029.001
10000013491274000006281.351
10000014480078000005766.861
10000019104186000006415.001
10000011072406000005287.001
10000014617233000006415.001
10000020203167000004442.671
10000013532820000006361.541
10000017936036000006415.001
10000017715084000001045.331
10000018179362000005232.861
10000015464104000003920.001
10000016763943000007786.861
10000017707388000003920.001
10000003980196000009029.001
10000019319438000007247.001
10000010489280000003849.001
10000010705553000007247.001
10000018430996000003675.001
10000015444586000006360.861
10000015667823000006415.001
10000015482817000004212.001
10000003984445000013429.861
10000004869563000013484.001
10000014798372000007216.801
10000007212248000003920.001
10000019795571000006415.001
10000012791443000007192.861
10000013894303000007247.001
10000011059735000003920.001
10000011049778000007775.661
10000003702780000009029.001
10000015551521000007432.241
10000004302349000011409.861
10000019909461000006415.001
10000019299086000006415.001
10000005703984000006415.001
10000004222349000005287.001
10000004661620000009029.001
10000018428751000003920.001
10000017334644000004633.001
10000015404936000007841.001
10000017000956000011464.001
10000020227240000005815.701
10000018965406000009845.551
10000018416243000006201.161
10000010672405000007841.001
10000015444370000004212.001
10000004146086000006415.001
10000004921496000007841.001
10000000951330000008539.871
10000003996086000009917.621
10000011049166000004633.001
10000016992336000003903.671
10000011410482000007786.861
10000012665127000006415.001
10000003718208000007786.861
10000011651771000006388.271
10000004318403000010043.861
10000019059993000006361.541
10000011579121000007644.981
10000019444087000003920.001
