REMUNERACIONES JUNIO/2014    0010830062014
10000003903776000639534.73
10000006553718000003564.001
10000010474877000005832.001
10000006374396000005292.001
10000014015601000005832.001
10000004495475000009180.001
10000016222428000004212.001
10000011574452000005832.001
10000015856640000006588.001
10000011049249000001606.181
10000004649428000006588.001
10000011036072000004806.001
10000004646755000007128.001
10000013756701000004450.001
10000004029191000005292.001
10000010914419000002646.001
10000016714540000004485.601
10000011049083000007093.201
10000012192055000008208.001
10000012270041000003564.001
10000010618136000003069.001
10000015463172000003564.001
10000010644446000004212.001
10000013534644000006588.001
10000003986508000007128.001
10000004284943000008208.001
10000004144551000004806.001
10000014317809000004806.001
10000010973936000006588.001
10000013535361000005292.001
10000013350206000005832.001
10000010158413000009180.001
10000013488908000006588.001
10000010556485000005832.001
10000014034528000005637.601
10000003165657000006177.601
10000014314285000005832.001
10000004989840000010422.001
10000015668136000005832.001
10000013947681000004246.661
10000010704422000007905.001
10000007704146000005832.001
10000011349657000006588.001
10000011288243000003564.001
10000011436272000005832.001
10000011021031000001544.401
10000010208664000006588.001
10000010659495000008974.501
10000010408040000005400.001
10000004807232000005292.001
10000004284373000007128.001
10000014234079000005832.001
10000004456427000008208.001
10000006531152000007128.001
10000010658752000005832.001
10000015695212000005832.001
10000012165292000005022.001
10000014023208000004485.601
10000012121723000004212.001
10000004649569000010584.001
10000016702016000004485.601
10000003300237000009180.001
10000015668095000005832.001
10000011696256000003564.001
10000015685792000005832.001
10000010648034000005832.001
10000014854231000005832.001
10000006427343000008500.001
10000013491274000005832.001
10000014480078000003285.001
10000011072406000004806.001
10000013497884000003069.001
10000014617233000005797.201
10000016166973000005292.001
10000015464104000003564.001
10000003980196000008208.001
10000009027950000003069.001
10000015444586000005292.001
10000015667823000005832.001
10000004978645000010422.001
10000014798372000005832.001
10000007212248000003564.001
10000012791443000006588.001
10000016135051000005196.601
10000015608554000005832.001
10000011049778000007093.201
10000003702780000008500.001
10000011412264000008208.001
10000014005165000005832.001
10000011063637000007128.001
10000004649600000007128.001
10000005703984000005832.001
10000015404936000006588.001
10000010672405000007128.001
10000004921496000006588.001
10000010557904000001544.401
10000002982359000007219.591
10000003996086000009180.001
10000015473874000005832.001
10000011049166000004450.001
10000011410482000007128.001
10000003718208000006588.001
10000015470044000005292.001
10000011651771000005239.801
10000006531780000007128.001
10000007097450000005998.001
10000003492539000007128.001
10000011579121000006588.001
10000008237542000005832.001
