REMUNERACIONES NOVIEMBRE/2015    0002427112015
10000003903776000171597.80
10000002288955000003920.001
10000006423408000011464.001
10000010905814000005748.241
10000006615138000007186.601
10000010999601000002732.401
10000012084046000011416.201
10000013406736000009029.001
10000013947681000006227.891
10000009792652000012684.001
10000010960975000002732.401
10000010207640000007252.931
10000007636365000011464.001
10000008759140000005699.731
10000013878985000003920.001
10000004988678000011464.001
10000015761469000008577.551
10000004646268000007841.001
10000003335523000003920.001
10000010930390000003920.001
10000007687772000007841.001
10000008103339000005821.001
10000016497716000007841.001
10000006211986000008974.861
10000004645781000003920.001
