REMUNERACIONES ENERO/2016    0009729012016
10000003903776000466526.01
10000016735380000003579.101
10000016222428000002848.601
10000013331222000003944.001
10000007821544000002291.001
10000011049249000007656.301
10000004649428000008612.321
10000018539962000003827.701
10000011036072000005342.271
10000009894614000007742.991
10000016304812000003342.211
10000015052975000004640.001
10000013756701000004971.201
10000019158696000005510.281
10000010705727000005843.201
10000020085862000003500.151
10000016714540000005162.401
10000011049083000007656.301
10000012270041000003827.701
10000018061626000003579.101
10000013534644000003145.201
10000018733697000002320.001
10000004144551000004588.801
10000014317809000005052.801
10000015621316000002410.001
10000004653049000005142.891
10000010973936000007076.701
10000013535361000005105.441
10000019116884000002320.001
10000011069312000006426.301
10000013979163000003250.401
10000018527909000002657.951
10000020786824000003059.201
10000013488908000005529.521
10000017657161000002010.801
10000003165657000006805.601
10000013947681000002726.001
10000010704422000008489.871
10000007704146000006119.001
10000011349657000005671.301
10000020101212000003368.531
10000018880745000004146.001
10000007033173000003918.401
10000017520714000004511.331
10000016990653000004619.511
10000020108961000004820.601
10000017230446000005723.991
10000006214568000011194.201
10000010408040000004678.811
10000004807232000004210.701
10000018850326000003059.201
10000019479183000004184.381
10000020109315000003789.601
10000006531152000003918.401
10000017693800000005162.401
10000012165292000006847.371
10000014023208000002485.601
10000016702016000005684.401
10000020088650000005684.401
10000014854231000006148.001
10000006427343000005551.071
10000013491274000003828.001
10000014480078000005026.481
10000011072406000003824.001
10000014617233000003712.001
10000020203167000001417.671
10000013532820000006415.001
10000003335523000001701.201
10000015464104000002534.081
10000016763943000005671.301
10000010489280000005242.001
10000010705553000005110.951
10000018430996000002675.881
10000007687772000005551.071
10000015667823000005242.001
10000004869563000011216.301
10000014798372000006945.651
10000007212248000002835.301
10000012791443000004717.801
10000011059735000002551.801
10000015551521000009860.401
10000004302349000004146.001
10000019909461000002710.581
10000019299086000003683.001
10000004649600000003402.801
10000018428751000002480.921
10000015404936000007656.301
10000017000956000006633.601
10000018965406000005843.201
10000018416243000003886.001
10000010672405000007656.301
10000004921496000007656.301
10000011049166000002848.601
10000016992336000002463.201
10000012665127000003944.001
10000011651771000006032.001
10000019059993000004611.001
10000011579121000007301.851
