REMUNERACIONES SEPTIEMBRE/2014    0002230092014
10000003903776000122465.36
10000015614006000005832.001
10000016513801000003564.001
10000016676972000008208.001
10000013071109000005832.001
10000009542015000005832.001
10000002902505000004806.001
10000003311375000005292.001
10000011353046000008131.441
10000016075588000003564.001
10000010644818000008131.441
10000003999048000006588.001
10000004452839000004806.001
10000007859131000008208.001
10000005003673000003778.161
10000015426914000005832.001
10000011054173000003564.001
10000015473171000004729.441
10000013917808000007051.441
10000007738947000005755.441
10000014315514000003564.001
10000017011846000003564.001
10000017149233000005832.001
