REMUNERACIONES SEPTIEMBRE/2016    0018129092016
10000003903776001299209.49
10000019990999000008507.001
10000016222428000004859.441
10000018515847000001338.401
10000007821544000006899.101
10000004649428000009265.381
10000022660836000002268.261
10000018539962000004253.001
10000022112051000010864.701
10000011036072000006210.731
10000022419142000005387.131
10000016304812000006210.731
10000020100892000006316.001
10000004646755000009632.731
10000015052975000006844.001
10000013756701000005736.001
10000019158696000009796.001
10000020542193000004253.001
10000010914419000006316.001
10000020085862000006150.041
10000022508002000006844.001
10000016714540000005736.001
10000012464280000004235.281
10000019472799000007863.001
10000011049083000008507.001
10000021010537000006316.001
10000012192055000009632.731
10000003964190000012438.001
10000011169071000004253.001
10000012270041000004182.121
10000015463172000004111.231
10000018061626000006316.001
10000018733697000006960.001
10000004284943000009796.001
10000011151242000007764.711
10000019038872000004536.501
10000021452565000006316.001
10000020806135000006000.201
10000004144551000005736.001
10000014317809000006210.731
10000022357417000010956.001
10000011072331000005027.001
10000004653049000009632.731
10000010973936000007863.001
10000022577586000006960.001
10000019892400000005027.001
10000013535361000006210.731
10000019116884000006690.301
10000020967440000005027.001
10000018527909000006052.831
10000020786824000005736.001
10000022588955000004253.001
10000010676506000004253.001
10000013488908000008507.001
10000021472919000005027.001
10000002993562000006960.001
10000007015022000006028.301
10000017657161000004859.441
10000014034528000004408.001
10000013071109000008584.001
10000003165657000008507.001
10000022358366000006316.001
10000013947681000006873.001
10000013244334000006316.001
10000010704422000009482.031
10000007704146000006960.001
10000011349657000008507.001
10000011587009000007863.001
10000020101212000005973.881
10000019241342000007863.001
10000016998392000014569.041
10000004358491000008507.001
10000018880745000012230.701
10000021157157000006316.001
10000021239012000006105.471
10000007033173000009796.001
10000017520714000013534.001
10000022643709000005104.201
10000007446574000005736.001
10000020129587000006210.731
10000014117663000005736.001
10000010208664000007731.951
10000016990653000007568.141
10000020108961000008223.431
10000022424414000010510.111
10000011353046000001984.971
10000017230446000006237.041
10000006214568000012438.001
10000010408040000008365.211
10000004284373000008436.101
10000013196965000002552.001
10000021557729000006002.031
10000022405977000006960.001
10000017200978000004253.001
10000008759140000006316.001
10000003716145000012438.001
10000019479183000006316.001
10000022004216000006289.681
10000020109315000006316.001
10000006531152000009796.001
10000010658752000007863.001
10000017693800000005736.001
10000021784124000006960.001
10000015695212000006844.001
10000012165292000007641.181
10000014023208000005712.101
10000011005952000003083.431
10000021875006000004253.001
10000004649569000013534.001
10000016702016000006316.001
10000020088650000006258.001
10000014854231000006786.001
10000006427343000009796.001
10000013491274000006728.001
10000014480078000006289.681
10000021263706000005027.001
10000021579616000006258.001
10000010644818000009796.001
10000014617233000006960.001
10000020203167000004253.001
10000009502358000006079.151
10000021908063000004253.001
10000013532820000006960.001
10000004452839000004000.131
10000022513184000005027.001
10000003335523000004182.121
10000015464104000004182.121
10000016763943000008507.001
10000002273120000009347.011
10000019596028000004253.001
10000018430996000004004.911
10000015444586000006960.001
10000017920261000004017.801
10000007687772000009393.481
10000002142317000007863.001
10000015667823000007863.001
10000004869563000014142.331
10000021178525000006960.001
10000018583084000006960.001
10000014798372000007502.601
10000012384058000009796.001
10000006121672000006844.001
10000019795571000006960.001
10000019568390000007863.001
10000012791443000007863.001
10000013894303000007863.001
10000011059735000004253.001
10000013917808000008507.001
10000004003905000009796.001
10000015551521000010773.401
10000004302349000012438.001
10000019909461000006316.001
10000021728669000005908.791
10000019299086000006757.001
10000004649600000008365.221
10000005647223000012438.001
10000003622293000004111.231
10000018428751000003916.321
10000015404936000008507.001
10000017000956000012438.001
10000020227240000005736.001
10000017664091000006316.031
10000018083654000006316.001
10000018416243000006409.001
10000010672405000008507.001
10000004146086000006389.081
10000004921496000008507.001
10000000951330000014386.171
10000003996086000010956.001
10000020604258000004253.001
10000011049166000004943.221
10000022587022000012081.731
10000021237115000014325.171
10000016992336000004148.281
10000022396499000010956.001
10000011651771000006960.001
10000011055725000007863.001
10000004318403000010956.001
10000005439133000004253.001
10000003492539000008223.431
10000011579121000007787.201
10000010232621000008507.001
