REMUNERACIONES JUNIO/2016    0001830062016
10000003903776000111607.07
10000002288955000004182.121
10000006423408000011464.001
10000010905814000005723.991
10000010999601000003920.001
10000020480757000004253.001
10000012084046000012438.001
10000010960975000003920.001
10000010207640000008152.551
10000008759140000002328.401
10000013878985000003920.001
10000004646268000005227.331
10000010930390000004253.001
10000008103339000005796.751
10000002281082000013534.001
10000020536229000004253.001
10000020511586000004253.001
10000006211986000009734.931
10000004645781000004253.001
