REMUNERACIONES AGOSTO/2015    0014631082015
10000003903776000932720.44
10000016735380000005821.001
10000010474877000006415.001
10000006374396000006415.001
10000018859914000000641.501
10000016222428000004633.001
10000017037040000005463.231
10000013331222000006415.001
10000011574452000006361.541
10000007821544000006275.801
10000011049249000007841.001
10000004649428000007187.601
10000018539962000003920.001
10000004004218000001872.131
10000011036072000005651.221
10000009894614000007841.001
10000016304812000006415.001
10000004646755000009029.001
10000015052975000006415.001
10000013756701000005287.001
10000019158696000009029.001
10000010705727000010098.001
10000016714540000005287.001
10000011049083000007841.001
10000012192055000009029.001
10000019391460000007247.001
10000012270041000003920.001
10000015463172000003920.001
10000018061626000006254.221
10000013534644000007247.001
10000018733697000006275.801
10000004284943000009029.001
10000004144551000005198.881
10000014317809000005821.001
10000015621316000003920.001
10000017171103000004806.001
10000004653049000009029.001
10000010391972000006415.001
10000010973936000007247.001
10000009024980000004212.001
10000013535361000005772.491
10000013350206000006067.521
10000018921466000004633.001
10000019116884000006275.801
10000013979163000005287.001
10000018527909000005772.501
10000013488908000007544.711
10000017657161000004613.701
10000003165657000007841.001
10000004989840000011464.001
10000010704422000008690.421
10000007704146000006361.541
10000011349657000007675.391
10000014598615000007247.001
10000019241342000006415.001
10000019339501000004633.001
10000016998392000013484.001
10000018880745000011464.001
10000018737160000006415.001
10000017520714000012258.001
10000010208664000001932.531
10000016990653000006334.811
10000015442803000004212.001
10000017230446000005699.731
10000004694316000003920.001
10000006214568000011331.061
10000010408040000007369.631
10000004807232000005821.001
10000015443257000004212.001
10000004284373000007677.651
10000018850326000005287.001
10000019479183000005432.931
10000014234079000006281.351
10000017693800000005287.001
10000015695212000006415.001
10000017637709000006415.001
10000012165292000007216.801
10000012121723000005176.851
10000004649569000012474.001
10000016702016000005287.001
10000015668095000006414.171
10000010648034000002084.211
10000014854231000006278.401
10000006427343000009029.001
10000013491274000006361.501
10000014480078000005796.751
10000019104186000006415.001
10000011072406000005287.001
10000014617233000006415.001
10000013532820000006308.081
10000017715084000003920.001
10000018179362000005287.001
10000015464104000003920.001
10000019258149000010055.921
10000016763943000007784.621
10000017707388000003920.001
10000003980196000009029.001
10000019319438000007247.001
10000010705553000007247.001
10000018430996000003805.671
10000015444586000006415.331
10000015667823000001710.671
10000015482817000004212.001
10000003984445000013484.001
10000004620353000000109.911
10000004869563000013484.001
10000018700315000006147.701
10000014798372000007096.021
10000007212248000003920.001
10000018897592000000784.101
10000005689134000006415.001
10000012791443000007247.001
10000013894303000007247.001
10000019491913000004062.831
10000011059735000003920.001
10000011049778000007841.001
10000003702780000009029.001
10000015551521000009029.001
10000011063637000007677.651
10000004302349000011464.001
10000019299086000006415.001
10000004649600000002613.701
10000005703984000006415.001
10000004222349000004806.001
10000004661620000009029.001
10000018428751000003805.661
10000017334644000004212.001
10000015404936000007708.061
10000018965406000010098.001
10000018416243000006415.001
10000010672405000007708.061
10000015444370000004212.001
10000004921496000007680.221
10000003996086000010055.921
10000011049166000004610.971
10000014143999000006334.811
10000016992336000003805.661
10000017678406000001069.201
10000003718208000007708.061
10000015470044000006254.621
10000011651771000006254.621
10000010485402000002174.101
10000004318403000010098.001
10000019059993000006415.001
10000011579121000007710.321
10000008237542000006388.271
10000019444087000003397.331
