REMUNERACIONES SEPTIEMBRE/2015    0002430092015
10000003903776000173036.22
10000002288955000003920.001
10000006423408000010213.401
10000010905814000005723.991
10000006615138000007216.801
10000010999601000003564.001
10000012084046000011416.231
10000013406736000006969.731
10000013947681000006227.891
10000009792652000012684.001
10000010960975000003564.001
10000010207640000007514.301
10000007636365000011416.231
10000008759140000005821.001
10000013878985000003480.531
10000004988678000011464.001
10000015761469000011850.571
10000004646268000007813.551
10000003335523000003920.001
10000010930390000003920.001
10000007687772000007841.001
10000008103339000005796.751
10000016497716000007841.001
10000006211986000008937.251
10000004645781000003920.001
