REMUNERACIONES JUNIO/2016    0015630062016
10000003903776001129427.52
10000016735380000006316.001
10000019990999000008507.001
10000016222428000004859.431
10000018515847000004397.601
10000009803540000004253.001
10000007821544000006960.001
10000011049249000008507.001
10000004649428000009142.981
10000018539962000004253.001
10000011036072000006083.071
10000016304812000006316.001
10000020100892000006316.001
10000004646755000009632.741
10000015052975000006960.001
10000013756701000005736.001
10000019158696000009761.171
10000020542193000001275.901
10000020085862000006237.051
10000016714540000005736.001
10000019472799000007699.191
10000011049083000008507.001
10000021010537000006316.001
10000012192055000009796.001
10000003964190000012438.001
10000011169071000003118.871
10000012270041000004253.001
10000015463172000004253.001
10000018061626000006281.201
10000018733697000006960.001
10000004284943000009796.001
10000021452565000006316.001
10000020806135000005052.801
10000004144551000005544.801
10000014317809000006316.001
10000011072331000005027.001
10000004653049000009591.911
10000010973936000007863.001
10000019892400000005027.001
10000013535361000006052.831
10000019116884000006960.001
10000020967440000005027.001
10000013979163000005736.001
10000018527909000006316.031
10000020786824000005640.401
10000010676506000003118.871
10000013488908000008259.561
10000021472919000005027.001
10000002993562000006960.001
10000017657161000004993.591
10000003165657000008507.001
10000013947681000006496.001
10000010704422000009632.731
10000007704146000006960.001
10000011349657000008472.231
10000020101212000006316.001
10000019241342000007830.241
10000016998392000014630.001
10000004358491000008507.001
10000018880745000012438.001
10000021157157000006316.001
10000021239012000006263.361
10000007033173000009796.001
10000017520714000013534.001
10000007446574000005736.001
10000020129587000006316.001
10000014117663000004397.601
10000010208664000007830.241
10000016990653000007797.481
10000020108961000008472.231
10000011353046000006522.031
10000017230446000006158.101
10000006214568000012229.221
10000010408040000008365.241
10000004284373000008471.551
10000021557729000006316.001
10000017200978000004253.001
10000008759140000001894.801
10000003716145000012438.001
10000019479183000006210.731
10000020109315000006316.001
10000006531152000009796.001
10000010658752000007731.951
10000017693800000005736.001
10000021784124000006373.851
10000015695212000006960.001
10000012165292000007600.901
10000005878076000008816.401
10000014023208000005592.601
10000021875006000003118.871
10000004649569000013534.001
10000016702016000006158.101
10000020088650000006263.371
10000014854231000006728.001
10000006427343000009796.031
10000013491274000006612.001
10000014480078000006316.001
10000021579616000007739.201
10000010644818000009796.001
10000014617233000006960.001
10000020203167000004253.001
10000009502358000007261.261
10000021908063000004253.001
10000013532820000006960.001
10000003335523000004253.001
10000015464104000004060.111
10000016763943000008472.231
10000002273120000008040.881
10000003980196000009755.181
10000019319438000007863.001
10000019596028000003118.861
10000021037945000006641.001
10000018430996000003971.511
10000015444586000006960.001
10000017920261000004253.001
10000007687772000009795.991
10000015667823000007863.001
10000004869563000014630.001
10000021178525000006960.001
10000018583084000006815.001
10000014798372000007568.141
10000019795571000006960.001
10000019568390000007600.901
10000012791443000007863.001
10000011059735000004253.001
10000004003905000009796.001
10000015551521000010864.701
10000004302349000012230.701
10000019909461000006184.441
10000021728669000006316.001
10000019299086000006960.001
10000004649600000008507.001
10000005647223000012386.171
10000003622293000003118.871
10000018428751000004024.671
10000015404936000008472.201
10000017000956000012386.171
10000020227240000004397.601
10000018083654000006316.001
10000018965406000010956.001
10000018416243000006931.001
10000010672405000008472.201
10000004146086000006960.001
10000004921496000008472.201
10000000951330000014630.001
10000003996086000010819.051
10000020604258000004253.001
10000011049166000004993.591
10000020967341000005736.001
10000021237115000014508.121
10000016992336000004217.561
10000011651771000006670.001
10000011055725000007863.001
10000020745698000006960.001
10000004318403000010956.001
10000005439133000003118.871
10000011579121000007975.311
