REMUNERACIONES JULIO/2015    0014631072015
10000003903776000952478.06
10000016735380000005821.001
10000010474877000006415.001
10000006374396000006388.271
10000018859914000006415.001
10000016222428000004787.431
10000017037040000005176.851
10000013331222000006415.001
10000011574452000006415.001
10000018428983000003822.001
10000007821544000006415.001
10000011049249000007841.001
10000004649428000007612.251
10000018539962000003920.071
10000004004218000007216.801
10000011036072000005772.501
10000009894614000007841.001
10000016304812000006415.001
10000004646755000008991.381
10000015052975000006415.001
10000013756701000005287.001
10000019158696000009029.001
10000010705727000010098.001
10000016714540000005286.961
10000011049083000007841.001
10000012192055000002708.701
10000019391460000006039.171
10000012270041000003920.001
10000015463172000003920.001
10000018061626000006415.001
10000013534644000007247.001
10000018733697000006415.001
10000004284943000009029.001
10000004144551000005264.261
10000014317809000005796.751
10000015621316000003920.001
10000017171103000004806.001
10000004653049000003009.671
10000010391972000006415.001
10000010973936000007247.001
10000009024980000004212.001
10000013535361000005796.751
10000013350206000006227.051
10000018921466000004633.001
10000019116884000006415.001
10000013979163000005287.001
10000018527909000005821.001
10000013488908000007644.981
10000017657161000004633.001
10000003165657000007840.991
10000004989840000011464.001
10000010704422000008878.521
10000007704146000006415.001
10000011349657000007710.321
10000014598615000006039.171
10000019241342000007860.521
10000019339501000002316.501
10000016998392000008090.401
10000018880745000011464.001
10000018737160000006415.001
10000017520714000012223.201
10000010208664000007247.001
10000016990653000006334.811
10000015442803000004212.001
10000017230446000005772.501
10000006214568000011464.001
10000010408040000007780.601
10000004807232000005821.001
10000015443257000004212.001
10000004284373000007626.021
10000018850326000005287.001
10000014234079000006227.891
10000010658752000001069.171
10000017693800000005287.001
10000015695212000006415.001
10000017637709000004918.171
10000012165292000007156.411
10000012121723000005220.911
10000004649569000012474.001
10000016702016000005287.001
10000015668095000006415.001
10000010648034000006415.001
10000014854231000006254.621
10000006427343000009029.001
10000013491274000006201.161
10000014480078000005796.751
10000019104186000006415.001
10000011072406000005287.001
10000014617233000006602.091
10000016166973000003298.561
10000013532820000006415.001
10000017715084000001960.001
10000018179362000005287.001
10000015464104000000522.671
10000019258149000010098.001
10000016763943000007841.001
10000017707388000001960.001
10000003980196000009029.001
10000019319438000006039.171
10000010705553000007247.001
10000018430996000003821.991
10000015444586000006415.001
10000015667823000006415.001
10000015482817000004212.001
10000003984445000013484.001
10000004620353000006227.891
10000004869563000013484.001
10000018700315000006281.351
10000014798372000007186.601
10000007212248000003920.001
10000018897592000007841.001
10000005689134000006415.001
10000012791443000007247.001
10000013894303000007247.001
10000011059735000002874.671
10000011049778000007840.931
10000003702780000009029.001
10000015551521000009029.001
10000011063637000007775.661
10000004302349000011464.001
10000019299086000004918.171
10000004649600000007691.361
10000005703984000006414.161
10000004222349000004806.001
10000004661620000009029.001
10000018428751000003838.331
10000017334644000004212.001
10000015404936000007841.001
10000018965406000010055.921
10000018416243000006184.271
10000010672405000007841.001
10000015444370000004212.001
10000004921496000007841.001
10000003996086000010055.921
10000011049166000001698.771
10000014143999000006415.001
10000016992336000003838.331
10000011410482000007841.001
10000017678406000006415.001
10000003718208000007841.001
10000015470044000006254.621
10000011651771000006201.161
10000010485402000007247.001
10000004318403000010098.001
10000019059993000006415.001
10000011579121000007677.651
10000008237542000006281.351
