REMUNERACIONES JULIO/2015    0002331072015
10000003903776000158099.35
10000006423408000010422.001
10000010905814000005675.471
10000006615138000007216.801
10000010999601000003564.001
10000012084046000011464.001
10000013406736000007128.001
10000013947681000006308.081
10000009792652000012684.001
10000010960975000003564.001
10000010207640000007285.601
10000007636365000011464.001
10000008759140000005796.751
10000013878985000003564.001
10000004988678000011464.001
10000004646268000006588.001
10000003335523000003920.001
10000010930390000003920.001
10000007687772000007710.321
10000008103339000005821.001
10000006229533000001782.001
10000016497716000007808.331
10000006211986000009029.001
10000004645781000003920.001
