REMUNERACIONES DICIEMBRE/2015    0002828122015
10000003903776000186784.32
10000002288955000003920.001
10000006423408000011464.001
10000010905814000005796.751
10000020542193000001698.671
10000006615138000007035.621
10000010999601000004442.671
10000020480757000004442.671
10000012084046000011416.231
10000013406736000008785.401
10000013947681000006227.891
10000009792652000011785.061
10000010960975000004442.671
10000010207640000007252.931
10000007636365000011464.001
10000008759140000005457.191
10000013878985000003920.001
10000004988678000011464.001
10000015761469000008840.901
10000004646268000007841.001
10000003335523000003920.001
10000010930390000003920.001
10000007687772000007841.001
10000008103339000005821.001
10000020536229000003658.671
10000020511586000003136.001
10000016497716000007841.001
10000006211986000009029.001
10000004645781000003920.001
