REMUNERACIONES ENERO/2015    0002330012015
10000003903776000126568.93
10000004649618000008415.001
10000015614006000004704.331
10000011169071000003136.001
10000003979371000005345.831
10000011664477000005345.831
10000010472657000005345.831
10000013053660000008415.001
10000013225821000004405.831
10000004530156000006534.171
10000010676506000002476.001
10000007033173000006534.171
10000014117663000004405.831
10000011353046000006621.271
10000006751734000004405.831
10000003978589000007524.171
10000013968421000004850.831
10000002273120000007524.171
10000017739729000004704.331
10000003304859000006534.171
10000004143800000006534.171
10000003622293000003136.001
10000004653180000006534.171
10000005439133000003136.001
