REMUNERACIONES SEPTIEMBRE/2015    0015130092015
10000003903776000990235.35
10000017150660000003397.531
10000016735380000005821.001
10000006374396000006388.271
10000016222428000004633.001
10000017037040000005232.871
10000013331222000006415.001
10000011574452000006360.871
10000007821544000006415.001
10000011049249000007841.001
10000004649428000007322.501
10000018539962000003920.001
10000011036072000005674.301
10000009894614000007786.871
10000016304812000006415.001
10000004646755000008974.871
10000015052975000006415.001
10000013756701000005287.001
10000019158696000009029.001
10000010705727000010098.001
10000019879127000004633.001
10000016714540000005232.871
10000019472799000007056.501
10000011049083000007786.871
10000012192055000009029.001
10000019391460000007216.801
10000012270041000003920.001
10000015463172000003920.001
10000018061626000006360.871
10000013534644000007247.001
10000018733697000006415.001
10000004284943000008991.381
10000004144551000005242.941
10000014317809000005742.621
10000015621316000003920.001
10000017171103000005110.771
10000004653049000008803.281
10000010391972000006415.031
10000010973936000007192.871
10000009024980000004633.001
10000019892400000002625.371
10000013535361000005675.481
10000013350206000006361.541
10000018921466000004633.001
10000019116884000006415.001
10000011069312000003439.201
10000013979163000005287.001
10000018527909000005821.001
10000019340219000002138.331
10000013488908000007590.851
10000017657161000004613.701
10000003165657000007841.001
10000004989840000011464.001
10000010704422000008991.381
10000007704146000006415.001
10000011349657000007710.321
10000014598615000007247.001
10000019241342000006415.001
10000019339501000004633.001
10000016998392000013484.001
10000018880745000011463.971
10000018737160000006415.001
10000017520714000012203.871
10000010208664000007126.221
10000016990653000006415.001
10000015442803000004212.001
10000017230446000005748.251
10000004694316000003920.001
10000006214568000011409.871
10000010408040000007659.831
10000004807232000005821.001
10000015443257000004212.001
10000004284373000007710.321
10000013196965000002993.671
10000018850326000005287.001
10000019479183000005821.001
10000014234079000006415.001
10000017693800000005232.871
10000015695212000006415.001
10000017637709000006388.271
10000012165292000007072.081
10000012121723000005188.811
10000004649569000012474.001
10000016702016000005232.871
10000015668095000006415.001
10000014854231000006173.761
10000006427343000009029.001
10000013491274000006120.971
10000014480078000005766.871
10000019104186000006415.001
10000011072406000005287.001
10000014617233000006415.001
10000013532820000006388.271
10000017936036000006415.001
10000017715084000003920.001
10000018179362000005287.001
10000015464104000003903.671
10000019258149000010055.921
10000016763943000007754.201
10000017707388000003920.001
10000003980196000009029.001
10000019319438000007247.001
10000010705553000007086.621
10000018430996000003789.341
10000015444586000006360.871
10000015667823000006415.001
10000015482817000004212.001
10000003984445000013429.871
10000004869563000013484.001
10000018700315000006388.271
10000014798372000007126.201
10000007212248000003920.001
10000019795571000004704.331
10000005689134000006415.001
10000012791443000007192.871
10000013894303000007247.001
10000019491913000006415.001
10000011059735000003920.001
10000011049778000007808.331
10000003702780000009029.001
10000015551521000008974.871
10000004302349000011409.871
10000019909461000001710.671
10000019299086000006415.001
10000004649600000007742.991
10000005703984000006415.001
10000004222349000005110.771
10000004661620000008878.521
10000018428751000003920.001
10000017334644000005110.401
10000015404936000007841.001
10000017000956000003439.201
10000018965406000009929.701
10000018416243000006415.001
10000010672405000007841.001
10000015444370000004212.001
10000004146086000007270.331
10000004921496000007841.001
10000003996086000010043.871
10000011049166000004610.971
10000014143999000006415.001
10000016992336000003805.681
10000011410482000007786.871
10000012665127000001710.671
10000003718208000007786.871
10000015470044000006415.001
10000011651771000006308.081
10000004318403000009959.721
10000019059993000006415.001
10000011579121000007742.991
10000008237542000006415.001
10000019444087000003920.001
