REMUNERACIONES ABRIL/2015    0002430042015
10000003903776000163515.90
10000006423408000010422.001
10000010905814000005626.961
10000010999601000003564.001
10000012084046000011464.001
10000013406736000006846.001
10000013947681000004891.431
10000009792652000012684.001
10000010960975000003564.001
10000010207640000007644.981
10000007636365000011464.001
10000008759140000003845.401
10000013878985000003564.001
10000004988678000011464.001
10000015761469000005745.601
10000004646268000006588.001
10000003335523000003920.001
10000007687772000007841.001
10000017594793000005734.801
10000008103339000005699.731
10000006229533000003564.001
10000016497716000007841.001
10000006211986000009029.001
10000010232621000006588.001
10000004645781000003920.001
