REMUNERACIONES MARZO/2015    0012031032015
10000003903776000771261.92
10000017150660000004212.001
10000016735380000005821.001
10000010474877000006253.001
10000006374396000005431.961
10000016222428000004633.001
10000017037040000005287.001
10000013331222000006415.001
10000018312764000006415.001
10000011574452000006361.541
10000018428983000002744.001
10000011049249000007841.001
10000004649428000007514.361
10000018539962000002874.671
10000004004218000007186.601
10000011036072000005748.241
10000004646755000008878.521
10000015052975000006415.001
10000013756701000005287.001
10000016714540000005110.801
10000011049083000007841.001
10000012192055000009029.001
10000012270041000003920.001
10000015463172000003920.001
10000018061626000006415.001
10000013534644000007247.001
10000004284943000009029.001
10000004144551000005220.911
10000014317809000005796.751
10000015621316000005618.671
10000017171103000004806.001
10000010391972000005345.831
10000010973936000007247.001
10000009024980000004212.001
10000003644297000004212.001
10000013535361000005796.751
10000013350206000006361.541
10000013979163000005287.001
10000018527909000001552.271
10000013488908000007775.661
10000010556485000006281.351
10000017657161000004517.171
10000003165657000007841.001
10000004989840000011081.901
10000015668136000006201.171
10000010704422000008916.141
10000007704146000006254.621
10000011349657000007808.331
10000017520714000012258.001
10000010208664000007186.611
10000015442803000004212.001
10000017230446000005626.961
10000006214568000011464.001
10000010408040000007216.801
10000004807232000005820.971
10000015443257000004212.001
10000004284373000007653.861
10000014234079000006308.081
10000010658752000005345.831
10000017693800000005287.001
10000015695212000006308.081
10000012165292000006492.301
10000012121723000005264.971
10000004649569000012474.001
10000016702016000005264.971
10000015668095000006415.001
10000002745468000013315.451
10000010648034000006415.001
10000014854231000006388.271
10000006427343000008728.001
10000013491274000006254.621
10000014480078000005821.001
10000011072406000005264.941
10000014617233000006415.001
10000016166973000005821.001
10000013532820000001710.671
10000017715084000003564.001
10000018179362000005287.001
10000015464104000003821.991
10000016763943000007841.001
10000017707388000003564.001
10000003980196000008803.281
10000010489280000005345.901
10000010705553000005319.141
10000018430996000002744.001
10000015444586000006415.001
10000015667823000006415.001
10000015482817000004212.001
10000003984445000013484.001
10000014798372000007247.001
10000017599652000004212.001
10000007212248000003920.031
10000012791443000007247.001
10000011049778000007579.701
10000003702780000008690.381
10000015551521000009029.001
10000011063637000007808.331
10000004302349000011464.001
10000004649600000007318.301
10000005703984000006415.001
10000004222349000004806.001
10000004661620000008916.141
10000018428751000002744.001
10000017334644000004212.001
10000015404936000007841.001
10000018416243000005821.001
10000010672405000007808.331
10000015444370000004212.001
10000004921496000007841.001
10000003996086000009971.771
10000015473874000006361.541
10000011049166000003877.131
10000014143999000006388.271
10000011410482000007841.001
10000003718208000007841.001
10000015470044000006415.001
10000011651771000006334.811
10000010485402000006009.331
10000006531780000007841.001
10000011579121000007481.631
10000008237542000006040.791
