REMUNERACIONES JUNIO/2015    0013330062015
10000003903776000862907.19
10000017150660000001263.601
10000010474877000006415.001
10000006374396000006388.271
10000018859914000006415.001
10000017037040000005000.621
10000013331222000006415.001
10000011574452000006415.001
10000018428983000003871.011
10000007821544000002566.001
10000011049249000007841.001
10000004649428000007546.971
10000018539962000003920.001
10000004004218000007156.411
10000011036072000005748.241
10000009894614000008945.271
10000016304812000006415.001
10000004646755000009029.001
10000015052975000006415.001
10000013756701000005287.001
10000019158696000004514.501
10000010705727000010098.001
10000016714540000005287.001
10000011049083000007841.001
10000012192055000009029.001
10000012270041000003920.001
10000015463172000003920.001
10000018061626000006362.801
10000013534644000007247.001
10000018733697000006415.001
10000004284943000009029.001
10000004144551000005264.971
10000014317809000005796.751
10000015621316000003920.001
10000017171103000004806.001
10000010391972000001069.171
10000010973936000007224.851
10000009024980000004212.001
10000013535361000005796.751
10000013350206000006147.701
10000018921466000004633.001
10000019116884000002566.001
10000013979163000005287.001
10000018527909000005796.751
10000013488908000007579.641
10000017657161000004613.701
10000003165657000007841.001
10000004989840000011081.871
10000010704422000008557.401
10000007704146000006388.271
10000011349657000007742.991
10000018880745000011464.001
10000018737160000006415.001
10000017520714000012258.001
10000010208664000007156.411
10000016990653000006388.271
10000017230446000005796.751
10000006214568000011416.131
10000010408040000005358.941
10000004807232000005821.001
10000015443257000004212.001
10000004284373000007710.321
10000018850326000005287.001
10000014234079000006281.351
10000017693800000005287.001
10000015695212000006415.001
10000012165292000006884.641
10000012121723000005242.941
10000004649569000011850.301
10000016702016000005198.881
10000015668095000006415.001
10000010648034000006415.001
10000014854231000006334.811
10000006427343000008933.601
10000013491274000006067.521
10000014480078000005796.751
10000019104186000003421.331
10000011072406000005287.001
10000014617233000006201.171
10000016166973000005238.911
10000013532820000006361.541
10000017715084000003564.001
10000018179362000005110.771
10000015464104000003920.001
10000016763943000007841.001
10000017707388000003564.001
10000003980196000009029.001
10000010705553000007220.271
10000018430996000003871.011
10000015444586000006415.001
10000015667823000006415.001
10000015482817000004212.001
10000003984445000013484.001
10000004620353000006361.541
10000004869563000004045.201
10000018700315000006174.431
10000014798372000007216.801
10000007212248000003920.001
10000018897592000007841.001
10000005689134000006201.171
10000012791443000007247.001
10000013894303000003623.501
10000011049778000007841.001
10000003702780000008933.601
10000015551521000008916.171
10000011063637000007808.331
10000004302349000011464.001
10000004649600000007742.991
10000005703984000006415.001
10000004222349000004806.001
10000004661620000008933.601
10000018428751000003903.671
10000017334644000003510.001
10000015404936000007841.001
10000018965406000010098.001
10000018416243000006271.581
10000010672405000007841.001
10000015444370000004212.001
10000004921496000007841.001
10000003996086000010055.921
10000011049166000005264.971
10000014143999000006312.661
10000016992336000003838.341
10000011410482000007841.001
10000017678406000006415.001
10000003718208000007841.001
10000015470044000006201.161
10000011651771000006361.541
10000010485402000007247.001
10000004318403000011804.571
10000006531780000007775.661
10000019059993000004276.671
10000011579121000007775.661
10000008237542000006281.351
