REMUNERACIONES DICIEMBRE/2015    0015528122015
10000003903776001032134.67
10000017150660000004633.001
10000016735380000005821.001
10000019990999000009029.001
10000006374396000006308.081
10000016222428000004633.001
10000017037040000005176.851
10000013331222000006415.001
10000011574452000006415.001
10000007821544000006415.001
10000011049249000007841.001
10000004649428000007579.641
10000018539962000003920.001
10000011036072000005710.851
10000009894614000007841.001
10000016304812000006415.001
10000020100892000005821.001
10000004646755000009029.001
10000015052975000006415.001
10000013756701000005287.001
10000019158696000008953.761
10000010705727000010098.001
10000019879127000004633.001
10000020085862000005772.501
10000016714540000005287.001
10000019472799000006308.081
10000011049083000007841.001
10000012192055000008953.761
10000019391460000007247.001
10000012270041000003920.001
10000015463172000003920.001
10000018061626000006415.001
10000013534644000007247.001
10000018733697000006194.601
10000004284943000009029.001
10000004144551000005264.971
10000014317809000005821.001
10000015621316000003266.661
10000017171103000005287.001
10000011072331000004633.001
10000004653049000005868.851
10000010391972000001069.171
10000010973936000007247.001
10000009024980000004633.001
10000019892400000004633.001
10000013535361000005796.751
10000018921466000004633.001
10000019116884000006299.001
10000011069312000011464.001
10000013979163000005287.001
10000018527909000005699.751
10000019340219000006415.001
10000013488908000007808.331
10000002993562000006415.001
10000017657161000004594.401
10000003165657000007808.341
10000019398648000007841.001
10000004989840000011464.001
10000010704422000008924.601
10000007704146000006415.001
10000011349657000007841.001
10000014598615000004831.331
10000020101212000005821.001
10000019241342000006415.001
10000019339501000004633.001
10000016998392000013484.001
10000018880745000011464.001
10000018737160000006415.001
10000017520714000012258.001
10000020129587000006415.001
10000010208664000007186.611
10000016990653000006201.161
10000015442803000004212.001
10000017230446000005723.991
10000004694316000003854.671
10000006214568000011368.461
10000010408040000007585.601
10000004807232000005821.001
10000015443257000004212.001
10000004284373000007710.321
10000013196965000006388.271
10000018850326000005287.001
10000019479183000005821.001
10000020109315000006415.001
10000017693800000005287.001
10000015695212000006415.001
10000017637709000006415.001
10000012165292000006975.241
10000004649569000012474.001
10000016702016000005287.001
10000015668095000006415.001
10000020088650000005821.001
10000014854231000006388.271
10000006427343000009029.001
10000013491274000006040.781
10000014480078000005796.751
10000019104186000006415.001
10000011072406000005287.001
10000014617233000006415.001
10000020203167000003920.001
10000013532820000006415.001
10000017936036000006415.001
10000017715084000003920.001
10000018179362000005287.001
10000015464104000003920.001
10000016763943000007841.001
10000017707388000003920.001
10000003980196000008925.001
10000019319438000004831.331
10000010489280000006415.001
10000010705553000007220.271
10000018430996000003822.001
10000015444586000006415.001
10000015667823000006415.001
10000015482817000004212.001
10000003984445000013484.001
10000004869563000013484.001
10000014798372000007216.801
10000007212248000003920.001
10000019795571000006415.001
10000012791443000007247.001
10000013894303000007247.001
10000011059735000003920.001
10000011049778000007841.001
10000003702780000009029.001
10000015551521000009029.001
10000004302349000011464.001
10000019909461000006388.271
10000019299086000006415.001
10000005703984000006415.001
10000004222349000005287.001
10000004661620000008886.981
10000018428751000003903.671
10000017334644000004633.001
10000015404936000007841.001
10000017000956000011464.001
10000020227240000005287.001
10000018965406000010013.851
10000018416243000005490.001
10000010672405000007841.001
10000015444370000004212.001
10000004146086000006415.001
10000004921496000007841.001
10000000951330000013484.001
10000003996086000009971.771
10000020604258000002401.001
10000011049166000004633.001
10000016992336000003871.011
10000011410482000007536.401
10000012665127000006415.001
10000003718208000007841.001
10000011651771000006388.271
10000004318403000008078.401
10000019059993000006388.271
10000011579121000007742.991
10000019444087000003920.001
