REMUNERACIONES ABRIL/2015    0002706052015
10000003903776000159152.56
10000016304812000003849.001
10000018733697000005132.001
10000004144551000005111.001
10000013350206000004838.811
10000004989840000010317.561
10000010704422000008088.481
10000016990653000002352.171
10000010408040000006915.411
10000004807232000005432.931
10000012165292000006673.081
10000004649569000011642.401
10000015668095000006202.001
10000010648034000005961.271
10000006427343000008427.101
10000011072406000004934.531
10000017715084000003564.001
10000017707388000003564.001
10000010705553000006997.331
10000018700315000003849.001
10000007212248000003658.671
10000015393816000003865.071
10000003702780000008389.481
10000005703984000006202.001
10000004661620000007749.901
10000018416243000004268.701
10000016992336000003920.001
10000010485402000007246.671
