REMUNERACIONES AGOSTO/2014    0003029082014
10000003903776000185520.83
10000015870997000004806.001
10000004649618000009180.001
10000011169071000003564.001
10000003979371000005832.001
10000004616766000006588.001
10000010497556000006588.001
10000011664477000004665.601
10000010472657000005832.001
10000013053660000008240.701
10000004530156000007128.001
10000010676506000002904.001
10000007033173000007128.001
10000007515824000008208.001
10000013097759000007121.211
10000004144072000008208.001
10000003422982000007128.001
10000006751734000004806.001
10000003978589000008205.291
10000012339251000005180.151
10000013968421000004806.001
10000002273120000008208.001
10000010930390000003284.821
10000011631658000007988.451
10000003304859000007128.001
10000004143800000007128.001
10000003622293000003419.101
10000017012472000005832.001
10000004653180000007128.001
10000005439133000002856.851
10000011104762000006428.661
