REMUNERACIONES JULIO/2016    0016829072016
10000003903776001198683.74
10000016735380000006316.001
10000019990999000008507.001
10000016222428000005027.001
10000018515847000005736.001
10000009803540000004253.001
10000007821544000006960.001
10000011049249000008507.001
10000004649428000009184.041
10000018539962000004253.001
10000022112051000009266.951
10000011036072000006109.391
10000016304812000006316.001
10000020100892000006316.001
10000004646755000009796.001
10000015052975000006898.921
10000013756701000005736.001
10000019158696000009673.851
10000020542193000004253.001
10000010914419000007131.811
10000020085862000006263.331
10000016714540000005736.001
10000012464280000001842.961
10000019472799000007863.001
10000011049083000008507.001
10000021010537000006316.001
10000012192055000009796.001
10000003964190000012230.701
10000011169071000004253.001
10000012270041000004253.001
10000015463172000004253.001
10000018061626000006193.811
10000018733697000006960.001
10000004284943000009796.001
10000011151242000002879.171
10000021452565000006316.001
10000020806135000006000.191
10000004144551000005594.601
10000014317809000006263.371
10000011072331000005027.001
10000004653049000009551.101
10000010973936000007731.951
10000019892400000005027.011
10000013535361000006263.361
10000019116884000006919.281
10000020967440000005027.001
10000013979163000005736.001
10000018527909000006237.041
10000020786824000005640.401
10000010676506000004182.121
10000013488908000008065.841
10000021472919000005027.001
10000002993562000006960.001
10000017657161000004985.101
10000003165657000008507.001
10000013947681000006171.201
10000010704422000009469.451
10000007704146000006960.001
10000011349657000008507.001
10000020101212000006316.001
10000019241342000007568.141
10000016998392000014325.211
10000004358491000006309.351
10000018880745000012438.001
10000021157157000006316.001
10000021239012000006210.731
10000007033173000009761.201
10000017520714000013534.001
10000007446574000005736.001
10000020129587000006316.001
10000014117663000005736.001
10000010208664000007764.721
10000016990653000007413.231
10000020108961000008507.001
10000011353046000008507.001
10000017230446000006026.511
10000006214568000012438.001
10000010408040000008436.101
10000004284373000008187.991
10000021557729000006316.001
10000017200978000004253.001
10000008759140000006237.051
10000003716145000012438.001
10000019479183000006316.011
10000022004216000006316.001
10000020109315000006316.001
10000006531152000009796.001
10000010658752000007863.001
10000017693800000005712.101
10000021784124000006960.001
10000015695212000006960.001
10000012165292000007764.721
10000005878076000010775.601
10000014023208000005688.201
10000021875006000004253.001
10000004649569000013534.001
10000016702016000006237.051
10000020088650000006263.361
10000014854231000006902.001
10000006427343000009796.001
10000013491274000006641.001
10000014480078000006263.361
10000021263706000003183.771
10000021579616000006210.731
10000010644818000009673.851
10000014617233000006960.001
10000020203167000004253.001
10000009502358000006131.771
10000021908063000004253.001
10000013532820000006960.001
10000003335523000004147.321
10000015464104000004128.961
10000019258149000002268.531
10000016763943000008507.001
10000002273120000009551.101
10000003980196000005551.071
10000019319438000007863.001
10000019596028000004253.001
10000021037945000006496.001
10000018430996000003916.291
10000015444586000006960.001
10000017920261000004164.401
10000007687772000009597.941
10000002142317000007863.001
10000015667823000007863.001
10000004869563000014630.001
10000021178525000006844.001
10000018583084000006844.001
10000014798372000007306.021
10000019795571000006960.001
10000019568390000007797.471
10000012791443000007863.001
10000013894303000003407.301
10000011059735000004253.001
10000004003905000009673.851
10000015551521000010453.851
10000004302349000012438.001
10000019909461000006237.041
10000021728669000006289.681
10000019299086000006844.001
10000004649600000008436.101
10000005647223000012438.001
10000003622293000004182.121
10000018428751000004111.241
10000015404936000008384.851
10000017000956000012438.001
10000020227240000005736.001
10000017664091000007561.271
10000018083654000006316.001
10000018965406000005112.801
10000018416243000006786.001
10000010672405000008384.851
10000004146086000006960.001
10000004921496000008507.001
10000000951330000014629.971
10000003996086000010773.401
10000020604258000004253.001
10000011049166000005027.031
10000020967341000004588.801
10000021237115000014020.411
10000016992336000004253.001
10000011651771000006757.001
10000011055725000007830.241
10000020745698000006960.001
10000004318403000010956.001
10000005439133000004182.121
10000003492539000004501.621
10000011579121000008065.831
10000010232621000006931.581
