REMUNERACIONES MAYO/2015    0002430052015
10000003903776000166341.02
10000006423408000010422.001
10000010905814000005626.961
10000006615138000004694.851
10000010999601000003564.001
10000012084046000011464.001
10000013406736000007128.001
10000013947681000006415.001
10000009792652000012684.001
10000010960975000003564.001
10000010207640000007710.321
10000007636365000011846.131
10000008759140000005772.491
10000013878985000003564.001
10000004988678000011464.001
10000004646268000006588.001
10000003335523000003920.001
10000007687772000007318.271
10000017594793000005832.001
10000008103339000005821.001
10000006229533000003564.001
10000016497716000007841.001
10000006211986000009029.001
10000010232621000006588.001
10000004645781000003920.001
