REMUNERACIONES MAYO/2015    0012330052015
10000003903776000800382.22
10000017150660000004212.001
10000016735380000005821.001
10000010474877000006415.001
10000006374396000006415.001
10000016222428000004478.571
10000017037040000005264.971
10000013331222000006415.001
10000011574452000006415.001
10000018428983000003903.671
10000011049249000007841.001
10000004649428000007383.611
10000018539962000001045.331
10000004004218000007247.001
10000011036072000005821.001
10000016304812000006415.001
10000004646755000009029.001
10000015052975000006415.001
10000013756701000005287.001
10000010705727000006395.401
10000016714540000005287.001
10000011049083000007841.001
10000012192055000009029.001
10000012270041000003920.001
10000015463172000003920.001
10000018061626000006415.001
10000013534644000007247.001
10000018733697000006415.001
10000004284943000009029.001
10000004144551000005198.881
10000014317809000005821.001
10000015621316000003920.001
10000017171103000004806.001
10000010391972000006415.001
10000010973936000007147.001
10000009024980000004212.001
10000013535361000005796.751
10000013350206000006361.541
10000013979163000005287.001
10000018527909000005748.251
10000013488908000007775.661
10000010556485000005763.681
10000017657161000004594.391
10000003165657000007841.001
10000004989840000011464.001
10000010704422000008929.001
10000007704146000006415.001
10000011349657000007841.001
10000018880745000007642.701
10000018737160000007056.501
10000017520714000012258.001
10000010208664000007247.001
10000016990653000006415.001
10000017230446000005821.001
10000006214568000011416.231
10000010408040000007216.801
10000004807232000005821.001
10000015443257000004212.001
10000004284373000007808.331
10000018850326000005815.701
10000014234079000006361.541
10000010658752000006388.271
10000017693800000005287.001
10000015695212000006415.001
10000012165292000007186.601
10000012121723000005264.971
10000004649569000012474.001
10000016702016000005264.971
10000015668095000006415.001
10000010648034000006415.001
10000014854231000006254.621
10000006427343000008929.001
10000013491274000006281.351
10000014480078000005821.001
10000011072406000005287.001
10000014617233000006201.171
10000016166973000005238.901
10000013532820000006415.001
10000017715084000003564.001
10000018179362000002621.471
10000015464104000003903.671
10000016763943000007841.001
10000017707388000003564.001
10000003980196000009029.001
10000010705553000007247.001
10000018430996000003838.341
10000015444586000006415.001
10000015667823000006415.001
10000015482817000004212.001
10000003984445000008989.331
10000018700315000006361.541
10000014798372000007247.001
10000007212248000003920.001
10000012791443000007247.001
10000011049778000007841.001
10000003702780000008929.001
10000015551521000009029.001
10000011063637000007841.001
10000004302349000011464.001
10000004649600000007841.001
10000005703984000006415.001
10000004222349000004806.001
10000004661620000008891.381
10000018428751000003920.001
10000017334644000003510.001
10000015404936000007841.001
10000018965406000006395.401
10000018416243000005728.961
10000010672405000007841.001
10000015444370000004212.001
10000004921496000007841.001
10000003996086000010055.921
10000011049166000005287.001
10000014143999000006288.271
10000016992336000003805.671
10000011410482000007841.001
10000017678406000005345.801
10000003718208000007841.001
10000015470044000006334.811
10000011651771000006415.001
10000010485402000007247.001
10000006531780000007841.001
10000011579121000007612.311
10000008237542000006415.001
