REMUNERACIONES ABRIL/2015    0009730042015
10000003903776000633173.20
10000017150660000004212.001
10000016735380000005821.001
10000010474877000006251.801
10000006374396000006391.271
10000016222428000004633.001
10000017037040000005287.001
10000013331222000006415.001
10000011574452000006308.081
10000018428983000003920.001
10000011049249000007841.001
10000004649428000007318.281
10000018539962000003920.001
10000004004218000007096.021
10000011036072000005772.491
10000004646755000009029.001
10000015052975000006415.001
10000013756701000005287.001
10000016714540000005287.001
10000011049083000007841.001
10000012192055000009029.001
10000012270041000003920.001
10000015463172000003920.001
10000018061626000006359.321
10000013534644000007247.001
10000004284943000009029.001
10000014317809000005821.001
10000015621316000003920.001
10000017171103000004806.001
10000010391972000006415.001
10000010973936000007247.001
10000009024980000004212.001
10000013535361000005675.471
10000013979163000005287.001
10000018527909000005821.001
10000013488908000007719.981
10000010556485000006254.621
10000017657161000004478.561
10000003165657000007808.331
10000015668136000006388.271
10000007704146000006361.541
10000011349657000007785.321
10000017520714000012258.001
10000010208664000007186.601
10000015442803000004212.001
10000017230446000005651.231
10000006214568000011320.701
10000015443257000004212.001
10000004284373000007677.651
10000014234079000006254.621
10000010658752000006388.271
10000017693800000005287.001
10000015695212000006415.001
10000012121723000005242.941
10000016702016000005264.971
10000002745468000013315.461
10000014854231000006227.891
10000013491274000006227.891
10000014480078000005796.751
10000014617233000006415.001
10000016166973000005821.001
10000013532820000006415.001
10000018179362000005287.001
10000015464104000003822.011
10000016763943000007841.001
10000003980196000008577.561
10000010489280000006415.001
10000018430996000003838.341
10000015444586000006415.001
10000015667823000006415.001
10000015482817000004212.001
10000003984445000013484.001
10000014798372000007247.001
10000012791443000007247.001
10000011049778000007808.331
10000015551521000009029.001
10000011063637000007841.001
10000004302349000011464.001
10000004649600000007841.001
10000004222349000004806.001
10000018428751000003920.001
10000017334644000004212.001
10000015404936000007785.321
10000018416243000001552.301
10000010672405000007841.001
10000015444370000004212.001
10000004921496000007841.001
10000003996086000010055.921
10000015473874000006388.271
10000011049166000005287.001
10000014143999000006388.271
10000011410482000007841.001
10000003718208000007841.001
10000015470044000006388.271
10000011651771000006334.811
10000006531780000007775.661
10000011579121000007416.281
10000008237542000006361.541
