REMUNERACIONES JULIO/2015    0002331072015
10000003903776000145009.65
10000018515847000005287.001
10000004649618000010098.001
10000015614006000006392.501
10000011169071000003920.001
10000003979371000006415.011
10000011664477000006392.501
10000010472657000006392.501
10000013053660000010098.001
10000013225821000005264.501
10000004530156000007841.001
10000010676506000003920.001
10000007033173000007841.001
10000014117663000005287.001
10000011353046000009029.001
10000006751734000005287.001
10000013968421000005821.001
10000002273120000008502.311
10000017739729000006415.001
10000003304859000001306.831
10000004143800000007841.001
10000003622293000003920.001
10000004653180000007841.001
10000005439133000003897.501
