REMUNERACIONES AGOSTO/2015    0002431082015
10000003903776000166235.23
10000002288955000001437.331
10000006423408000010422.001
10000010905814000005311.661
10000006615138000007216.801
10000010999601000003564.001
10000012084046000011464.001
10000013406736000007128.001
10000013947681000006201.161
10000009792652000012684.001
10000010960975000003564.001
10000010207640000007448.961
10000007636365000011464.001
10000008759140000005821.001
10000013878985000003564.001
10000004988678000011464.001
10000015761469000008539.941
10000004646268000006346.871
10000003335523000003920.001
10000010930390000003920.001
10000007687772000008331.051
10000008103339000005796.751
10000016497716000007808.331
10000006211986000008897.381
10000004645781000003920.001
