REMUNERACIONES MARZO/2016    0013130032016
10000003903776000968433.62
10000016735380000006316.001
10000016222428000005027.001
10000007821544000006960.001
10000011049249000008507.001
10000004649428000009469.471
10000018539962000004253.001
10000011036072000006137.651
10000016304812000006316.001
10000020100892000006316.001
10000004646755000009551.101
10000015052975000006907.801
10000013756701000005736.001
10000019158696000009796.001
10000010705727000010773.401
10000020085862000006316.001
10000016714540000005736.001
10000011049083000008507.001
10000012192055000009796.001
10000012270041000004253.001
10000015463172000004182.121
10000018061626000006316.001
10000018733697000006699.001
10000004284943000009796.001
10000004144551000005736.001
10000014317809000006316.001
10000015621316000004253.001
10000011072331000005027.001
10000004653049000009347.011
10000010973936000007863.001
10000019892400000005027.001
10000013535361000006105.461
10000019116884000006913.601
10000011069312000003731.401
10000020967440000005027.001
10000013979163000005736.001
10000018527909000006289.681
10000020786824000005736.001
10000019340219000006844.001
10000013488908000008444.361
10000002993562000006960.001
10000017657161000005027.001
10000003165657000008507.001
10000013947681000006670.001
10000010704422000009463.881
10000007704146000006960.001
10000011349657000008444.361
10000020101212000006316.001
10000019241342000007699.191
10000016998392000014630.001
10000018880745000012230.701
10000021157157000003579.071
10000021239012000004842.261
10000007033173000009796.001
10000017520714000013308.431
10000007446574000005736.001
10000020129587000006316.001
10000010208664000007731.951
10000016990653000007797.481
10000020108961000008365.221
10000017230446000006145.911
10000006214568000011960.761
10000010408040000008247.921
10000004807232000006316.001
10000004284373000008365.221
10000019479183000006316.001
10000020109315000006316.001
10000006531152000009608.371
10000010658752000007666.421
10000017693800000005736.001
10000015695212000006960.001
10000012165292000007764.721
10000014023208000005616.501
10000004649569000013308.431
10000016702016000006137.661
10000020088650000006316.001
10000014854231000006931.001
10000006427343000009632.731
10000013491274000006815.001
10000014480078000006265.321
10000011072406000005736.001
10000014617233000006960.001
10000020203167000004253.001
10000013532820000004383.581
10000003335523000004022.631
10000015464104000004075.801
10000019258149000008507.001
10000016763943000008444.361
10000019319438000007731.951
10000010489280000007863.001
10000021037945000006960.001
10000010705553000006683.541
10000018430996000002126.501
10000015444586000006960.001
10000007687772000009632.731
10000015667823000007863.001
10000004869563000014630.001
10000021178525000006612.001
10000018583084000006960.001
10000014798372000007863.001
10000007212248000004182.121
10000019795571000006960.001
10000012791443000007863.001
10000011059735000004253.001
10000010522808000011244.581
10000015551521000010773.401
10000004302349000012391.601
10000019909461000006316.001
10000019299086000006844.001
10000004649600000008507.001
10000005647223000008706.601
10000018428751000003756.821
10000015404936000008302.581
10000017000956000012438.001
10000018965406000010864.701
10000018416243000006786.001
10000010672405000008302.581
10000004146086000006960.001
10000004921496000008444.361
10000000951330000014583.601
10000003996086000010727.751
10000020604258000004253.001
10000011049166000004943.221
10000020967341000005736.001
10000021237115000010728.661
10000016992336000004253.001
10000012665127000006902.001
10000011651771000006931.001
10000020745698000006960.001
10000004318403000010956.001
10000019059993000006119.001
10000011579121000008305.411
