REMUNERACIONES AGOSTO/2014    0014329082014
10000003903776001019683.82000000000000000000
10000003304065000007678.531
10000004646234000002874.081
10000002643878000006302.761
10000004144238000003029.411
10000002674443000010538.611
10000003280439000009074.811
10000009376547000009832.781
10000002742505000004356.741
10000006214625000008344.991
10000006228741000006943.071
10000001515630000009602.161
10000002735592000005321.851
10000004144189000009699.841
10000003364415000002635.081
10000004812504000010024.971
10000003943376000007344.071
10000003730153000009947.521
10000002735758000005361.191
10000003252777000008828.371
10000003303934000005968.661
10000002732689000004375.031
10000006212405000010851.091
10000007558337000003823.131
10000007820330000005976.791
10000008992691000005975.941
10000007739078000002537.911
10000003279614000004519.691
10000006318758000007254.641
10000004645830000007899.721
10000006586610000003404.571
10000002736011000003825.541
10000004182808000012093.821
10000002738968000002279.521
10000002738900000006487.051
10000006830603000004850.941
10000006347278000005231.151
10000002737564000002716.031
10000006255398000009932.161
10000006228973000005589.371
10000006782614000006243.861
10000009922465000007127.681
10000014024272000012651.091
10000006532986000009677.611
10000002737499000004687.941
10000009015939000003245.351
10000006211291000006200.031
10000003280281000002855.191
10000010709456000004042.581
10000002741937000006388.541
10000010193013000005338.351
10000006983197000003538.261
10000003999197000005412.371
10000010519483000004768.591
10000008990091000004167.341
10000002736293000004242.081
10000002733869000006354.081
10000010551807000011922.721
10000003978084000006864.671
10000002939920000002756.331
10000009871539000005822.141
10000003693426000004551.841
10000003718505000005511.031
10000010525266000012649.091
10000006233419000006131.471
10000006215566000006320.891
10000004649634000003461.271
10000008993178000003469.171
10000003304247000010212.091
10000000952495000005264.341
10000002284549000011623.701
10000009048162000010145.061
10000004004143000006297.001
10000003328081000002246.411
10000002058689000005599.481
10000003304073000010003.611
10000006214633000002330.341
10000004962672000009146.491
10000016210564000029204.371
10000006229583000003018.861
10000006212463000006838.471
10000009006730000005335.941
10000002733033000003194.881
10000002734362000006773.101
10000010647028000010700.011
10000006755968000010118.411
10000003188774000002620.581
10000002737209000003648.021
10000003468853000005439.701
10000006214732000026207.341
10000002738611000007057.511
10000003980047000005667.811
10000004913279000028383.451
10000002289036000012060.631
10000004649486000005841.441
10000006264133000003353.391
10000006256362000002512.651
10000003696959000004377.231
10000006264993000011019.701
10000004645971000007996.521
10000003223025000004561.261
10000006646787000002956.001
10000004143503000004715.951
10000003280140000003954.061
10000007632511000003238.201
10000003204182000003445.991
10000009016771000002360.831
10000003987580000014533.681
10000009029732000004329.321
10000004653346000009664.921
10000010983498000002776.591
10000006318732000002385.591
10000006211639000006135.441
10000014224559000012166.681
10000003189128000004653.581
10000003304099000007694.531
10000006228361000005706.251
10000002734304000003536.541
10000006215558000009694.671
10000006213643000001175.351
10000004522541000010305.191
10000006215540000026402.571
10000000950994000005729.701
10000010195647000007010.281
10000006214493000007598.221
10000004451724000005541.151
10000004845266000011954.521
10000003188849000002793.921
10000009527471000030878.041
10000006214526000006253.781
10000009333191000004465.091
10000001878020000003136.091
10000004782450000006898.751
10000010231954000003588.891
10000004092312000010559.571
10000004215419000010209.561
10000006263987000006009.961
10000009770096000012518.341
10000006229559000007073.081
10000003334517000003524.041
10000006254530000017492.001
10000003985360000008150.221
10000006229567000003817.181
10000006229541000004114.581
