BONOS OCTUBRE/2014    0002213112014
10000013881102000005976.2000000000000000
10000015614006000000378.001
10000016513801000000125.281
10000016676972000000148.771
10000013071109000000360.181
10000009542015000000031.321
10000002902505000000414.001
10000003311375000000324.001
10000011353046000000333.001
10000016075588000000125.281
10000010644818000000414.001
10000003999048000000125.281
10000004452839000000306.001
10000017739729000000162.001
10000005003673000000125.281
10000015426914000000360.001
10000011054173000000352.351
10000015473171000000369.001
10000013917808000000360.001
10000007738947000000270.001
10000014315514000000407.181
10000017011846000000360.001
10000017149233000000125.281
