BONOS NOVIEMBRE/2014    0013411122014
10000003903776000036855.3100000000000000
10000017150660000000391.501
10000016735380000000297.541
10000006553718000000126.001
10000010474877000000250.561
10000006374396000000324.001
10000014015601000000144.001
10000004495475000000156.601
10000016222428000000342.001
10000011574452000000342.001
10000015856640000000234.001
10000011049249000000342.001
10000004649428000000306.001
10000004004218000000324.001
10000011036072000000324.001
10000004646755000000153.001
10000015052975000000252.001
10000013756701000000342.001
10000004029191000000306.001
10000010914419000000250.561
10000016714540000000324.001
10000011049083000000333.001
10000012192055000000081.001
10000017759701000000140.941
10000012270041000000187.921
10000015463172000000172.261
10000010644446000000126.001
10000013534644000000266.221
10000003986508000000270.001
10000017611167000000126.001
10000016735885000000297.541
10000004284943000000234.001
10000004144551000000289.711
10000014317809000000342.001
10000017171103000000351.001
10000010973936000000342.001
10000013820663000000140.941
10000009024980000000369.001
10000003644297000000351.001
10000013535361000000164.431
10000013350206000000279.001
10000013979163000000297.541
10000013488908000000333.001
10000010556485000000302.221
10000017657161000000342.001
10000014034528000000342.001
10000003165657000000342.001
10000004989840000000211.411
10000015668136000000297.541
10000013947681000000324.001
10000010704422000000225.001
10000007704146000000323.881
10000011349657000000342.001
10000011436272000000252.001
10000017520714000000297.001
10000010208664000000203.581
10000015442803000000297.541
10000017230446000000333.001
10000010408040000000315.001
10000004807232000000153.001
10000015443257000000375.841
10000004284373000000306.001
10000014234079000000341.541
10000004456427000000216.001
10000006531152000000279.001
10000017693800000000289.711
10000015695212000000279.001
10000017637709000000342.001
10000012165292000000306.001
10000014023208000000342.001
10000006901777000000219.241
10000012121723000000342.001
10000004649569000000078.301
10000016702016000000342.001
10000015668095000000250.561
10000011696256000000054.001
10000002745468000000156.601
10000015685792000000333.001
10000010648034000000333.001
10000014854231000000342.001
10000006427343000000172.261
10000013491274000000336.541
10000014480078000000333.001
10000011072406000000342.001
10000014617233000000342.001
10000011419880000000297.541
10000016166973000000297.541
10000017936036000000046.981
10000017715084000000351.001
10000015464104000000342.001
10000016763943000000342.001
10000017707388000000351.001
10000017718484000000140.941
10000003980196000000288.001
10000010489280000000208.921
10000010705553000000125.281
10000015444586000000342.001
10000015667823000000324.001
10000015482817000000407.161
10000003984445000000288.001
10000014798372000000333.001
10000017599652000000351.001
10000007212248000000117.001
10000012791443000000333.001
10000015608554000000324.001
10000011049778000000324.001
10000003702780000000252.001
10000015551521000000342.001
10000014005165000000342.001
10000011063637000000252.001
10000004649600000000324.001
10000005703984000000214.921
10000004661620000000070.471
10000017334644000000369.001
10000015404936000000306.001
10000010672405000000315.001
10000015444370000000391.501
10000004921496000000324.001
10000010557904000000031.321
10000003996086000000162.001
10000015473874000000162.001
10000011049166000000266.221
10000014143999000000333.001
10000016992336000000288.001
10000011410482000000277.731
10000012665127000000342.001
10000003718208000000342.001
10000015470044000000333.001
10000011651771000000318.881
10000010485402000000309.711
10000006531780000000225.001
10000003492539000000342.001
10000009895620000000140.941
10000011579121000000342.001
10000008237542000000219.241
