REMUNERACIONES AGOSTO/2012    0020631082012
10000003903776001045262.00000000000000000000
10000003304065000003470.561
10000006265008000000974.431
10000004495475000006602.651
10000002643878000007010.051
10000004144238000001899.811
10000003280439000007922.391
10000009805992000003055.151
10000009376547000008386.281
10000002742505000003181.521
10000006214625000007399.651
10000004451667000004140.321
10000006228717000003958.691
10000003217094000003036.171
10000006253904000007733.161
10000006228741000003856.731
10000001515630000006780.671
10000007620623000005848.141
10000002735592000004866.871
10000003364415000002525.471
10000004812504000006191.421
10000002386832000003222.211
10000002947874000011589.311
10000003730153000009825.701
10000002735758000005459.001
10000007670933000006115.881
10000009337359000006612.241
10000003252777000003172.061
10000008973740000006061.011
10000003303934000005831.661
10000002732689000002746.281
10000006212405000008463.161
10000006131100000009726.441
10000007558337000004019.311
10000007820330000008656.051
10000007897628000003915.821
10000008992691000004428.061
10000009527455000007770.681
10000007739078000005202.841
10000009448213000003352.311
10000001007543500005750.541
10000003279614000002714.221
10000006318758000003874.721
10000000952437000003142.421
10000006586610000002945.451
10000002736011000004320.661
10000004182808000010474.801
10000003370420000000727.411
10000002738968000003797.091
10000009464368000003329.311
10000006256130000002719.631
10000006228642000002793.231
10000002738900000005563.411
10000004653049000005248.261
10000006830603000003040.021
10000004144741000007907.881
10000006347278000004272.661
10000002737564000002832.211
10000006255398000010060.861
10000006228973000004872.601
10000004646292000003601.681
10000003217309000002578.211
10000009922465000006389.631
10000008007945000003415.021
10000006532986000009907.411
10000002737499000003835.191
10000009015939000002223.931
10000006348763000005420.941
10000006211291000003689.291
10000003280281000002012.471
10000002741937000006429.831
10000001019301300006634.041
10000002574726000003988.471
10000006983197000003558.001
10000003999197000003948.211
10000004577900000008419.381
10000008990091000003730.401
10000005413426000006376.041
10000003985203000008101.811
10000003308314000007010.051
10000002736293000002672.511
10000002733869000003622.131
10000004290594000004677.861
10000002718449000003736.041
10000004510893000007292.181
10000001431935000002305.551
10000003978084000006021.941
10000009424304000003570.281
10000003364506000003113.921
10000002939920000002237.631
10000009871539000005631.161
10000003693426000001907.311
10000004649585000003978.291
10000003718505000004283.351
10000007640986000003915.821
10000006233419000006193.341
10000006215566000004754.921
10000008009280000003192.631
10000003303893000007198.591
10000004649634000003901.311
10000003622409000003508.411
10000008993178000003471.971
10000009014915000001876.331
10000009040332000006225.491
10000008955681000003490.091
10000003716145000011736.001
10000008018166000003331.201
10000007612919000004517.291
10000009869104000013186.641
10000000952312000005839.991
10000000951257000001896.811
10000000952495000005412.091
10000002284549000004336.661
10000008524353000002401.781
10000009048162000006952.831
10000004004143000005651.141
10000003328081000003517.291
10000008936938000003517.291
10000002058689000002348.431
10000006214633000002908.241
10000004962672000008423.481
10000006229583000002345.821
10000006212463000006260.441
10000009006730000003182.371
10000006214592000002251.011
10000002733033000003487.951
10000002734362000005727.111
10000003303992000004395.961
10000006755968000009323.711
10000003188774000001814.461
10000002737209000002983.371
10000009080536000003281.731
10000003468853000004333.311
10000006214732000007316.921
10000002738611000003165.131
10000009871993000003409.151
10000003217648000003486.351
10000004363193000004353.761
10000004215328000004374.061
10000002289036000009766.301
10000004649486000004351.461
10000006264133000001965.831
10000006256362000002179.021
10000003696959000003384.551
10000006264993000009243.401
10000003305691000007000.451
10000004182684000009563.281
10000003223025000004290.241
10000004507890000010474.801
10000002737374000001598.271
10000006646787000002556.471
10000002267438000005322.061
10000003280140000001645.301
10000007632511000003910.111
10000003204182000001752.301
10000009016771000002987.531
10000004314865000005296.991
10000003987580000005754.901
10000009029732000003629.131
10000004653346000009360.611
10000003309354000009032.731
10000006318732000001862.291
10000006211639000004750.361
10000003189128000001721.241
10000003304099000006974.351
10000006228361000004437.491
10000002734304000002304.581
10000003217151000002354.081
10000003303976000009099.871
10000006215558000003431.271
10000006213643000004424.771
10000004522541000009839.221
10000008083937000004487.711
10000004646028000006116.171
10000000950712000005049.991
10000006215540000007339.561
10000000950994000004850.181
10000001867833000003902.401
10000001019564700006634.041
10000006214493000005645.821
10000002575386000003120.281
10000004845266000010911.251
10000003188849000002386.001
10000009527471000011845.041
10000006214526000008679.661
10000009333191000004011.611
10000001878020000002354.361
10000004782450000005401.941
10000001023195400003111.021
10000004092312000009299.831
10000004215419000010195.511
10000001875969000006062.911
10000004144709000006170.241
10000006263987000004991.491
10000004290205000009907.411
10000008027737000000771.611
10000009770096000010911.251
10000003344574000011049.801
10000004649501000005080.941
10000008988393000003041.051
10000003334517000003789.381
10000000952122000004585.761
10000006254530000007677.321
10000003985360000004655.561
10000006229567000003044.131
10000006229541000004371.931
10000007998541000006627.251
