REMUNERACIONES NOVIEMBRE/2014    0014028112014
10000003903776002072254.26000000000000000000
10000003304065000015613.461
10000004646234000008109.091
10000002643878000014991.531
10000004144238000007836.841
10000002674443000020193.731
10000003280439000022420.701
10000009376547000020579.591
10000002742505000011704.011
10000006214625000019334.341
10000006228741000013059.521
10000001515630000021324.121
10000002735592000010884.691
10000004144189000020595.981
10000003364415000007144.771
10000004812504000023360.251
10000003943376000015935.751
10000003730153000023622.061
10000002735758000011123.161
10000003252777000018297.091
10000003303934000014103.711
10000002732689000011273.551
10000006212405000022727.151
10000007558337000011609.771
10000007820330000016413.751
10000008992691000012465.051
10000007739078000008048.941
10000003279614000010676.711
10000006318758000017371.601
10000004645830000016978.011
10000006586610000007319.201
10000002736011000011935.671
10000004182808000024296.131
10000002738968000007962.741
10000002738900000015703.181
10000006830603000017250.021
10000006347278000010308.451
10000002737564000007654.141
10000006255398000023066.671
10000006228973000017104.641
10000006782614000012759.041
10000009922465000014160.581
10000014024272000024985.151
10000006532986000020859.111
10000002737499000011425.781
10000009015939000008123.051
10000006211291000012441.141
10000003280281000008043.751
10000010709456000009955.431
10000002741937000017536.861
10000010193013000017216.891
10000006983197000005297.161
10000003999197000011263.261
10000010519483000010292.371
10000008990091000009276.501
10000002736293000010056.471
10000002733869000013135.471
10000010551807000012378.511
10000003978084000011356.891
10000002939920000008193.261
10000009871539000011985.261
10000003693426000012244.351
10000003718505000010551.721
10000010525266000031085.501
10000006233419000013444.711
10000006215566000012571.701
10000004649634000009546.361
10000008993178000009058.211
10000003304247000021103.761
10000000952495000010431.331
10000002284549000023602.971
10000009048162000021287.191
10000004004143000013151.841
10000003328081000005207.201
10000003304073000021176.361
10000006214633000007223.451
10000016210564000030730.511
10000006229583000007969.721
10000006212463000014851.971
10000009006730000009724.351
10000002733033000010562.201
10000002734362000015809.001
10000010647028000022379.501
10000006755968000021293.061
10000003188774000009282.661
10000002737209000008899.811
10000003468853000015765.181
10000006214732000028217.121
10000002738611000014699.831
10000003980047000012893.171
10000004913279000030437.221
10000002289036000025374.021
10000004649486000009655.821
10000006264133000009121.371
10000006256362000005223.661
10000003696959000010244.191
10000006264993000023474.761
10000004645971000016858.591
10000003223025000014330.881
10000006646787000006888.171
10000004143503000009200.901
10000003280140000010314.811
10000003204182000009078.231
10000009016771000007662.641
10000003987580000018948.061
10000009029732000011150.971
10000004653346000017077.111
10000010983498000005633.731
10000006318732000005666.091
10000006211639000024142.281
10000014224559000026058.801
10000003189128000009703.021
10000003304099000016104.551
10000017304994000019550.991
10000006228361000011689.551
10000002734304000010568.531
10000006215558000021569.241
10000006213643000007948.671
10000004522541000021456.441
10000006215540000028452.501
10000000950994000012218.291
10000006214493000019667.341
10000004451724000011948.631
10000004845266000024779.601
10000003188849000008619.041
10000009527471000032494.891
10000006214526000017815.791
10000009333191000009359.521
10000001878020000007011.611
10000004782450000014380.971
10000010231954000007264.651
10000004092312000022507.931
10000004215419000021953.181
10000006263987000017011.521
10000009770096000025760.121
10000006229559000012779.941
10000003334517000007144.771
10000006254530000022234.191
10000003985360000016844.371
10000006229567000008701.511
10000006229541000012264.191
