BONOS JUNIO/2014    0011531072014
10000003903776000096011.5000000000000000
10000006553718000000770.361
10000010474877000000710.481
10000006374396000001011.571
10000014015601000000954.001
10000004495475000000624.781
10000016222428000000603.001
10000011574452000001080.001
10000015856640000000983.531
10000011049249000000015.661
10000004649428000001096.831
10000011036072000001098.001
10000004646755000000900.001
10000013756701000000926.461
10000004029191000001097.381
10000010914419000000407.161
10000016714540000000288.001
10000011049083000000896.061
10000012192055000000963.001
10000012270041000000670.321
10000010618136000000926.461
10000015463172000000530.191
10000010644446000000855.001
10000013534644000000548.101
10000003986508000001089.001
10000004284943000000783.001
10000004144551000001015.731
10000014317809000001098.001
10000010973936000001107.001
10000013535361000000252.001
10000013350206000000918.001
10000010158413000000889.271
10000013488908000001044.001
10000010556485000000891.001
10000014034528000000351.001
10000003165657000000234.001
10000014314285000000406.891
10000004989840000000855.181
10000015668136000000954.001
10000013947681000001035.001
10000010704422000000900.001
10000007704146000001044.001
10000011349657000001071.001
10000011288243000000787.251
10000011436272000001080.001
10000010208664000000818.041
10000015442803000000926.461
10000010659495000000592.471
10000010408040000000999.001
10000004807232000000819.001
10000015443257000000926.461
10000004284373000000900.001
10000014234079000001071.001
10000004456427000001017.001
10000006531152000001071.001
10000010658752000000787.771
10000015695212000000891.001
10000012165292000000999.001
10000014023208000001035.001
10000012121723000001098.001
10000004649569000000333.001
10000016702016000000335.371
10000015668095000001089.001
10000011696256000000169.921
10000015685792000000864.001
10000010648034000000849.541
10000014854231000001086.661
10000006427343000000863.821
10000013491274000001080.001
10000014480078000000990.001
10000011072406000001098.001
10000013497884000000926.461
10000014617233000001107.001
10000016166973000000407.161
10000004646268000000626.401
10000015464104000001098.001
10000003980196000000981.001
10000010489280000000332.551
10000009027950000000863.821
10000010705553000000395.911
10000015444586000000990.001
10000015667823000000704.631
10000015482817000000926.461
10000004978645000000270.001
10000014798372000000743.851
10000007212248000000630.001
10000012791443000001062.001
10000016135051000000234.001
10000015608554000000864.001
10000011049778000001038.571
10000003702780000001116.001
10000011412264000000999.001
10000014005165000000405.001
10000011063637000001080.001
10000004649600000000987.661
10000005703984000000954.001
10000004661620000000513.001
10000015404936000001089.001
10000010672405000001089.001
10000015444370000000926.461
10000004921496000001089.001
10000002982359000001053.001
10000003996086000000972.001
10000015473874000001044.001
10000011049166000001025.591
10000014143999000000288.001
10000011410482000000702.001
10000003718208000001107.001
10000015470044000001072.201
10000011651771000001080.001
10000010485402000000098.011
10000006531780000000972.001
10000007097450000000765.001
10000003492539000001044.001
10000011579121000001107.001
10000008237542000000759.601
