BONOS AGOSTO/2014    0012223092014
10000003903776000035944.9600000000000000
10000017150660000000407.161
10000016735380000000313.201
10000006553718000000198.001
10000010474877000000274.051
10000006374396000000342.001
10000014015601000000216.001
10000004495475000000062.641
10000016222428000000338.541
10000011574452000000360.001
10000015856640000000261.001
10000011049249000000465.821
10000004649428000000360.001
10000011036072000000351.001
10000004646755000000324.001
10000013756701000000342.001
10000004029191000000360.001
10000010914419000000227.071
10000016714540000000360.001
10000011049083000000360.001
10000012192055000000198.001
10000012270041000000214.921
10000015463172000000216.001
10000010644446000000288.001
10000013534644000000281.881
10000003986508000000324.001
10000016735885000000313.201
10000004284943000000297.001
10000004144551000000305.371
10000014317809000000360.001
10000017171103000000180.001
10000010973936000000360.001
10000009024980000000180.001
10000013535361000000219.241
10000013350206000000342.001
10000013979163000000360.001
10000010158413000000156.601
10000013488908000000351.001
10000010556485000000252.001
10000014034528000000252.001
10000003165657000000360.001
10000014314285000000252.001
10000004989840000000281.881
10000015668136000000216.001
10000013947681000000351.001
10000010704422000000093.961
10000007704146000000288.001
10000011349657000000360.001
10000011288243000000109.621
10000011436272000000324.001
10000011021031000000156.601
10000010208664000000305.371
10000015442803000000407.161
10000017230446000000198.001
10000010659495000000234.001
10000010408040000000306.001
10000004807232000000278.561
10000015443257000000422.821
10000004284373000000270.001
10000014234079000000269.901
10000004456427000000332.711
10000006531152000000342.001
10000010658752000000234.901
10000015695212000000261.001
10000012165292000000306.001
10000014023208000000342.001
10000012121723000000333.001
10000004649569000000140.281
10000016702016000000315.001
10000015668095000000172.261
10000011696256000000156.601
10000015685792000000342.001
10000010648034000000264.901
10000014854231000000342.001
10000006427343000000266.221
10000013491274000000324.001
10000014480078000000360.001
10000011072406000000351.001
10000014617233000000360.001
10000016166973000000313.201
10000015464104000000360.001
10000016763943000000351.001
10000003980196000000269.901
10000015444586000000351.001
10000015667823000000357.201
10000015482817000000422.821
10000004978645000000297.541
10000014798372000000360.001
10000007212248000000180.001
10000003500944000000216.001
10000012791443000000351.001
10000016135051000000281.881
10000015608554000000360.001
10000011049778000000301.051
10000003702780000000306.001
10000015551521000000360.001
10000014005165000000353.201
10000011063637000000360.001
10000004649600000000297.001
10000005703984000000288.001
10000004222349000000180.001
10000004661620000000261.001
10000017334644000000180.001
10000015404936000000342.001
10000010672405000000350.201
10000015444370000000422.821
10000004921496000000360.001
10000010557904000000140.941
10000002982359000000125.281
10000003996086000000306.001
10000015473874000000351.001
10000011049166000000313.201
10000014143999000000358.201
10000016992336000000342.001
10000011410482000000198.001
10000003718208000000360.001
10000015470044000000333.001
10000011651771000000351.001
10000006531780000000315.001
10000007097450000000225.001
10000003492539000000359.201
10000011579121000000360.001
10000008237542000000269.901
