BONOS JUNIO/2014    0001731072014
10000013881102000010778.4900000000000000
10000016676972000000125.281
10000013071109000000616.321
10000009542015000000092.791
10000002902505000000829.981
10000003311375000000963.481
10000011353046000001071.771
10000016075588000000516.781
10000010644818000000959.091
10000004452839000000144.001
10000007859131000000405.001
10000016763943000000018.001
10000015426914000000558.001
10000011054173000001052.831
10000015473171000001026.311
10000013917808000000990.001
10000007738947000000999.001
10000014315514000000409.861
