REMUNERACIONES DICIEMBRE/2013    0014830122013
10000003903776000919621.01000000000000000000
10000003304065000004606.871
10000004646234000004573.471
10000002643878000008493.191
10000004144238000002146.101
10000002674443000009898.691
10000003280439000008872.761
10000009376547000009771.981
10000002742505000003757.151
10000006214625000008692.301
10000006228741000004603.701
10000001515630000009343.311
10000002735592000005035.091
10000004144189000007023.981
10000004649444000005592.511
10000003364415000002887.221
10000004812504000007823.851
10000003943376000007237.481
10000002947874000013451.061
10000003730153000010503.781
10000004038233000011756.411
10000002735758000005128.491
10000003252777000005747.831
10000003303934000006423.371
10000002732689000004385.561
10000006212405000009293.931
10000007558337000004042.911
10000007820330000009306.311
10000008992691000004763.571
10000007739078000003545.331
10000003279614000004598.971
10000006318758000007149.861
10000004645830000007855.781
10000006586610000003296.641
10000002736011000003988.221
10000004182808000010977.321
10000002738968000004261.761
10000002738900000006231.441
10000006830603000005016.171
10000006347278000004916.711
10000002737564000003898.871
10000006255398000008290.311
10000006228973000004398.931
10000004646292000006251.231
10000006782614000005110.401
10000009922465000006416.151
10000014024272000011779.151
10000006532986000009490.901
10000002737499000004389.561
10000009015939000003038.751
10000006211291000004586.001
10000003280281000002312.421
10000010709456000005382.651
10000002741937000006374.941
10000010193013000008033.171
10000006983197000002371.591
10000003999197000004259.991
10000010519483000004768.891
10000008990091000004667.451
10000002736293000003761.231
10000002733869000006070.751
10000010551807000011026.001
10000003978084000006684.761
10000002939920000002183.861
10000009871539000005636.631
10000003693426000003868.761
10000004649585000004212.141
10000003718505000005042.831
10000010525266000011756.951
10000006233419000006189.771
10000006215566000005326.401
10000004649634000004104.401
10000008993178000003876.951
10000003304247000010469.921
10000009869104000014224.211
10000000952495000004689.391
10000002284549000009915.671
10000009048162000009964.751
10000004004143000006119.551
10000003328081000002559.031
10000002058689000004257.861
10000003304073000009930.411
10000006214633000002559.251
10000004962672000009037.761
10000006229583000003054.161
10000006212463000006661.261
10000009006730000003871.481
10000002733033000002836.211
10000002734362000006231.711
10000010647028000010700.011
10000006755968000009977.411
10000003188774000002562.871
10000002737209000003450.601
10000003468853000004688.601
10000006214732000009355.311
10000002738611000006875.371
10000003980047000006365.531
10000002289036000010983.651
10000004649486000005764.131
10000006264133000002584.071
10000006256362000002695.741
10000003696959000003817.761
10000006264993000010267.801
10000004645971000007916.531
10000003223025000004474.801
10000004507890000011269.291
10000006646787000003536.641
10000004143503000004714.851
10000003280140000002246.641
10000007632511000002941.741
10000003204182000002919.751
10000009016771000001793.211
10000003987580000006218.941
10000009029732000004313.111
10000004653346000009200.041
10000010983498000003438.571
10000006318732000002241.481
10000006211639000006120.02
10000014224559000009853.581
10000003189128000003518.731
10000003304099000007433.821
10000006228361000005397.251
10000002734304000003422.621
10000006215558000004560.831
10000006213643000003371.881
10000004522541000010056.191
10000006215540000008822.971
10000000950994000006273.241
10000010195647000007164.761
10000006214493000007825.261
10000004451724000005745.031
10000004845266000011773.101
10000003188849000002684.571
10000006214526000009834.611
10000009333191000004285.191
10000001878020000003231.901
10000004782450000005764.311
10000010231954000003021.801
10000004092312000010865.181
10000004215419000010504.791
10000004144709000008465.961
10000006263987000006105.241
10000009770096000012373.221
10000006229559000006731.281
10000003334517000003172.171
10000006254530000009027.441
10000003985360000006185.131
10000006229567000004360.051
10000006229541000005407.981
