REMUNERACIONES SEPTIEMBRE/2014    0014330092014
10000003903776001081513.04000000000000000000
10000003304065000007329.531
10000004646234000002708.321
10000002643878000006229.271
10000004144238000003048.941
10000002674443000010538.641
10000003280439000009103.971
10000009376547000009830.881
10000002742505000005729.461
10000006214625000008269.081
10000006228741000006944.261
10000001515630000009538.861
10000002735592000005429.971
10000004144189000009669.731
10000003364415000003540.511
10000004812504000010347.221
10000003943376000007209.121
10000003730153000018895.771
10000002735758000005241.851
10000003252777000008833.231
10000003303934000005966.081
10000002732689000004673.981
10000006212405000010890.171
10000007558337000003849.851
10000007820330000006021.091
10000008992691000005975.941
10000007739078000002710.001
10000003279614000004806.601
10000006318758000007244.751
10000004645830000007973.821
10000006586610000003404.571
10000002736011000004554.111
10000004182808000012093.821
10000002738968000002490.221
10000002738900000007247.031
10000006830603000006235.351
10000006347278000005231.051
10000002737564000002815.581
10000006255398000009949.381
10000006228973000005658.721
10000006782614000005984.281
10000009922465000007127.681
10000014024272000012653.291
10000006532986000009685.651
10000002737499000004605.391
10000009015939000004324.161
10000006211291000004973.811
10000003280281000002524.081
10000010709456000003977.231
10000002741937000006416.611
10000010193013000008190.921
10000006983197000001788.201
10000003999197000005411.971
10000010519483000004771.721
10000008990091000004145.761
10000002736293000004245.441
10000002733869000005950.391
10000010551807000012345.081
10000003978084000003699.891
10000002939920000002808.561
10000009871539000005821.681
10000003693426000005327.451
10000003718505000005511.831
10000010525266000021069.991
10000006233419000006176.631
10000006215566000006320.791
10000004649634000003734.271
10000008993178000004583.541
10000003304247000010213.451
10000000952495000005272.381
10000002284549000011986.631
10000009048162000010144.961
10000004004143000006303.901
10000003328081000002248.441
10000002058689000005658.981
10000003304073000009952.231
10000006214633000002338.591
10000004962672000009145.791
10000016210564000030730.511
10000006229583000002984.761
10000006212463000006830.371
10000009006730000005054.851
10000002733033000003207.891
10000002734362000006778.341
10000010647028000010700.011
10000006755968000009536.501
10000003188774000003071.881
10000002737209000003409.901
10000003468853000005745.161
10000006214732000027735.601
10000002738611000007447.891
10000003980047000005662.251
10000004913279000028329.791
10000002289036000012126.401
10000004649486000003031.811
10000006264133000003390.981
10000006256362000002513.411
10000003696959000004265.871
10000006264993000011017.001
10000004645971000007920.121
10000003223025000006206.111
10000006646787000002963.881
10000004143503000004715.851
10000003280140000005397.001
10000003204182000004047.101
10000009016771000002001.371
10000003987580000015709.361
10000009029732000004337.521
10000004653346000009238.401
10000010983498000002780.721
10000006318732000002395.651
10000006211639000015912.631
10000014224559000012417.521
10000003189128000004680.531
10000003304099000007693.531
10000017304994000019549.291
10000006228361000005687.251
10000002734304000004189.541
10000006215558000009601.771
10000006213643000003329.061
10000004522541000010298.391
10000006215540000027972.541
10000000950994000005382.291
10000010195647000007012.621
10000006214493000007536.291
10000004451724000005397.051
10000004845266000011959.801
10000003188849000003512.101
10000009527471000032494.891
10000006214526000006295.131
10000009333191000004465.091
10000001878020000003110.191
10000004782450000006932.851
10000010231954000003582.711
10000004092312000011271.471
10000004215419000010216.581
10000006263987000006027.541
10000009770096000012643.221
10000006229559000007052.081
10000003334517000003524.041
10000006254530000018616.111
10000003985360000008190.871
10000006229567000003853.151
10000006229541000004148.311
