BONOS JUNIO/2014    0013816062014
10000003903776000054301.50
10000003304065000000387.501
10000004646234000000350.001
10000002643878000000362.501
10000004144238000000512.501
10000002674443000000525.001
10000003280439000000306.001
10000009376547000000512.501
10000002742505000000333.001
10000006214625000000462.501
10000006228741000000525.001
10000001515630000000412.501
10000002735592000000450.001
10000004144189000000378.001
10000003364415000000180.001
10000004812504000000386.001
10000003943376000000450.001
10000003730153000000350.001
10000004038233000000300.001
10000002735758000000396.001
10000003252777000000360.001
10000003303934000000450.001
10000002732689000000450.001
10000006212405000000312.501
10000007558337000000270.001
10000007820330000000437.501
10000008992691000000525.001
10000007739078000000362.501
10000003279614000000450.001
10000006318758000000400.001
10000004645830000000050.001
10000006586610000000252.001
10000002736011000000297.001
10000004182808000000437.501
10000002738968000000144.001
10000002738900000000351.001
10000006830603000000400.001
10000006347278000000512.501
10000002737564000000387.001
10000006255398000000387.501
10000006228973000000487.501
10000006782614000000325.001
10000009922465000000324.001
10000014024272000000475.001
10000006532986000000475.001
10000002737499000000360.001
10000009015939000000261.001
10000006211291000000300.001
10000003280281000000378.001
10000010709456000000312.501
10000002741937000000412.501
10000010193013000000378.001
10000006983197000000400.001
10000003999197000000400.001
10000010519483000000500.001
10000008990091000000487.501
10000002736293000000279.001
10000002733869000000378.001
10000010551807000000400.001
10000003978084000000512.501
10000002939920000000369.001
10000009871539000000378.001
10000003693426000000405.001
10000003718505000000412.501
10000010525266000000275.001
10000006233419000000437.501
10000006215566000000369.001
10000004649634000000462.501
10000008993178000000396.001
10000003304247000000425.001
10000000952495000000525.001
10000002284549000000333.001
10000009048162000000450.001
10000004004143000000525.001
10000003328081000000262.501
10000002058689000000525.001
10000003304073000000500.001
10000006214633000000500.001
10000004962672000000475.001
10000006229583000000325.001
10000006212463000000378.001
10000009006730000000090.001
10000002733033000000325.001
10000002734362000000288.001
10000010647028000000225.001
10000006755968000000475.001
10000003188774000000324.001
10000002737209000000324.001
10000003468853000000487.501
10000002738611000000216.001
10000003980047000000375.001
10000002289036000000450.001
10000004649486000000512.501
10000006264133000000512.501
10000006256362000000275.001
10000003696959000000350.001
10000006264993000000198.001
10000004645971000000500.001
10000003223025000000450.001
10000004507890000000324.001
10000006646787000000378.001
10000004143503000000187.501
10000003280140000000378.001
10000007632511000000333.001
10000003204182000000315.001
10000009016771000000504.001
10000009029732000000378.001
10000004653346000000362.501
10000010983498000000475.001
10000006318732000000378.001
10000006211639000000487.501
10000014224559000000475.001
10000003189128000000189.001
10000003304099000000512.501
10000006228361000000500.001
10000002734304000000369.001
10000006215558000000500.001
10000006213643000000500.001
10000004522541000000315.001
10000000950994000000575.001
10000010195647000000360.001
10000006214493000000450.001
10000004451724000000525.001
10000004845266000000425.001
10000003188849000000315.001
10000006214526000000362.501
10000009333191000000512.501
10000001878020000000425.001
10000004782450000000400.001
10000010231954000000387.001
10000004092312000000437.501
10000004215419000000475.001
10000006263987000000512.501
10000009770096000000500.001
10000006229559000000050.001
10000003334517000000550.001
10000003985360000000450.001
10000006229567000000487.501
10000006229541000000475.001
