BONOS NOVIEMBRE/2014    0003111122014
10000012028903000007195.2700000000000000
10000015870997000000156.601
10000004649618000000289.711
10000004768319000000328.861
10000011169071000000172.261
10000003979371000000250.561
10000004616766000000340.541
10000011664477000000281.881
10000010472657000000105.961
10000013053660000000062.641
10000013225821000000342.001
10000004530156000000306.001
10000007033173000000306.001
10000007515824000000109.621
10000014117663000000156.601
10000013097759000000297.541
10000004144072000000297.541
10000003422982000000342.001
10000006751734000000342.001
10000003274078000000090.001
10000003978589000000306.001
10000013968421000000281.881
10000002273120000000336.541
10000010930390000000125.281
10000011631658000000195.751
10000003304859000000180.091
10000004143800000000324.001
10000003622293000000109.621
10000017012472000000093.961
10000004653180000000288.001
10000017713773000000281.881
10000011104762000000093.961
