REMUNERACIONES JUNIO/2014    0014430062014
10000003903776001004991.01000000000000000000
10000003304065000007500.831
10000004646234000004408.291
10000002643878000004887.011
10000004144238000002975.641
10000002674443000010531.781
10000003280439000009059.551
10000009376547000009000.531
10000002742505000004117.291
10000006214625000008344.081
10000006228741000007003.131
10000001515630000009595.661
10000002735592000005581.051
10000004144189000009369.561
10000003364415000002157.381
10000004812504000010059.501
10000003943376000007356.121
10000003730153000009844.261
10000004038233000007391.74
10000002735758000005281.401
10000003252777000008816.441
10000003303934000005702.821
10000002732689000004380.141
10000006212405000008731.201
10000007558337000003807.791
10000007820330000009888.251
10000008992691000006047.221
10000007739078000004686.881
10000003279614000004685.501
10000006318758000007227.701
10000004645830000007859.171
10000006586610000003404.571
10000002736011000003410.111
10000004182808000011623.201
10000002738968000001809.931
10000002738900000006778.551
10000006830603000003815.971
10000006347278000005231.251
10000002737564000003509.131
10000006255398000009927.071
10000006228973000005649.381
10000006782614000006244.661
10000009922465000006652.481
10000014024272000012657.191
10000006532986000009570.981
10000002737499000004695.061
10000009015939000002222.761
10000006211291000006191.781
10000003280281000001956.891
10000010709456000004042.091
10000002741937000006369.391
10000010193013000008190.921
10000006983197000001766.551
10000003999197000005511.271
10000010519483000004771.121
10000008990091000004164.671
10000002736293000004229.011
10000002733869000006724.501
10000010551807000011800.191
10000003978084000006610.241
10000002939920000002664.911
10000009871539000005814.241
10000003693426000004936.641
10000003718505000005533.031
10000010525266000012643.991
10000006233419000006228.101
10000006215566000006193.721
10000004649634000003454.951
10000008993178000003565.801
10000003304247000010210.741
10000000952495000004943.341
10000002284549000009649.891
10000009048162000010145.551
10000004004143000006306.701
10000003328081000002223.801
10000002058689000005460.631
10000003304073000010003.611
10000006214633000002322.451
10000004962672000009251.801
10000016210564000029034.801
10000006229583000002983.591
10000006212463000006828.471
10000009006730000003960.041
10000002733033000003071.981
10000002734362000006769.071
10000010647028000010648.931
10000006755968000010156.311
10000003188774000002578.881
10000002737209000003640.201
10000003468853000004931.591
10000006214732000026028.511
10000002738611000006307.021
10000003980047000005537.541
10000002289036000012223.681
10000004649486000005944.541
10000006264133000003093.161
10000006256362000002411.721
10000003696959000004416.501
10000006264993000010793.401
10000004645971000007919.621
10000003223025000004509.341
10000004507890000011420.301
10000006646787000002949.241
10000004143503000004715.751
10000003280140000003938.911
10000007632511000004596.251
10000003204182000002664.101
10000009016771000002330.621
10000003987580000014388.921
10000009029732000004323.621
10000004653346000009651.551
10000010983498000002814.191
10000006318732000002382.461
10000006211639000006033.601
10000014224559000011214.981
10000003189128000005894.791
10000003304099000007652.781
10000006228361000005687.351
10000002734304000004202.441
10000006215558000009612.371
10000006213643000003418.221
10000004522541000010298.991
10000006215540000026221.061
10000000950994000006442.821
10000010195647000007472.341
10000006214493000007324.911
10000004451724000005470.901
10000004845266000011959.811
10000003188849000002213.051
10000009527471000030698.391
10000006214526000006258.861
10000009333191000004465.091
10000001878020000003117.881
10000004782450000006900.551
10000010231954000003341.131
10000004092312000008503.251
10000004215419000010028.451
10000006263987000006094.031
10000009770096000012545.591
10000006229559000006776.201
10000003334517000003524.041
10000006254530000017356.861
10000003985360000008189.971
10000006229567000003868.411
10000006229541000004854.391
