AGUINALDOS 2013    0014413122013
10000003903776001268037.07000000000000000000
10000003304065000005832.001
10000004646234000005832.001
10000002643878000010404.001
10000004144238000002948.401
10000003280439000015105.601
10000009376547000010854.001
10000002742505000007517.551
10000006214625000010818.001
10000006228741000008244.001
10000001515630000014472.001
10000002735592000006911.781
10000004144189000008208.001
10000004649444000007128.001
10000003364415000006131.501
10000004812504000012898.801
10000003943376000009180.001
10000002947874000015462.001
10000003730153000012960.001
10000004038233000014526.001
10000002735758000007837.931
10000003252777000010245.601
10000003303934000009180.001
10000002732689000008646.601
10000006212405000013608.001
10000007558337000005887.351
10000007820330000011736.001
10000008992691000005832.001
10000007739078000005292.001
10000003279614000006537.041
10000006318758000009540.001
10000004645830000009180.001
10000006586610000004924.801
10000002736011000008101.761
10000004182808000013608.001
10000002738968000007683.301
10000002738900000008947.801
10000006830603000013140.001
10000006347278000007092.001
10000002737564000005849.821
10000006255398000013356.001
10000006228973000014184.001
10000004646292000008269.561
10000006782614000006026.401
10000009922465000007890.961
10000006532986000012258.001
10000002737499000008492.901
10000009015939000006148.641
10000006211291000008352.001
10000003280281000006692.931
10000010709456000002177.701
10000002741937000013482.001
10000010193013000009603.361
10000006983197000003877.331
10000003999197000005292.001
10000010519483000005832.001
10000008990091000005832.001
10000002736293000006703.201
10000002733869000008151.651
10000010551807000017990.001
10000003978084000008208.001
10000002939920000006219.271
10000009871539000006998.401
10000003693426000006494.111
10000004649585000005292.001
10000003718505000006825.151
10000010525266000013500.001
10000006233419000008388.001
10000006215566000007056.001
10000004649634000006156.001
10000008993178000005313.581
10000003304247000012522.001
10000009869104000014706.001
10000000952495000006804.001
10000002284549000012258.001
10000009048162000012258.001
10000004004143000007128.001
10000003328081000003127.801
10000002058689000009144.001
10000003304073000012258.001
10000006214633000005940.001
10000004962672000010422.001
10000006229583000007092.001
10000006212463000008208.001
10000009006730000004473.161
10000002733033000008352.001
10000002734362000011073.601
10000006755968000012258.001
10000003188774000006630.051
10000002737209000006564.581
10000003468853000009180.001
10000006214732000014922.001
10000002738611000009168.131
10000003980047000007365.601
10000002289036000013356.001
10000004649486000007128.001
10000006264133000005202.001
10000006256362000003744.001
10000003696959000005832.001
10000006264993000014760.001
10000004645971000009180.001
10000003223025000009576.001
10000004507890000012960.001
10000006646787000004924.801
10000004143503000005832.001
10000003280140000005450.401
10000007632511000005210.861
10000003204182000006100.341
10000009016771000004402.321
10000003987580000013140.001
10000009029732000006998.401
10000004653346000012258.001
10000010983498000004212.001
10000006318732000004212.001
10000006211639000013482.00
10000003189128000005683.821
10000003304099000009180.001
10000006228361000006768.001
10000002734304000008556.731
10000006215558000007761.601
10000006213643000006298.801
10000004522541000012258.001
10000006215540000014706.001
10000000950994000009078.711
10000010195647000008208.001
10000006214493000013482.001
10000004451724000007128.001
10000004845266000013500.001
10000003188849000006083.371
10000006214526000014472.001
10000009333191000005292.001
10000001878020000005904.001
10000004782450000007128.001
10000010231954000004010.001
10000004092312000012960.001
10000004215419000012960.001
10000004144709000010422.001
10000006263987000013770.001
10000009770096000014436.001
10000006229559000006432.001
10000003334517000003646.431
10000006254530000014760.001
10000003985360000009676.801
10000006229567000006228.001
10000006229541000008064.001
