BONOS AGOSTO/2014    0003223092014
10000012028903000007137.6300000000000000
10000015870997000000360.001
10000004649618000000297.541
10000011169071000000046.981
10000003979371000000274.051
10000004616766000000360.001
10000010497556000000313.201
10000011664477000000270.001
10000010472657000000306.001
10000013053660000000031.321
10000013225821000000234.901
10000004530156000000342.001
10000010676506000000015.661
10000007033173000000360.001
10000007515824000000360.001
10000013097759000000086.131
10000004144072000000289.711
10000003422982000000351.001
10000006751734000000360.001
10000003978589000000342.001
10000012339251000000046.981
10000013968421000000156.601
10000002273120000000313.201
10000012022575000000093.961
10000011631658000000270.001
10000003304859000000125.281
10000010209464000000072.001
10000004143800000000250.561
10000003622293000000046.981
10000017012472000000207.001
10000004653180000000351.001
10000005439133000000093.961
10000011104762000000109.621
