REMUNERACIONES MAYO/2012    0018931052012
10000003903776000998954.57000000000000000000
10000003304065000004270.561
10000006265008000001822.761
10000002643878000006774.061
10000004144238000001986.511
10000003280439000008183.521
10000009376547000009165.451
10000002742505000003733.251
10000006214625000007486.661
10000003303942000000767.561
10000004451667000004103.821
10000006228717000003974.111
10000003217094000003501.581
10000006229335000003632.531
10000006253904000006306.211
10000006228741000003907.321
10000009006532000002250.851
10000001515630000007403.011
10000007620623000006601.471
10000002735592000005194.201
10000003364415000002435.081
10000004812504000007332.171
10000002386832000004013.201
10000002947874000011593.941
10000003730153000004347.661
10000002735758000005546.651
10000007670933000006533.811
10000009337359000006612.141
10000003252777000003857.541
10000008973740000006013.141
10000003303934000005986.451
10000002732689000003790.161
10000006212405000008665.011
10000006131100000009860.121
10000007558337000003987.441
10000007820330000008480.351
10000007897628000004656.911
10000008992691000004405.561
10000009527455000007740.681
10000007739078000005901.951
10000003279614000002692.531
10000006212538000005978.761
10000006318758000003963.701
10000000952437000003507.841
10000006586610000002973.491
10000002736011000003370.881
10000004182808000010474.801
10000002738968000004052.831
10000009464368000003627.361
10000006256130000002800.901
10000006228642000003198.191
10000002738900000006281.881
10000004653049000005427.541
10000006830603000006106.891
10000004144741000008345.671
10000006347278000005239.221
10000002737564000003157.001
10000006255398000009420.121
10000006228973000005075.601
10000004646292000006190.841
10000004877219000005177.111
10000002737499000004276.611
10000009015939000002280.211
10000006348763000005421.041
10000006211291000004806.731
10000003280281000002088.481
10000002741937000007088.361
10000002574726000004052.011
10000006983197000003563.951
10000003999197000003949.111
10000004577900000008423.481
10000008990091000004428.061
10000003985203000007982.701
10000003308314000007010.051
10000002736293000003886.071
10000002733869000004005.041
10000004290594000004713.661
10000002718449000003926.901
10000001431935000003222.381
10000003978084000005569.101
10000009424304000004035.131
10000003364506000004389.371
10000002939920000001830.781
10000003693426000001766.811
10000004649585000003973.691
10000003718505000005268.201
10000007640986000004798.541
10000006233419000006937.441
10000006215566000005434.781
10000003303893000007246.171
10000004649634000003900.211
10000003622409000004143.031
10000008993178000003737.531
10000009014915000002196.301
10000009040332000006634.041
10000008955681000004191.221
10000003716145000011710.601
10000007612919000004094.481
10000009349031000007173.051
10000000952312000006733.551
10000000951257000003492.201
10000000952495000004942.171
10000002284549000004335.161
10000008524353000002701.251
10000009048162000006953.931
10000004004143000005761.141
10000003328081000004451.121
10000008936938000004281.961
10000002058689000002753.321
10000006214633000003230.131
10000004962672000008423.481
10000006229583000003397.891
10000006212463000006634.041
10000009006730000003292.491
10000006214592000002365.591
10000002733033000005787.331
10000002734362000005991.931
10000003303992000004404.661
10000006755968000009904.311
10000003188774000002858.571
10000002737209000002949.001
10000009080536000003573.451
10000003468853000004403.791
10000006214732000008235.081
10000002738611000004474.061
10000004363193000004354.061
10000002289036000010436.301
10000004649486000004349.961
10000006264133000003352.681
10000006256362000002280.091
10000003696959000004196.861
10000006264993000009900.221
10000003305691000007409.451
10000004182684000009907.411
10000003223025000004477.761
10000002737374000001609.761
10000006646787000002879.691
10000005493345000010451.101
10000003280140000001722.351
10000007632511000004819.011
10000003204182000001805.701
10000009016771000002140.761
10000004314865000008320.421
10000003987580000005649.091
10000009029732000002833.831
10000004653346000009359.011
10000003309354000008756.701
10000006318732000001877.101
10000006211639000005399.521
10000003189128000002198.691
10000003304099000006985.351
10000004904137000003860.001
10000006228361000004527.351
10000002734304000002880.441
10000003217151000002541.881
10000003303976000009336.521
10000006215558000003216.431
10000006213643000005032.761
10000004522541000009885.311
10000008083937000004155.091
10000004646028000006573.341
10000000950712000004720.771
10000006215540000007291.921
10000000950994000005389.991
10000001867833000004213.211
10000006214493000006218.531
10000002575386000003230.461
10000004845266000010911.251
10000003188849000002086.211
10000009527471000011902.081
10000006214526000009295.961
10000009333191000004011.611
10000001878020000002947.921
10000004782450000005726.641
10000004092312000009721.501
10000001875969000006377.681
10000004144709000006162.741
10000006263987000005540.541
10000004290205000009907.411
10000008027737000002629.821
10000009337557000010215.451
10000003344574000009312.311
10000004649501000005322.341
10000008988393000003323.271
10000003334517000004385.671
10000000952122000004868.401
10000006254530000009891.921
10000003985360000004657.661
10000006229567000003586.431
10000006229541000005247.441
