BONOS JUNIO/2014    0003231072014
10000012028903000022761.7500000000000000
10000015870997000000595.081
10000004649618000001035.001
10000011169071000000375.121
10000003979371000001053.001
10000004616766000001116.001
10000010497556000000636.361
10000011664477000000864.001
10000010472657000000792.001
10000013053660000000206.821
10000013225821000001056.951
10000004530156000000927.871
10000010676506000000317.161
10000007033173000000941.481
10000007515824000001044.001
10000013097759000000164.071
10000004144072000000833.761
10000003422982000000981.001
10000006751734000001116.001
10000003978589000000999.511
10000012339251000000207.631
10000013968421000000889.561
10000002273120000001053.001
10000010930390000000396.001
10000012022575000000415.081
10000011631658000000764.011
10000003304859000000642.871
10000010209464000000192.331
10000004143800000001107.001
10000003622293000000315.001
10000004653180000000693.441
10000005439133000000635.041
10000011104762000000395.611
