REMUNERACIONES NOVIEMBRE/2013    0015129112013
10000003903776000929840.82000000000000000000
10000003304065000004579.771
10000004646234000004578.171
10000002643878000008455.741
10000004144238000005821.141
10000002674443000009633.461
10000003280439000008864.851
10000009376547000009522.081
10000002742505000004736.091
10000006214625000008632.791
10000006228741000004605.481
10000001515630000009341.311
10000002735592000004540.571
10000004144189000007060.281
10000004649444000005530.811
10000003364415000003798.291
10000004812504000007831.351
10000003943376000007356.541
10000002947874000013453.061
10000003730153000010473.681
10000004038233000011975.651
10000002735758000005444.271
10000003252777000005750.701
10000003303934000006345.071
10000002732689000004703.531
10000006212405000009051.041
10000007558337000004042.941
10000007820330000009308.411
10000008992691000004787.871
10000007739078000003457.131
10000003279614000004647.281
10000006318758000007152.271
10000004645830000007591.941
10000006586610000003296.641
10000002736011000003237.941
10000004182808000011258.421
10000002738968000004021.461
10000006228642000002628.931
10000002738900000006232.701
10000006830603000007795.221
10000006347278000004915.911
10000002737564000003791.211
10000006255398000008351.611
10000006228973000004430.341
10000004646292000006155.301
10000006782614000005366.831
10000009922465000006419.441
10000014024272000011779.151
10000006532986000010128.291
10000002737499000004767.061
10000009015939000003468.101
10000006211291000004587.161
10000003280281000001510.141
10000010709456000005384.351
10000002741937000006390.081
10000010193013000008040.551
10000006983197000002385.891
10000003999197000004263.691
10000010519483000004770.491
10000008990091000004671.251
10000002736293000003755.011
10000002733869000006562.351
10000010551807000011184.481
10000003978084000006684.761
10000002939920000002141.881
10000009871539000005634.891
10000003693426000004270.001
10000004649585000004145.541
10000003718505000005242.891
10000010525266000011759.151
10000006233419000006155.201
10000006215566000005327.101
10000004649634000004130.061
10000008993178000003866.761
10000003304247000010469.921
10000009869104000014223.911
10000000952495000004684.401
10000002284549000009407.531
10000009048162000009812.931
10000004004143000006120.951
10000003328081000002563.841
10000002058689000004254.281
10000003304073000009930.311
10000006214633000002563.361
10000004962672000009043.111
10000006229583000003142.721
10000006212463000006659.561
10000009006730000003560.111
10000002733033000002793.921
10000002734362000006232.941
10000010647028000010615.931
10000006755968000009980.011
10000003188774000002536.931
10000002737209000003164.691
10000003468853000004727.351
10000006214732000009356.411
10000002738611000006840.821
10000003980047000006249.031
10000004363193000004036.081
10000002289036000010991.551
10000004649486000005764.631
10000006264133000002611.351
10000006256362000002695.071
10000003696959000003794.481
10000006264993000010289.501
10000004645971000007958.491
10000003223025000004308.811
10000004507890000011032.711
10000006646787000002952.771
10000004143503000004716.351
10000003280140000002245.331
10000007632511000003851.641
10000003204182000002560.701
10000009016771000001883.821
10000003987580000006162.491
10000009029732000004294.411
10000004653346000009793.841
10000010983498000002793.801
10000006318732000002243.811
10000006211639000006199.90
10000014224559000003299.561
10000003189128000001894.941
10000003304099000007535.721
10000006228361000005401.461
10000002734304000004191.051
10000006215558000004921.761
10000006213643000003404.941
10000004522541000010061.291
10000006215540000008354.071
10000000950994000007128.271
10000010195647000007164.761
10000006214493000007999.801
10000004451724000005745.031
10000004845266000011773.401
10000003188849000002694.881
10000006214526000009837.111
10000009333191000004285.191
10000001878020000003247.631
10000004782450000005823.911
10000010231954000003238.031
10000004092312000010262.141
10000004215419000010509.091
10000004144709000008466.561
10000006263987000006037.281
10000009770096000012351.021
10000006229559000006751.781
10000003334517000003046.181
10000000952122000003446.161
10000006254530000009036.941
10000003985360000006074.431
10000006229567000004359.601
10000006229541000005398.571
