REMUNERACIONES MAYO/2011    0005013062011
10000003904930000124727.96
10000003280439000005171.221
10000002742505000002392.091
10000002735592000003869.031
10000003364415000002295.661
10000002386832000002250.371
10000002735758000003545.991
10000003252777000001581.091
10000002732689000002570.701
10000003279614000001474.381
10000009524370000002008.881
10000002736011000001537.101
10000002735857000001677.971
10000002738968000002329.711
10000002738900000004099.471
10000002737564000001655.561
10000002737499000003721.171
10000003280281000001776.531
10000002574726000002258.581
10000002736293000001934.161
10000002733869000002467.571
10000002718449000002042.731
10000009526350000003157.811
10000001431935000004629.651
10000003364506000002200.381
10000002939920000001190.121
10000009523120000002597.871
10000009512570000003080.961
10000009524950000002813.011
10000002058689000003230.261
10000002733033000002194.181
10000002734362000003289.541
10000003188774000001626.571
10000002737209000001985.951
10000002738611000001111.861
10000002737374000001094.661
10000003280140000002091.651
10000003204182000001748.021
10000003189128000001925.111
10000002734304000002981.601
10000009507120000002836.071
10000009539720000002540.501
10000009509940000002722.331
10000001867833000002671.601
10000002575386000003203.201
10000003188849000002289.701
10000009513300000004841.521
10000001878020000001475.121
10000001875969000002790.331
10000009521220000003773.431
