BONOS ENERO/2014    0001626062014
10000012028903000003402.0000000000000000
10000011169071000000126.001
10000013225821000000351.001
10000004530156000000108.001
10000003311375000000342.001
10000007515824000000378.001
10000004144072000000081.001
10000003422982000000351.001
10000006751734000000108.001
10000003978589000000369.001
10000012339251000000153.001
10000012022103000000126.001
10000011631658000000297.001
10000010209464000000108.001
10000004143800000000108.001
10000003622293000000018.001
10000004653180000000378.001
