BONOS SEPTIEMBRE/2014    0003216102014
10000012028903000007697.7800000000000000
10000015870997000000352.861
10000004649618000000289.711
10000011169071000000247.241
10000003979371000000378.001
10000004616766000000378.001
10000010497556000000234.901
10000011664477000000378.001
10000010472657000000234.001
10000013053660000000133.111
10000013225821000000062.641
10000004530156000000378.001
10000010676506000000099.001
10000007033173000000360.001
10000007515824000000198.001
10000013097759000000093.961
10000004144072000000328.861
10000003422982000000359.201
10000006751734000000378.001
10000003978589000000351.001
10000012339251000000126.001
10000013968421000000288.001
10000002273120000000342.001
10000010930390000000108.001
10000011631658000000109.621
10000003304859000000133.111
10000010209464000000031.321
10000004143800000000360.001
10000003622293000000234.901
10000017012472000000180.091
10000004653180000000378.001
10000005439133000000109.621
10000011104762000000062.641
