REMUNERACIONES AGOSTO/2013    0016630082013
10000003903776000903318.58000000000000000000
10000003304065000004163.061
10000004646234000004234.161
10000002643878000007968.901
10000004144238000001747.181
10000003280439000008430.521
10000009376547000008289.281
10000002742505000004925.061
10000006214625000007993.711
10000004451667000003766.221
10000003217094000002252.071
10000006228741000003064.541
10000001515630000008562.821
10000002735592000004977.431
10000004144189000006535.441
10000004649444000005281.841
10000003364415000002569.081
10000004812504000006364.231
10000003943376000006586.871
10000002386832000003290.961
10000002947874000012527.181
10000003730153000009663.001
10000004038233000011061.801
10000002735758000005655.261
10000003252777000004803.221
10000003303934000005821.031
10000002732689000004015.461
10000006212405000008656.921
10000007558337000003970.541
10000007820330000008616.581
10000008992691000004428.061
10000007739078000003311.711
10000003279614000004651.691
10000006318758000003519.031
10000004645830000007234.161
10000006586610000003035.401
10000002736011000002388.331
10000004182808000010464.921
10000002738968000003480.791
10000006228642000002809.231
10000002738900000005782.541
10000004653049000005668.241
10000006830603000006274.001
10000006347278000004575.631
10000002737564000003228.751
10000006255398000010060.831
10000006228973000003542.441
10000004646292000005255.621
10000003217309000002706.211
10000006782614000004481.891
10000009922465000005848.811
10000006532986000009378.011
10000002737499000004035.951
10000009015939000003197.671
10000006211291000004129.581
10000003280281000002599.811
10000001070945600004277.211
10000002741937000005527.071
10000001019301300007412.451
10000002574726000003903.291
10000006983197000001705.421
10000003999197000003948.911
10000001051948300004694.541
10000008990091000004231.561
10000002736293000003390.591
10000006255687000003538.151
10000002733869000005994.591
10000002718449000003704.121
10000001055180700007725.291
10000003978084000006152.771
10000002939920000002195.031
10000009871539000005218.721
10000003693426000003374.781
10000004649585000003878.091
10000003718505000004717.251
10000001052526600010887.151
10000006233419000005646.401
10000006215566000004957.791
10000004649634000002673.731
10000008993178000003826.561
10000003304247000009383.811
10000009869104000013192.131
10000000952312000006078.381
10000000952495000004354.051
10000002284549000009193.181
10000009048162000009363.611
10000004004143000005666.841
10000003328081000002359.561
10000002058689000004083.291
10000003304073000009081.141
10000006214633000002226.991
10000004962672000008395.451
10000006229583000002715.621
10000006212463000006160.841
10000009006730000003275.781
10000002733033000002582.331
10000002734362000005437.571
10000001064702800009860.121
10000006755968000009201.711
10000003188774000001627.151
10000002737209000002577.051
10000003468853000004139.121
10000006214732000008296.671
10000002738611000006514.731
10000003980047000005170.741
10000003217648000002934.071
10000004363193000003493.331
10000002289036000010217.731
10000004649486000005335.141
10000006264133000002295.091
10000006256362000002472.391
10000003696959000003396.801
10000006264993000009493.301
10000004645971000007189.941
10000003223025000004592.231
10000004507890000010437.401
10000006646787000002682.481
10000004143503000004360.761
10000003280140000001756.961
10000007632511000003789.021
10000003204182000002031.201
10000009016771000001134.911
10000003987580000005199.721
10000009029732000003857.991
10000001100266900008081.001
10000004653346000009097.731
10000001098349800003178.711
10000003309354000008939.301
10000006318732000002006.251
10000006211639000005318.49
10000003189128000001856.701
10000003304099000006879.611
10000006228361000004997.281
10000002734304000003245.771
10000003217151000002526.741
10000006215558000003896.071
10000006213643000003020.731
10000004522541000009369.411
10000000950712000004973.001
10000006215540000007372.581
10000000950994000005892.301
10000001867833000003996.951
10000001019564700006634.041
10000006214493000006943.931
10000002575386000004655.891
10000004451724000005282.941
10000004845266000010905.791
10000003188849000002569.041
10000006214526000009041.421
10000009333191000003962.611
10000001878020000002781.171
10000004782450000005412.941
10000001023195400002810.181
10000004092312000009906.001
10000004215419000010251.821
10000001875969000006233.941
10000004144709000007812.081
10000006263987000005325.991
10000009770096000011704.321
10000008988393000001656.551
10000006229559000004769.301
10000003334517000002949.801
10000000952122000005686.941
10000006254530000008222.121
10000003985360000010874.551
10000006229567000004252.921
10000006229541000004950.241
