BONOS ENERO/2015    0002623022015
10000004410085000007396.6200000000000000
10000006423408000000351.001
10000010905814000000350.371
10000004649593000000093.961
10000010999601000000140.941
10000012084046000000324.001
10000013406736000000313.201
10000013947681000000270.001
10000009792652000000315.001
10000010960975000000093.961
10000010207640000000360.001
10000007636365000000297.541
10000006214568000000313.201
10000008759140000000360.001
10000013878985000000198.001
10000004988678000000342.001
10000015761469000000324.001
10000004646268000000360.001
10000003335523000000155.941
10000007687772000000324.001
10000017594793000000342.001
10000008103339000000360.001
10000006229533000000203.581
10000016497716000000305.371
10000006211986000000288.001
10000010232621000000360.001
10000004645781000000250.561
