AGUINALDOS 2014    0014008122014
10000003903776001590155.2900000000000000
10000003304065000010314.001
10000004646234000006487.001
10000002643878000011566.801
10000004144238000006631.001
10000002674443000011907.001
10000003280439000016656.001
10000009376547000013260.531
10000002742505000009496.801
10000006214625000012612.531
10000006228741000010573.201
10000001515630000016070.401
10000002735592000007921.831
10000004144189000012546.001
10000003364415000007622.271
10000004812504000017304.001
10000003943376000010170.001
10000003730153000024291.001
10000002735758000008302.561
10000003252777000011310.001
10000003303934000010314.001
10000002732689000009377.581
10000006212405000016756.601
10000007558337000009625.201
10000007820330000013251.601
10000008992691000008057.001
10000007739078000006631.001
10000003279614000007359.731
10000006318758000012949.201
10000004645830000010170.001
10000006586610000005481.601
10000002736011000010552.421
10000004182808000015973.201
10000002738968000008853.841
10000002738900000011721.591
10000006830603000016195.001
10000006347278000007981.001
10000002737564000006476.191
10000006255398000016454.201
10000006228973000017447.801
10000006782614000007705.511
10000009922465000009625.201
10000014024272000015979.001
10000006532986000013700.001
10000002737499000009605.191
10000009015939000007605.991
10000006211291000011566.801
10000003280281000007235.551
10000010709456000007463.001
10000002741937000014952.801
10000010193013000011050.801
10000006983197000004849.001
10000003999197000007463.001
10000010519483000006487.001
10000008990091000006631.001
10000002736293000008108.401
10000002733869000008956.091
10000010551807000019724.201
10000003978084000009245.001
10000002939920000006932.811
10000009871539000007914.001
10000003693426000008456.691
10000003718505000007981.001
10000010525266000024291.001
10000006233419000009245.001
10000006215566000008715.801
10000004649634000007463.001
10000008993178000006680.241
10000003304247000013959.201
10000000952495000007981.001
10000002284549000016195.001
10000009048162000013700.001
10000004004143000008057.001
10000003328081000004136.001
10000003304073000013484.001
10000006214633000006944.201
10000016210564000023647.001
10000006229583000007981.001
10000006212463000009245.001
10000009006730000006903.641
10000002733033000010497.801
10000002734362000012303.601
10000010647028000011236.671
10000006755968000013700.001
10000003188774000007429.551
10000002737209000007915.721
10000003468853000012690.001
10000006214732000039297.601
10000002738611000010313.491
10000003980047000008566.421
10000004913279000016050.001
10000002289036000017332.601
10000004649486000008057.001
10000006264133000007722.201
10000006256362000004136.001
10000003696959000007463.001
10000006264993000017010.001
10000004645971000010170.001
10000003223025000010573.201
10000006646787000005827.201
10000004143503000006415.001
10000003280140000008173.201
10000003204182000007685.661
10000009016771000006673.591
10000003987580000024291.001
10000009029732000007914.001
10000004653346000013700.001
10000010983498000004633.001
10000006318732000004697.601
10000006211639000025543.801
10000014224559000015979.001
10000003189128000007471.701
10000003304099000010314.001
10000017304994000008025.001
10000006228361000007722.201
10000002734304000010706.001
10000006215558000015307.601
10000006213643000007289.801
10000004522541000013700.001
10000006215540000039806.001
10000000950994000008401.411
10000006214493000015210.131
10000004451724000007913.001
10000004845266000015066.001
10000003188849000007578.841
10000009527471000025393.601
10000006214526000016070.401
10000009333191000006037.001
10000001878020000006101.801
10000004782450000009245.001
10000010231954000004920.001
10000004092312000014472.001
10000004215419000014472.001
10000006263987000015298.401
10000009770096000017102.201
10000006229559000008575.001
10000003334517000004706.131
10000006254530000026235.001
10000003985360000010314.001
10000006229567000006944.201
10000006229541000011221.201
