REMUNERACIONES JULIO/2011    0010502082011
10000003903776000388356.12
10000006265008000002449.801
10000003280439000005106.051
10000002742505000002519.891
10000006214625000004177.341
10000003303942000003343.471
10000006228717000002913.161
10000006229335000003613.951
10000006253904000004647.151
10000006228741000002969.411
10000001515630000004268.721
10000002735592000003815.541
10000003364415000002493.781
10000002386832000002074.931
10000004401547000011583.461
10000002735758000003062.641
10000003996466000008065.191
10000003252777000001572.221
10000006265016000010220.691
10000002732689000002272.911
10000006212405000005315.161
10000006210938000011241.271
10000003279614000001937.601
10000006212538000005120.831
10000006318758000002722.951
10000009524370000002820.961
10000006586610000002165.591
10000002736011000001550.701
10000002735857000001659.411
10000006318774000007054.891
10000002738968000002172.491
10000006256130000001370.601
10000006228642000001619.701
10000002738900000004288.871
10000004144741000008041.591
10000006347278000003621.261
10000002737564000001554.541
10000006255398000008218.671
10000006228973000002466.781
10000002737499000003506.001
10000006348763000006771.611
10000006211291000002205.591
10000003280281000001603.821
10000002741937000002792.241
10000002574726000002264.271
10000002736293000001901.231
10000002733869000002464.871
10000002718449000001725.831
10000009526350000003475.341
10000001431935000004290.961
10000003364506000002123.971
10000002939920000001174.191
10000003718505000003709.001
10000006233419000006277.731
10000006215566000001361.991
10000003303893000004669.601
10000003716145000011641.761
10000009523120000002624.421
10000009512570000001872.351
10000009524950000003083.001
10000002058689000003389.121
10000006214633000001934.151
10000006229583000001513.711
10000006214592000001565.011
10000002733033000002154.601
10000002734362000003304.901
10000003188774000001595.861
10000002737209000002188.491
10000006214732000007886.181
10000006255629000008870.661
10000002738611000002038.371
10000006313261000008166.651
10000006264133000001727.121
10000006256362000002733.081
10000006264993000007971.341
10000006597196000003300.301
10000003223025000002039.381
10000002737374000000775.281
10000003280140000002054.841
10000003204182000001911.611
10000004314865000006223.941
10000003987580000004487.241
10000006318732000001293.211
10000006211639000001300.621
10000003189128000002187.171
10000006228361000003949.591
10000006318766000009588.181
10000002734304000002492.071
10000006215558000002778.561
10000006213643000003642.451
10000009507120000002210.231
10000006215540000007798.101
10000009509940000003235.981
10000001867833000002660.691
10000006214493000002184.231
10000002575386000002421.061
10000003188849000000905.671
10000006214526000009713.311
10000001878020000001561.341
10000001875969000002842.351
10000006263987000001377.751
10000009521220000003751.721
10000006254530000007959.841
10000006229567000001379.531
10000006229541000003143.481
