REMUNERACIONES FEBRERO/2012    0019229022012
10000003903776000977303.65
10000003304065000004109.791
10000006265008000002471.151
10000004144238000003178.711
10000006738146000005523.201
10000003280439000008065.461
10000002742505000003250.741
10000006214625000007372.241
10000004451667000005086.101
10000006228717000004245.311
10000003217094000002591.331
10000006229335000004332.541
10000006253904000005523.441
10000006228741000004318.871
10000009006532000002592.511
10000001515630000006611.901
10000007620623000005522.001
10000002735592000005018.931
10000003364415000002401.791
10000004812504000008007.351
10000002386832000002952.321
10000004401547000011575.261
10000003730153000004428.061
10000002735758000004462.281
10000007670933000005699.371
10000003252777000003723.931
10000008973740000006140.241
10000006265016000010805.381
10000003303934000007010.051
10000006615138000005147.211
10000002732689000003471.861
10000006212405000008413.411
10000006131100000009907.411
10000006210938000011904.381
10000004995053000010125.641
10000007558337000003754.921
10000007820330000008542.951
10000007897628000003235.831
10000008992691000004428.061
10000007739078000005788.491
10000003279614000002977.031
10000006212538000005831.011
10000006318758000003845.021
10000009028354000002594.131
10000000952437000003587.721
10000006586610000002719.791
10000002736011000002769.821
10000004182808000010474.801
10000002735857000002021.571
10000006318774000010721.601
10000002738968000003409.501
10000006256130000001687.851
10000006228642000002768.131
10000002738900000005511.211
10000004653049000005761.141
10000006830603000006753.751
10000004144741000008255.311
10000007693563000010911.251
10000006347278000004055.541
10000002737564000002980.031
10000006255398000008887.871
10000006228973000004014.281
10000004646292000006260.441
10000002737499000003359.941
10000009015939000002933.971
10000006348763000005602.441
10000006211291000004216.791
10000003280281000002394.211
10000002741937000006480.071
10000002574726000003832.341
10000006983197000003754.921
10000003999197000004277.211
10000009032933000007956.391
10000008990091000004428.061
10000003308314000007419.651
10000002736293000002484.151
10000006255687000007419.651
10000002733869000002190.501
10000004290594000004713.661
10000002718449000003687.971
10000000952635000004269.271
10000001431935000005631.281
10000003978084000005761.141
10000003364506000004260.261
10000002939920000002196.611
10000003693426000002605.481
10000004649585000004277.211
10000003718505000004184.191
10000007640986000003283.851
10000009028833000001990.841
10000006233419000006293.581
10000006215566000004635.061
10000003303893000006954.401
10000004649634000004277.211
10000003622409000003454.531
10000008993178000003196.341
10000009014915000002592.511
10000009040332000004848.911
10000008955681000001590.071
10000003716145000011710.801
10000007612919000003454.531
10000000952312000004961.761
10000000951257000001722.021
10000000952495000005383.591
10000002284549000004713.661
10000008524353000003089.401
10000009048162000007347.101
10000004004143000005761.141
10000003328081000002955.461
10000008936939000002955.461
10000002058689000002160.881
10000006214633000002733.221
10000004962672000009907.411
10000006229583000002151.051
10000006212463000006448.621
10000009006730000002592.511
10000006214592000002245.611
10000002733033000002737.931
10000002734362000005386.751
10000003303992000004713.661
10000006755968000009577.161
10000003188774000002512.941
10000002737209000003312.041
10000003468853000007419.651
10000006214732000007701.031
10000006255629000010081.231
10000002738611000002744.501
10000007542752000002609.971
10000006735845000005761.141
10000004363193000004428.061
10000006313261000010882.351
10000004649486000004428.061
10000006264133000002029.201
10000006256362000003227.211
10000003696959000004713.661
10000006264993000008761.181
10000003305691000006663.931
10000004182684000007032.251
10000003223025000004305.921
10000002737374000001319.081
10000006646787000002459.811
10000003981483000009907.411
10000003280140000001612.401
10000007632511000003838.351
10000003204182000002075.321
10000009016771000002506.091
10000004314865000007876.751
10000003987580000005683.261
10000009029732000003404.311
10000004653346000009493.451
10000003309354000009165.451
10000006318732000001796.921
10000006211639000004885.061
10000003189128000002495.791
10000003304099000007419.651
10000006228361000004414.041
10000006318766000009925.801
10000002734304000001959.931
10000003217151000001987.581
10000003303976000009907.411
10000006215558000003438.601
10000006213643000004267.641
10000003304081000009577.161
10000008083937000002912.261
10000004646028000006634.041
10000000950712000003811.531
10000006215540000007391.851
10000000950994000004294.811
10000009066792000005304.481
10000001867833000003824.961
10000003691610000002592.511
10000006214493000005339.321
10000002575386000001892.241
10000003188849000002158.111
10000006214526000008518.431
10000004813065000011106.801
10000001878020000001898.561
10000004782450000005761.141
10000004092312000009961.081
10000001875969000005916.001
10000004144709000006634.041
10000006263987000004468.821
10000008027737000002582.721
10000006659095000008423.481
10000003344574000009907.411
10000004649501000005761.141
10000008988393000002638.121
10000003334517000003454.531
10000000952122000004697.711
10000006254530000008740.181
10000003985360000004713.661
10000006229567000003188.291
10000006229541000004040.271
