REMUNERACIONES DICIEMBRE/2014    0002123122014
10000013881102000079188.7500000000000000
10000015614006000002592.001
10000016513801000001722.601
10000016676972000004446.001
10000013071109000005410.801
10000009542015000003774.601
10000002902505000003430.951
10000003311375000004351.201
10000011353046000007546.801
10000016075588000002247.301
10000010644818000007683.601
10000003999048000002433.901
10000004452839000002576.551
10000005003673000001830.601
10000015426914000004795.201
10000011054173000003029.401
10000015473171000003697.951
10000013917808000006078.601
10000007738947000004584.601
10000014315514000003098.701
10000017011846000001702.801
10000017149233000002154.601
