REMUNERACIONES OCTUBRE/2014    0014331102014
10000003903776001063778.11000000000000000000
10000003304065000007443.731
10000004646234000002656.941
10000002643878000006147.221
10000004144238000003042.121
10000002674443000010539.521
10000003280439000009102.201
10000009376547000009936.081
10000002742505000004332.181
10000006214625000008118.931
10000006228741000006816.021
10000001515630000009594.761
10000002735592000005521.221
10000004144189000009751.191
10000003364415000003101.531
10000004812504000010330.351
10000003943376000007516.421
10000003730153000019242.161
10000002735758000005252.501
10000003252777000008829.481
10000003303934000005708.881
10000002732689000004125.391
10000006212405000010891.371
10000007558337000003843.951
10000007820330000005926.621
10000008992691000005946.241
10000007739078000002701.751
10000003279614000004723.301
10000006318758000007007.541
10000004645830000007975.621
10000006586610000003404.571
10000002736011000003973.441
10000004182808000012093.821
10000002738968000002625.391
10000002738900000007668.361
10000006830603000005295.531
10000006347278000005231.651
10000002737564000002826.201
10000006255398000009948.121
10000006228973000004269.191
10000006782614000006016.521
10000009922465000007127.681
10000014024272000011866.651
10000006532986000009685.071
10000002737499000004658.871
10000009015939000002711.331
10000006211291000004673.091
10000003280281000001550.521
10000010709456000003843.061
10000002741937000006415.151
10000010193013000008190.921
10000006983197000001556.871
10000003999197000005510.271
10000010519483000004772.581
10000008990091000003936.641
10000002736293000004248.601
10000002733869000006299.541
10000010551807000012351.901
10000003978084000003733.381
10000002939920000002829.941
10000009871539000005584.161
10000003693426000004767.971
10000003718505000005511.631
10000010525266000021090.691
10000006233419000005936.131
10000006215566000006305.341
10000004649634000003496.051
10000008993178000004343.311
10000003304247000009978.301
10000000952495000005264.101
10000002284549000011597.521
10000009048162000010299.091
10000004004143000006307.601
10000003328081000002231.121
10000002058689000005367.111
10000003304073000010003.011
10000006214633000002348.701
10000004962672000009113.331
10000016210564000030730.511
10000006229583000003013.351
10000006212463000006838.071
10000009006730000004816.291
10000002733033000002967.801
10000002734362000006778.351
10000010647028000010638.411
10000006755968000010132.711
10000003188774000002669.901
10000002737209000003801.621
10000003468853000005502.261
10000006214732000027736.681
10000002738611000006668.991
10000003980047000005309.911
10000004913279000029085.621
10000002289036000012514.401
10000004649486000003096.911
10000006264133000003157.531
10000006256362000002269.471
10000003696959000004111.861
10000006264993000011016.101
10000004645971000007961.571
10000003223025000006204.511
10000006646787000002965.951
10000004143503000004715.951
10000003280140000003960.661
10000003204182000003015.171
10000009016771000002297.141
10000003987580000016684.911
10000009029732000004740.441
10000004653346000007099.121
10000010983498000001908.751
10000006318732000002394.571
10000006211639000016044.341
10000014224559000012456.011
10000003189128000004271.571
10000003304099000007689.131
10000017304994000019549.741
10000006228361000005660.301
10000002734304000003868.921
10000006215558000009604.071
10000006213643000003089.781
10000004522541000010297.791
10000006215540000027972.921
10000000950994000005360.421
10000010195647000007012.621
10000006214493000007792.011
10000004451724000005161.701
10000004845266000011959.821
10000003188849000002484.251
10000009527471000032494.891
10000006214526000006052.581
10000009333191000004613.811
10000001878020000003127.501
10000004782450000006830.851
10000010231954000003266.331
10000004092312000011299.071
10000004215419000010218.361
10000006263987000006135.851
10000009770096000012520.421
10000006229559000007072.781
10000003334517000003500.781
10000006254530000018614.731
10000003985360000008188.771
10000006229567000003844.631
10000006229541000003930.671
