BONOS JULIO/2014    0003219082014
10000012028903000008915.54000000000000000000
10000015870997000000360.181
10000004649618000000378.001
10000011169071000000108.001
10000003979371000000395.521
10000004616766000000409.181
10000010497556000000360.181
10000011664477000000227.071
10000010472657000000412.181
10000013053660000000108.001
10000013225821000000407.181
10000004530156000000412.181
10000010676506000000090.001
10000007033173000000414.001
10000007515824000000360.181
10000013097759000000072.001
10000004144072000000360.181
10000003422982000000414.001
10000006751734000000405.001
10000003978589000000396.001
10000012339251000000126.001
10000013968421000000360.181
10000002273120000000235.411
10000010930390000000252.001
10000012022575000000234.001
10000011631658000000234.001
10000003304859000000090.001
10000010209464000000090.001
10000004143800000000405.001
10000003622293000000216.001
10000017012472000000093.961
10000004653180000000396.001
10000011104762000000093.961
