REMUNERACIONES AGOSTO/2011    0007317082011
10000003903776000078800.00
10000006265008000000700.001
10000003280439000001840.001
10000003303942000000500.001
10000006253904000001000.001
10000001515630000002460.001
10000002735592000000760.001
10000003364415000000700.001
10000002386832000000880.001
10000002735758000000880.001
10000003252777000000700.001
10000002732689000000800.001
10000006212405000001600.001
10000003279614000000710.001
10000006318758000000800.001
10000009524370000000500.001
10000006586610000000700.001
10000002736011000001160.001
10000002735857000000880.001
10000006228642000000500.001
10000002738900000001000.001
10000006347278000001250.001
10000002737564000000700.001
10000002737499000000880.001
10000006211291000000700.001
10000003280281000000710.001
10000002741937000001630.001
10000002574726000000500.001
10000002736293000000420.001
10000002733869000000880.001
10000002718449000000710.001
10000009526350000001010.001
10000003364506000000600.001
10000002939920000000700.001
10000003718505000000880.001
10000006215566000000700.001
10000009523120000001010.001
10000009512570000000440.001
10000009524950000001100.001
10000002058689000000400.001
10000006214633000000500.001
10000006229583000000500.001
10000006214592000000700.001
10000002733033000001000.001
10000002734362000001600.001
10000003188774000000720.001
10000002737209000000720.001
10000006214732000004000.001
10000002738611000001010.001
10000006264993000002000.001
10000006597196000002600.001
10000003223025000001650.001
10000002737374000000720.001
10000003280140000000940.001
10000003204182000000710.001
10000004314865000000800.001
10000003987580000002700.001
10000006211639000001700.001
10000003189128000000720.001
10000002734304000001010.001
10000006215558000001730.001
10000009507120000001010.001
10000006215540000003300.001
10000009509940000001010.001
10000001867833000000820.001
10000006214493000000500.001
10000002575386000000710.001
10000003188849000000720.001
10000006214526000001940.001
10000001878020000000400.001
10000001875969000002320.001
10000006263987000000500.001
10000009521220000001250.001
10000006254530000002000.001
