BONOS SEPTIEMBRE/2014    0012016102014
10000003903776000037199.9700000000000000
10000017150660000000407.161
10000016735380000000328.861
10000006553718000000198.001
10000010474877000000328.861
10000006374396000000387.001
10000014015601000000315.001
10000004495475000000125.281
10000016222428000000377.861
10000011574452000000378.001
10000015856640000000337.541
10000011049249000000315.001
10000004649428000000360.001
10000011036072000000378.001
10000004646755000000333.001
10000013756701000000344.521
10000004029191000000289.051
10000010914419000000172.261
10000016714540000000378.001
10000011049083000000324.001
10000012192055000000324.001
10000012270041000000090.001
10000015463172000000198.001
10000010644446000000378.001
10000013534644000000360.001
10000003986508000000351.001
10000017611167000000187.921
10000016735885000000328.861
10000004284943000000288.001
10000004144551000000258.391
10000014317809000000378.001
10000017171103000000414.001
10000010973936000000324.001
10000009024980000000450.001
10000013535361000000277.731
10000013350206000000360.001
10000013979163000000344.521
10000013488908000000351.001
10000010556485000000285.221
10000014034528000000297.001
10000003165657000000378.001
10000014314285000000227.071
10000004989840000000297.541
10000015668136000000311.051
10000013947681000000378.001
10000010704422000000109.621
10000007704146000000338.541
10000011349657000000378.001
10000011436272000000360.001
10000017520714000000161.941
10000010208664000000219.241
10000015442803000000407.161
10000017230446000000369.001
10000010659495000000093.961
10000010408040000000369.001
10000004807232000000324.001
10000015443257000000407.161
10000004284373000000243.001
10000014234079000000321.031
10000004456427000000252.001
10000006531152000000377.861
10000010658752000000203.581
10000015695212000000215.921
10000012165292000000342.001
10000014023208000000342.001
10000012121723000000360.001
10000004649569000000046.981
10000016702016000000378.001
10000015668095000000270.001
10000011696256000000126.001
10000015685792000000369.001
10000010648034000000270.001
10000014854231000000360.001
10000006427343000000250.561
10000013491274000000378.001
10000014480078000000369.001
10000011072406000000360.001
10000014617233000000378.001
10000016166973000000328.861
10000004782012000000373.861
10000015464104000000377.861
10000016763943000000378.001
10000003980196000000377.861
10000015444586000000288.001
10000015667823000000287.561
10000015482817000000407.161
10000003984445000000198.001
10000014798372000000351.001
10000007212248000000180.001
10000012791443000000321.031
10000016135051000000046.981
10000015608554000000369.001
10000011049778000000369.001
10000003702780000000180.001
10000015551521000000341.541
10000014005165000000360.001
10000011063637000000324.001
10000004649600000000360.001
10000005703984000000361.031
10000004661620000000270.001
10000017334644000000450.001
10000015404936000000350.031
10000010672405000000378.001
10000015444370000000407.161
10000004921496000000377.861
10000010557904000000078.301
10000002982359000000078.301
10000003996086000000360.001
10000015473874000000216.001
10000011049166000000328.861
10000014143999000000377.861
10000016992336000000342.001
10000011410482000000234.901
10000003718208000000378.001
10000015470044000000377.861
10000011651771000000360.001
10000006531780000000328.861
10000007097450000000333.001
10000003492539000000360.001
10000011579121000000378.001
10000008237542000000189.001
