REMUNERACIONES MARZO/2014    0014531032014
10000003903776000962243.33000000000000000000
10000003304065000007105.641
10000004646234000004224.871
10000002643878000008530.941
10000004144238000003301.471
10000002674443000008382.031
10000003280439000008967.461
10000009376547000009599.051
10000002742505000003676.031
10000006214625000008270.561
10000006228741000004945.101
10000001515630000009346.011
10000002735592000004556.081
10000004144189000009771.891
10000003364415000001851.321
10000004812504000007827.651
10000003943376000007397.371
10000002947874000020352.921
10000003730153000010286.481
10000004038233000011950.25
10000002735758000005030.751
10000003252777000008761.721
10000003303934000006157.941
10000002732689000003791.911
10000006212405000010344.541
10000007558337000006490.881
10000007820330000009559.411
10000008992691000005987.531
10000007739078000004028.681
10000003279614000004662.011
10000006318758000007470.511
10000004645830000007974.521
10000006586610000003296.641
10000002736011000003071.031
10000004182808000011702.791
10000002738968000002417.231
10000002738900000006317.411
10000006830603000004083.441
10000006347278000004915.411
10000002737564000003491.381
10000006255398000009824.691
10000006228973000005728.251
10000006782614000006044.581
10000009922465000006947.771
10000014024272000012657.091
10000006532986000009304.471
10000002737499000004728.711
10000009015939000002700.941
10000006211291000006290.631
10000003280281000002264.841
10000010709456000004079.911
10000002741937000006042.361
10000010193013000008011.011
10000006983197000002053.271
10000003999197000005480.291
10000010519483000004769.791
10000008990091000004461.391
10000002736293000004061.931
10000002733869000005891.721
10000010551807000011143.601
10000003978084000006834.691
10000002939920000002250.111
10000009871539000005644.561
10000003693426000004025.801
10000003718505000005188.191
10000010525266000012649.891
10000006233419000006276.731
10000006215566000005999.371
10000004649634000003703.101
10000008993178000003870.241
10000003304247000010469.921
10000009869104000014689.051
10000000952495000004669.141
10000002284549000010077.151
10000009048162000010139.731
10000004004143000006268.571
10000003328081000002345.461
10000002058689000005611.471
10000003304073000010003.111
10000006214633000002811.701
10000004962672000009254.491
10000006229583000003186.871
10000006212463000006987.581
10000009006730000004527.991
10000002733033000003208.631
10000002734362000006554.281
10000010647028000010621.711
10000006755968000010128.131
10000003188774000002034.211
10000002737209000003045.211
10000003468853000006354.601
10000006214732000015703.561
10000002738611000007239.661
10000003980047000006113.501
10000002289036000012025.811
10000004649486000005914.851
10000006264133000003543.591
10000006256362000002504.991
10000003696959000004462.521
10000006264993000010716.501
10000004645971000007995.921
10000003223025000004569.261
10000004507890000011233.901
10000006646787000003776.511
10000004143503000004716.351
10000003280140000003871.011
10000007632511000004180.951
10000003204182000002460.611
10000009016771000002318.231
10000003987580000013167.481
10000009029732000004296.761
10000004653346000010143.131
10000010983498000002803.681
10000006318732000002255.021
10000006211639000005956.001
10000014224559000011108.481
10000003189128000003728.491
10000003304099000007624.691
10000006228361000005413.641
10000002734304000004262.271
10000006215558000009604.911
10000006213643000003185.131
10000004522541000010217.531
10000006215540000015423.771
10000000950994000005034.161
10000010195647000006805.861
10000006214493000007510.241
10000004451724000005796.031
10000004845266000011772.831
10000003188849000002154.351
10000006214526000005936.581
10000009333191000004435.111
10000001878020000002890.731
10000004782450000006903.271
10000010231954000003380.441
10000004092312000010572.881
10000004215419000010357.021
10000004144709000008595.191
10000006263987000006136.931
10000009770096000012486.481
10000006229559000006723.081
10000003334517000003650.231
10000006254530000010339.161
10000003985360000008121.291
10000006229567000004077.631
10000006229541000004207.371
