REMUNERACIONES FEBRERO/2014    0014528022014
10000003903776000974525.18000000000000000000
10000003304065000007463.141
10000004646234000004494.371
10000002643878000008473.741
10000004144238000003578.051
10000002674443000008382.031
10000003280439000008837.981
10000009376547000009769.981
10000002742505000004369.921
10000006214625000008464.161
10000006228741000005211.751
10000001515630000009290.511
10000002735592000005620.791
10000004144189000009774.421
10000003364415000003297.861
10000004812504000007774.851
10000003943376000007026.921
10000002947874000020333.621
10000003730153000010484.781
10000004038233000011551.85
10000002735758000005378.511
10000003252777000008750.431
10000003303934000006470.591
10000002732689000004471.281
10000006212405000010554.941
10000007558337000006490.231
10000007820330000009569.111
10000008992691000005817.231
10000007739078000003931.921
10000003279614000004326.341
10000006318758000007786.861
10000004645830000007717.121
10000006586610000003296.641
10000002736011000003374.661
10000004182808000011063.081
10000002738968000003993.181
10000002738900000006243.541
10000006830603000004716.341
10000006347278000004914.911
10000002737564000004031.591
10000006255398000009904.081
10000006228973000005601.861
10000006782614000005868.331
10000009922465000006951.011
10000014024272000012656.791
10000006532986000009407.661
10000002737499000004409.151
10000009015939000002966.131
10000006211291000006164.091
10000003280281000001754.841
10000010709456000005263.901
10000002741937000006177.921
10000010193013000008011.011
10000006983197000002245.751
10000003999197000005485.671
10000010519483000004770.221
10000008990091000004680.031
10000002736293000004068.991
10000002733869000005745.451
10000010551807000010773.621
10000003978084000006750.491
10000002939920000002235.341
10000009871539000005631.241
10000003693426000004690.311
10000003718505000005093.111
10000010525266000012653.191
10000006233419000006188.231
10000006215566000005927.061
10000004649634000003993.911
10000008993178000003667.251
10000003304247000010469.921
10000009869104000021702.071
10000000952495000004661.271
10000002284549000010024.881
10000009048162000008617.401
10000004004143000006276.871
10000003328081000002344.611
10000002058689000005939.831
10000003304073000009903.511
10000006214633000002784.351
10000004962672000009254.491
10000006229583000003122.501
10000006212463000006494.521
10000009006730000005094.361
10000002733033000003581.671
10000002734362000006706.981
10000010647028000010421.711
10000006755968000010031.231
10000003188774000002640.251
10000002737209000003339.041
10000003468853000006392.401
10000006214732000015618.621
10000002738611000006763.391
10000003980047000005825.951
10000002289036000012057.711
10000004649486000005861.251
10000006264133000003788.141
10000006256362000003705.751
10000003696959000004348.091
10000006264993000010568.761
10000004645971000007958.171
10000003223025000004436.481
10000004507890000011209.891
10000006646787000003776.511
10000004143503000004641.451
10000003280140000003887.341
10000007632511000004461.451
10000003204182000002873.351
10000009016771000002917.411
10000003987580000007256.021
10000009029732000004285.931
10000004653346000010145.331
10000010983498000002756.181
10000006318732000002269.841
10000006211639000005764.091
10000014224559000011400.101
10000003189128000004258.211
10000003304099000007563.341
10000006228361000005363.341
10000002734304000003368.761
10000006215558000008968.881
10000006213643000003166.071
10000004522541000009869.511
10000006215540000015075.171
10000000950994000005012.481
10000010195647000008165.531
10000006214493000007746.351
10000004451724000005716.031
10000004845266000011773.391
10000003188849000002745.691
10000006214526000005955.101
10000009333191000004235.191
10000001878020000002910.191
10000004782450000006733.671
10000010231954000003400.361
10000004092312000011394.411
10000004215419000010657.281
10000004144709000008519.091
10000006263987000006010.031
10000009770096000013447.661
10000006229559000006729.681
10000003334517000003590.131
10000006254530000010358.891
10000003985360000008120.341
10000006229567000004036.411
10000006229541000004417.091
