BONOS JULIO/2014    0001819082014
10000013881102000004769.6500000000000000
10000016513801000000203.581
10000016676972000000125.281
10000013071109000000219.241
10000009542015000000144.001
10000002902505000000414.001
10000003311375000000414.001
10000011353046000000405.001
10000016075588000000093.961
10000010644818000000396.001
10000004452839000000396.181
10000007859131000000072.001
10000015426914000000125.281
10000011054173000000410.181
10000015473171000000353.031
10000013917808000000414.001
10000007738947000000396.001
10000014315514000000046.981
10000017011846000000140.941
