BONOS JULIO/2014    0013514072014
10000003903776000049845.50
10000003304065000000450.001
10000004646234000000362.501
10000002643878000000387.501
10000004144238000000462.501
10000002674443000000450.001
10000003280439000000306.001
10000009376547000000450.001
10000002742505000000288.001
10000006214625000000350.001
10000006228741000000500.001
10000001515630000000325.001
10000002735592000000486.001
10000004144189000000279.001
10000003364415000000252.001
10000004812504000000306.001
10000003943376000000500.001
10000003730153000000412.501
10000002735758000000306.001
10000003252777000000342.001
10000003303934000000475.001
10000002732689000000324.001
10000006212405000000250.001
10000007558337000000108.001
10000007820330000000425.001
10000008992691000000225.001
10000007739078000000387.501
10000003279614000000360.001
10000006318758000000475.001
10000004645830000000450.001
10000006586610000000216.001
10000002736011000000324.001
10000004182808000000275.001
10000002738968000000216.001
10000002738900000000342.001
10000006830603000000275.001
10000006347278000000362.501
10000002737564000000198.001
10000006255398000000350.001
10000006228973000000312.501
10000006782614000000462.501
10000009922465000000360.001
10000014024272000000475.001
10000006532986000000387.501
10000002737499000000360.001
10000009015939000000324.001
10000006211291000000400.001
10000003280281000000351.001
10000010709456000000450.001
10000002741937000000325.001
10000010193013000000108.001
10000006983197000000287.501
10000003999197000000500.001
10000010519483000000225.001
10000008990091000000487.501
10000002736293000000351.001
10000002733869000000432.001
10000010551807000000350.001
10000003978084000000475.001
10000002939920000000333.001
10000009871539000000360.001
10000003693426000000342.001
10000003718505000000200.001
10000010525266000000225.001
10000006233419000000462.501
10000006215566000000324.001
10000004649634000000450.001
10000008993178000000378.001
10000003304247000000487.501
10000000952495000000500.001
10000002284549000000306.001
10000009048162000000375.001
10000004004143000000437.501
10000003328081000000350.001
10000002058689000000430.001
10000003304073000000450.001
10000006214633000000487.501
10000004962672000000150.001
10000006229583000000337.501
10000006212463000000270.001
10000009006730000000252.001
10000002733033000000475.001
10000002734362000000108.001
10000010647028000000270.001
10000006755968000000412.501
10000003188774000000162.001
10000002737209000000396.001
10000003468853000000437.501
10000002738611000000306.001
10000003980047000000375.001
10000002289036000000462.501
10000004649486000000500.001
10000006264133000000487.501
10000006256362000000287.501
10000003696959000000475.001
10000006264993000000153.001
10000004645971000000450.001
10000003223025000000400.001
10000006646787000000360.001
10000004143503000000125.001
10000003280140000000360.001
10000007632511000000306.001
10000003204182000000360.001
10000009016771000000378.001
10000009029732000000351.001
10000004653346000000412.501
10000010983498000000400.001
10000006318732000000342.001
10000006211639000000475.001
10000014224559000000500.001
10000003189128000000342.001
10000003304099000000425.001
10000006228361000000500.001
10000002734304000000351.001
10000006215558000000487.501
10000006213643000000475.001
10000004522541000000108.001
10000000950994000000525.001
10000010195647000000135.001
10000006214493000000500.001
10000004451724000000450.001
10000004845266000000475.001
10000003188849000000351.001
10000006214526000000362.501
10000009333191000000487.501
10000001878020000000375.001
10000004782450000000475.001
10000010231954000000360.001
10000004092312000000387.501
10000004215419000000337.501
10000006263987000000375.001
10000009770096000000475.001
10000003334517000000525.001
10000003985360000000475.001
10000006229567000000500.001
10000006229541000000475.001
