REMUNERACIONES ENERO/2015    0014130012015
10000003903776001128492.84000000000000000000
10000003304065000008293.281
10000004646234000002802.101
10000002643878000007287.541
10000004144238000003218.731
10000002674443000011237.381
10000003280439000010335.991
10000009376547000011885.921
10000002742505000004821.481
10000006214625000010816.541
10000006228741000005191.281
10000001515630000010645.881
10000002735592000005863.581
10000004144189000010929.261
10000003364415000003788.991
10000004812504000011593.671
10000003943376000008227.981
10000003730153000015542.501
10000002735758000005757.741
10000003252777000009703.091
10000003303934000006503.041
10000002732689000004586.611
10000006212405000011796.791
10000007558337000004580.221
10000007820330000006580.221
10000008992691000006562.661
10000007739078000002806.971
10000003279614000005341.531
10000006318758000007744.961
10000004645830000008963.491
10000006586610000003744.131
10000002736011000003847.861
10000004182808000013204.741
10000002738968000002143.941
10000002738900000007323.021
10000006830603000006426.711
10000006347278000005680.701
10000002737564000003254.761
10000006255398000011086.581
10000006228973000007873.331
10000006782614000007062.671
10000009922465000007829.601
10000014024272000013061.811
10000006532986000010713.861
10000002737499000005319.231
10000009015939000002892.971
10000006211291000005456.671
10000003280281000002177.751
10000010709456000004433.061
10000002741937000007045.471
10000010193013000008999.181
10000006983197000002117.231
10000003999197000005811.921
10000008990091000004422.621
10000002736293000004979.041
10000002733869000006807.291
10000003978084000004435.471
10000002939920000003292.431
10000009871539000006158.651
10000003693426000005309.931
10000003718505000005966.491
10000010525266000021090.691
10000006233419000006725.871
10000006215566000006876.021
10000004649634000003655.211
10000008993178000004183.181
10000003304247000010989.921
10000000952495000005729.131
10000002284549000012855.471
10000009048162000011313.131
10000004004143000006926.741
10000003328081000002255.791
10000003304073000011185.591
10000006214633000002790.451
10000016210564000030906.511
10000006229583000003656.051
10000006212463000007513.961
10000009006730000005218.601
10000002733033000003948.661
10000002734362000007596.911
10000010647028000011724.041
10000006755968000011159.291
10000003188774000003490.961
10000002737209000004183.841
10000003468853000005494.331
10000006214732000027956.781
10000002738611000008013.721
10000003980047000006072.161
10000018056669000011209.841
10000004913279000030614.681
10000002289036000013436.771
10000004649486000003314.421
10000006264133000003484.011
10000006256362000002762.041
10000003696959000004666.721
10000006264993000012159.001
10000004645971000008992.091
10000003223025000006322.801
10000006646787000003309.501
10000004143503000005314.541
10000018187084000008406.031
10000003280140000004551.061
10000003204182000003305.291
10000018130041000003429.951
10000009016771000003115.351
10000003987580000016457.251
10000009029732000005510.811
10000004653346000008529.451
10000010983498000002412.271
10000006318732000002701.161
10000006211639000014753.471
10000014224559000013469.491
10000003189128000004575.471
10000003304099000008247.551
10000017304994000019552.521
10000006228361000006249.451
10000002734304000003796.951
10000006215558000010651.101
10000006213643000003558.941
10000004522541000011312.531
10000006215540000028216.141
10000000950994000006931.271
10000006214493000006877.201
10000004451724000006005.161
10000004845266000013130.451
10000003188849000004047.601
10000009527471000032681.691
10000006214526000007146.051
10000009333191000004900.401
10000001878020000003503.751
10000004782450000006102.251
10000010231954000003611.571
10000004092312000011504.941
10000004215419000011290.961
10000006263987000006937.741
10000009770096000013731.421
10000006229559000007593.441
10000003334517000003626.291
10000006254530000016397.491
10000003985360000008989.991
10000006229567000004400.201
10000006229541000004892.811
