REMUNERACIONES DICIEMBRE/2014    0013930122014
10000003903776001109538.31000000000000000000
10000003304065000007898.601
10000004646234000003299.901
10000002643878000007019.711
10000004144238000003191.411
10000002674443000007908.631
10000003280439000010314.361
10000009376547000011876.121
10000002742505000004653.521
10000006214625000010820.401
10000006228741000005223.511
10000001515630000010648.181
10000002735592000006170.171
10000004144189000010925.661
10000003364415000002310.191
10000004812504000011576.181
10000003943376000007955.131
10000003730153000015526.751
10000002735758000006487.551
10000003252777000009708.171
10000003303934000006501.351
10000002732689000003808.401
10000006212405000011789.051
10000007558337000004563.531
10000007820330000006964.731
10000008992691000006529.991
10000007739078000003197.621
10000003279614000005224.591
10000006318758000008133.101
10000004645830000008918.611
10000006586610000003756.821
10000002736011000005195.161
10000004182808000013204.741
10000002738968000002246.891
10000002738900000007219.981
10000006830603000006807.891
10000006347278000005666.451
10000002737564000003304.981
10000006255398000011142.331
10000006228973000007966.831
10000006782614000006933.561
10000009922465000007829.601
10000014024272000013062.111
10000006532986000010710.821
10000002737499000006067.801
10000009015939000002911.281
10000006211291000005449.881
10000003280281000002466.911
10000010709456000004492.281
10000002741937000007431.881
10000010193013000008999.181
10000006983197000002111.501
10000003999197000005682.911
10000010519483000005433.971
10000008990091000004412.421
10000002736293000004971.021
10000002733869000007131.421
10000003978084000004386.761
10000002939920000003233.901
10000009871539000006149.491
10000003693426000004927.501
10000003718505000005966.491
10000010525266000021090.691
10000006233419000006615.761
10000006215566000006906.221
10000004649634000004028.201
10000008993178000004566.641
10000003304247000010988.621
10000000952495000005608.651
10000002284549000013167.671
10000009048162000011255.051
10000004004143000006919.641
10000003328081000002118.711
10000003304073000011184.191
10000006214633000002817.981
10000016210564000030730.511
10000006229583000003567.921
10000006212463000007504.661
10000009006730000005087.011
10000002733033000003927.371
10000002734362000007591.641
10000010647028000011703.741
10000006755968000011157.891
10000003188774000001914.171
10000002737209000004140.531
10000003468853000005464.961
10000006214732000027740.111
10000002738611000007501.291
10000003980047000006505.051
10000004913279000030437.911
10000002289036000013477.481
10000004649486000003701.071
10000006264133000003873.241
10000006256362000002738.041
10000003696959000004907.211
10000006264993000012136.001
10000004645971000008990.791
10000003223025000006587.421
10000006646787000003328.251
10000004143503000004512.971
10000003280140000004538.841
10000003204182000002823.711
10000009016771000003233.761
10000003987580000016452.991
10000009029732000005506.921
10000004653346000008355.811
10000010983498000002405.841
10000006318732000002696.611
10000006211639000016258.781
10000014224559000013631.661
10000003189128000003978.831
10000003304099000008243.641
10000017304994000019551.671
10000006228361000006226.351
10000002734304000003372.381
10000006215558000010531.951
10000006213643000003446.381
10000004522541000011310.731
10000006215540000027974.841
10000000950994000007274.551
10000006214493000007093.431
10000004451724000006003.861
10000004845266000013123.461
10000003188849000002607.981
10000009527471000032494.891
10000006214526000007129.991
10000009333191000004900.401
10000001878020000003480.961
10000004782450000007616.251
10000010231954000003366.591
10000004092312000011233.721
10000004215419000011281.671
10000006263987000006912.021
10000009770096000013727.201
10000006229559000007591.641
10000003334517000003625.841
10000006254530000018624.201
10000003985360000008946.511
10000006229567000004241.011
10000006229541000004805.341
