BONOS MAYO/2014    0013616052014
10000003903776000052916.00
10000003304065000000462.501
10000004646234000000350.001
10000002643878000000437.501
10000004144238000000462.501
10000002674443000000525.001
10000003280439000000234.001
10000009376547000000475.001
10000002742505000000396.001
10000006214625000000475.001
10000006228741000000487.501
10000001515630000000362.501
10000002735592000000378.001
10000004144189000000342.001
10000003364415000000324.001
10000004812504000000450.001
10000003943376000000475.001
10000003730153000000450.001
10000004038233000000350.001
10000002735758000000288.001
10000003252777000000270.001
10000003303934000000437.501
10000002732689000000540.001
10000006212405000000250.001
10000007558337000000279.001
10000007820330000000400.001
10000008992691000000437.501
10000007739078000000525.001
10000003279614000000270.001
10000006318758000000500.001
10000006586610000000234.001
10000004182808000000200.001
10000002738968000000252.001
10000002738900000000207.001
10000006830603000000325.001
10000006347278000000450.001
10000002737564000000270.001
10000006255398000000237.501
10000006228973000000387.501
10000006782614000000275.001
10000009922465000000378.001
10000014024272000000500.001
10000006532986000000500.001
10000002737499000000378.001
10000009015939000000414.001
10000006211291000000400.001
10000003280281000000378.001
10000010709456000000525.001
10000002741937000000300.001
10000010193013000000378.001
10000006983197000000462.501
10000003999197000000487.501
10000010519483000000525.001
10000008990091000000500.001
10000002736293000000333.001
10000002733869000000522.001
10000010551807000000275.001
10000003978084000000512.501
10000002939920000000333.001
10000009871539000000378.001
10000003693426000000405.001
10000003718505000000525.001
10000010525266000000225.001
10000006233419000000450.001
10000006215566000000252.001
10000004649634000000512.501
10000008993178000000378.001
10000003304247000000525.001
10000000952495000000475.001
10000002284549000000342.001
10000009048162000000275.001
10000004004143000000350.001
10000003328081000000275.001
10000002058689000000425.001
10000003304073000000500.001
10000006214633000000425.001
10000004962672000000350.001
10000006229583000000475.001
10000006212463000000270.001
10000009006730000000432.001
10000002733033000000500.001
10000002734362000000378.001
10000010647028000000171.001
10000006755968000000450.001
10000003188774000000333.001
10000002737209000000252.001
10000003468853000000462.501
10000002738611000000306.001
10000003980047000000400.001
10000002289036000000500.001
10000004649486000000525.001
10000006264133000000487.501
10000006256362000000187.501
10000003696959000000325.001
10000006264993000000054.001
10000004645971000000500.001
10000003223025000000325.001
10000004507890000000288.001
10000006646787000000378.001
10000004143503000000100.001
10000003280140000000378.001
10000007632511000000378.001
10000003204182000000342.001
10000009016771000000378.001
10000009029732000000378.001
10000004653346000000400.001
10000010983498000000400.001
10000006318732000000288.001
10000006211639000000512.501
10000014224559000000500.001
10000003189128000000297.001
10000003304099000000325.001
10000006228361000000512.501
10000002734304000000387.001
10000006215558000000525.001
10000006213643000000525.001
10000004522541000000288.001
10000000950994000000450.001
10000010195647000000378.001
10000006214493000000450.001
10000004451724000000525.001
10000004845266000000450.001
10000003188849000000324.001
10000006214526000000325.001
10000009333191000000512.501
10000001878020000000400.001
10000004782450000000325.001
10000010231954000000360.001
10000004092312000000475.001
10000004215419000000475.001
10000006263987000000350.001
10000009770096000000525.001
10000006229559000000050.001
10000003334517000000550.001
10000003985360000000475.001
10000006229567000000500.001
10000006229541000000462.501
