BONOS ENERO/2014    0007226062014
10000003903776000022212.0000000000000000
10000006553718000000216.001
10000010474877000000072.001
10000006374396000000360.001
10000014015601000000297.001
10000004495475000000279.001
10000011574452000000279.001
10000011036072000000378.001
10000013756701000000378.001
10000010914419000000378.001
10000012192055000000378.001
10000012270041000000234.001
10000010618136000000378.001
10000010644446000000216.001
10000003986508000000108.001
10000004284943000000162.001
10000004144551000000378.001
10000014317809000000378.001
10000010973936000000378.001
10000013488908000000378.001
10000014034528000000324.001
10000014314285000000342.001
10000013947681000000360.001
10000010704422000000252.001
10000007704146000000360.001
10000011349657000000387.001
10000011436272000000378.001
10000007033173000000342.001
10000010208664000000162.001
10000010659495000000180.001
10000010408040000000306.001
10000004807232000000252.001
10000004284373000000162.001
10000014234079000000360.001
10000004456427000000522.001
10000006531152000000315.001
10000010658752000000162.001
10000012165292000000288.001
10000014023208000000369.001
10000013947615000000378.001
10000011696256000000054.001
10000010648034000000351.001
10000014854231000000270.001
10000006427343000000378.001
10000013491274000000378.001
10000014480078000000324.001
10000011072406000000378.001
10000013497884000000378.001
10000003980196000000378.001
10000010489280000000306.001
10000009027950000000378.001
10000010705553000000288.001
10000007212248000000207.001
10000012791443000000378.001
10000011049778000000288.001
10000003702780000000378.001
10000011412264000000360.001
10000011063637000000108.001
10000004649600000000378.001
10000005703984000000315.001
10000010672405000000378.001
10000004921496000000405.001
10000002982359000000216.001
10000003996086000000378.001
10000011049166000000378.001
10000003718208000000387.001
10000011651771000000360.001
10000010485402000000162.001
10000006531780000000378.001
10000007097450000000180.001
10000003492539000000315.001
10000011579121000000378.001
10000011104762000000198.001
