REMUNERACIONES MAYO/2013    0015505092013
100000039037760010960610.15
10000003304065000004935.001
10000002643878000007164.131
10000004144238000003575.001
10000003280439000013770.001
10000009805992000002270.561
10000009376547000007907.641
10000002742505000006872.351
10000006214625000009800.001
10000004451667000006776.671
10000003217094000004576.551
10000006228741000006750.001
10000001515630000012695.001
10000002735592000006471.021
10000003364415000005346.481
10000004812504000011286.941
10000002386832000007921.101
10000002947874000009148.441
10000003730153000011000.001
10000002735758000007679.241
10000003252777000009270.001
10000003303934000007791.671
10000002732689000007267.051
10000006212405000012330.001
10000006131100000010404.171
10000007558337000005317.631
10000007820330000009725.831
10000008992691000004950.001
10000007739078000006457.731
10000003279614000005567.801
10000006318758000006250.001
10000006586610000004500.001
10000002736011000007410.081
10000004182808000011000.001
10000003370420000004236.111
10000002738968000007132.511
10000006256130000004325.001
10000006228642000005680.001
10000002738900000008482.881
10000004653049000006050.001
10000006830603000008500.001
10000004144741000010875.001
10000006347278000006400.001
10000002737564000005495.171
10000006255398000012330.001
10000006228973000012370.001
10000004646292000007906.251
10000003217309000002412.371
10000009922465000003924.331
10000006532986000006084.861
10000002737499000007948.881
10000009015939000004360.431
10000006211291000007380.001
10000003280281000005120.701
10000002741937000012370.001
10000001019301300004074.441
10000002574726000006346.561
10000006983197000003328.691
10000003999197000004491.671
10000008990091000004950.001
10000003308314000008708.331
10000002736293000005863.671
10000002733869000007864.041
10000002718449000006298.631
10000001055180700007434.861
10000003978084000006966.671
10000002939920000005670.001
10000009871539000003474.001
10000003693426000004469.041
10000004649585000004491.671
10000003718505000005941.671
10000001052526600004062.501
10000006233419000005700.001
10000006215566000006420.001
10000004649634000004491.671
10000008993178000004006.721
10000009869104000009860.001
10000000952312000009070.131
10000000952495000006160.001
10000002284549000007677.081
10000009048162000007791.671
10000004004143000006050.001
10000003328081000003354.991
10000002058689000007219.331
10000006214633000005424.891
10000004962672000008845.831
10000006229583000006400.001
10000006212463000006966.671
10000009006730000003673.671
10000002733033000007535.331
10000002734362000010140.001
10000003303992000004935.001
10000006755968000010372.641
10000003188774000005547.901
10000002737209000006430.941
10000003468853000007791.671
10000006214732000013146.671
10000002738611000008014.411
10000003217648000002749.461
10000004363193000004935.001
10000004215328000003082.641
10000002289036000009833.331
10000004649486000004245.001
10000006264133000004600.001
10000006256362000003300.001
10000003696959000004845.001
10000006264993000013500.001
10000003223025000008650.001
10000004507890000006433.331
10000006646787000004500.001
10000003280140000004830.001
10000007632511000004225.941
10000003204182000005606.441
10000009016771000004328.101
10000003987580000012150.001
10000009029732000005940.001
10000004653346000010404.171
10000003309354000009508.331
10000006318732000003840.001
10000006211639000012370.00
10000003189128000005429.361
10000003304099000007791.671
10000006228361000005900.001
10000002734304000007744.911
10000003217151000003920.521
10000006215558000006750.001
10000006213643000005920.001
10000004522541000010372.641
10000000950712000008900.251
10000006215540000013600.001
10000000950994000008861.651
10000001867833000005940.001
10000001019564700004074.441
10000006214493000012370.001
10000002575386000007116.091
10000004845266000009027.781
10000003188849000005437.281
10000006214526000013020.001
10000009333191000004015.281
10000001878020000005353.331
10000004782450000006050.001
10000001023195400001963.221
10000004092312000011000.001
10000004215419000005266.671
10000001875969000011724.861
10000004144709000007738.541
10000006263987000012610.001
10000004290205000009300.691
10000009770096000007679.111
10000008988393000004576.551
10000003334517000003238.261
10000000952122000007986.241
10000006254530000013500.001
10000003985360000004188.521
10000006229567000005680.001
10000006229541000007100.331
