BONOS MARZO/2014    0009327062014
10000003903776000024399.0000000000000000
10000006553718000000144.001
10000010474877000000333.001
10000006374396000000342.001
10000014015601000000252.001
10000004495475000000135.001
10000011574452000000333.001
10000015856640000000297.001
10000004649428000000342.001
10000011036072000000333.001
10000004646755000000243.001
10000013756701000000342.001
10000004029191000000198.001
10000010914419000000252.001
10000011049083000000288.001
10000012192055000000144.001
10000012270041000000144.001
10000010618136000000342.001
10000015463172000000198.001
10000010644446000000270.001
10000003986508000000342.001
10000004284943000000126.001
10000004144551000000342.001
10000014317809000000342.001
10000010973936000000333.001
10000013350206000000198.001
10000010158413000000036.001
10000013488908000000306.001
10000010556485000000270.001
10000014034528000000342.001
10000014314285000000243.001
10000004989840000000288.001
10000013947681000000342.001
10000010704422000000297.001
10000007704146000000324.001
10000011349657000000342.001
10000011288243000000198.001
10000011436272000000333.001
10000010208664000000144.001
10000015442803000000342.001
10000010659495000000261.001
10000010408040000000306.001
10000004807232000000315.001
10000015443257000000342.001
10000004284373000000144.001
10000004456427000000144.001
10000006531152000000198.001
10000010658752000000144.001
10000012165292000000279.001
10000014023208000000324.001
10000013947615000000252.001
10000012121723000000180.001
10000003300237000000243.001
10000011696256000000018.001
10000010648034000000072.001
10000014854231000000342.001
10000006427343000000342.001
10000013491274000000270.001
10000014480078000000342.001
10000011072406000000342.001
10000013497884000000342.001
10000014617233000000342.001
10000015464104000000270.001
10000003980196000000036.001
10000010489280000000333.001
10000009027950000000342.001
10000010705553000000207.001
10000015444586000000144.001
10000015482817000000342.001
10000007212248000000126.001
10000012791443000000333.001
10000011049778000000270.001
10000003702780000000342.001
10000011412264000000342.001
10000011063637000000288.001
10000004649600000000144.001
10000005703984000000324.001
10000015404936000000297.001
10000010672405000000333.001
10000015444370000000342.001
10000004921496000000342.001
10000002982359000000297.001
10000003996086000000144.001
10000015473874000000180.001
10000011049166000000342.001
10000003718208000000324.001
10000015470044000000180.001
10000011651771000000342.001
10000010485402000000270.001
10000006531780000000144.001
10000007097450000000279.001
10000003492539000000252.001
10000011579121000000342.001
10000008237542000000180.001
