BONOS MARZO/2014    0013814032014
10000000000001000054398.50
10000003304065000000375.001
10000004646234000000475.001
10000002643878000000325.001
10000004144238000000500.001
10000003280439000000342.001
10000009376547000000487.501
10000002742505000000324.001
10000006214625000000500.001
10000006228741000000487.501
10000001515630000000350.001
10000002735592000000396.001
10000004144189000000270.001
10000003364415000000378.001
10000004812504000000425.001
10000003943376000000487.501
10000003730153000000475.001
10000004038233000000325.001
10000002735758000000324.001
10000003252777000000342.001
10000003303934000000437.501
10000002732689000000432.001
10000006212405000000350.001
10000003046071000000342.001
10000007820330000000375.001
10000008992691000000351.001
10000007739078000000500.001
10000003279614000000162.001
10000006318758000000500.001
10000004645830000000500.001
10000006586610000000288.001
10000002736011000000324.001
10000004182808000000400.001
10000002738968000000324.001
10000002738900000000324.001
10000006830603000000400.001
10000006347278000000375.001
10000002737564000000324.001
10000006255398000000450.001
10000006228973000000500.001
10000006782614000000500.001
10000003046071000000342.001
10000014024272000000475.001
10000006532986000000450.001
10000002737499000000342.001
10000003046071000000306.001
10000006211291000000375.001
10000003280281000000315.001
10000010709456000000500.001
10000002741937000000250.001
10000010193013000000252.001
10000006983197000000500.001
10000003999197000000400.001
10000010519483000000500.001
10000008990091000000487.501
10000002736293000000324.001
10000002733869000000468.001
10000010551807000000350.001
10000003978084000000500.001
10000002939920000000351.001
10000009871539000000342.001
10000003046071000000324.001
10000003718505000000500.001
10000010525266000000325.001
10000006233419000000450.001
10000006215566000000360.001
10000004649634000000500.001
10000007998541000000270.001
10000003304247000000487.501
10000000952495000000225.001
10000002284549000000500.001
10000003304049000000425.001
10000004004143000000375.001
10000003328081000000525.001
10000002058689000000387.501
10000003304073000000500.001
10000006214633000000500.001
10000004962672000000525.001
10000006229583000000262.501
10000003046071000000306.001
10000002733033000000437.501
10000002734362000000333.001
10000006755968000000225.001
10000003188774000000306.001
10000002737209000000126.001
10000003468853000000425.001
10000002738611000000378.001
10000003980047000000500.001
10000002289036000000475.001
10000004649486000000500.001
10000006264133000000450.001
10000006256362000000125.001
10000003696959000000325.001
10000006264993000000234.001
10000004645971000000475.001
10000003223025000000450.001
10000004507890000000414.001
10000006646787000000324.001
10000004143503000000425.001
10000003280140000000324.001
10000007632511000000297.001
10000003204182000000351.001
10000003046071000000450.001
10000003987580000000475.001
10000003046071000000315.001
10000004653180000000500.001
10000010983498000000375.001
10000006318732000000360.001
10000006211639000000450.001
10000014224559000000500.001
10000003189128000000306.001
10000003304099000000225.001
10000006228361000000500.001
10000002734304000000288.001
10000006215558000000500.001
10000006213643000000500.001
10000003304081000000324.001
10000000950994000000250.001
10000010195647000000396.001
10000006214493000000437.501
10000004451724000000487.501
10000004845266000000500.001
10000003188849000000351.001
10000006214526000000450.001
10000009333191000000462.501
10000001878020000000500.001
10000004782450000000375.001
10000003046071000000360.001
10000004092312000000425.001
10000004215419000000450.001
10000004144709000000500.001
10000006263987000000462.501
10000009770096000000500.001
10000006229559000000050.001
10000003334517000000500.001
10000006254530000000300.001
10000003985360000000437.501
10000006229567000000475.001
10000006229541000000437.501
