REMUNERACIONES ABRIL/2014    0014430042014
10000003903776000958969.78000000000000000000
10000003304065000007066.441
10000004646234000004246.931
10000002643878000006043.651
10000004144238000003267.401
10000002674443000008382.011
10000003280439000008961.851
10000009376547000009773.581
10000002742505000005158.511
10000006214625000008272.521
10000006228741000004963.091
10000001515630000009238.411
10000002735592000005473.631
10000004144189000009760.191
10000003364415000002895.211
10000004812504000007728.301
10000003943376000007511.921
10000002947874000020352.921
10000003730153000010074.941
10000004038233000011977.05
10000002735758000004944.961
10000003252777000008755.421
10000003303934000006310.301
10000002732689000004962.881
10000006212405000010254.391
10000007558337000003903.651
10000007820330000009779.211
10000008992691000006017.231
10000007739078000004029.381
10000003279614000004679.491
10000006318758000007502.571
10000004645830000009171.821
10000006586610000003296.641
10000002736011000002949.391
10000004182808000011658.681
10000002738968000001672.181
10000002738900000006357.241
10000006830603000005257.001
10000006347278000004916.111
10000002737564000003406.421
10000006255398000009725.791
10000006228973000005842.941
10000006782614000005957.811
10000009922465000006947.771
10000014024272000012656.791
10000006532986000009436.981
10000002737499000004895.101
10000009015939000003156.771
10000006211291000006304.281
10000003280281000001790.671
10000010709456000003862.791
10000002741937000006151.291
10000010193013000008011.011
10000006983197000002050.961
10000003999197000005481.091
10000010519483000004771.341
10000008990091000004459.761
10000002736293000004064.361
10000002733869000006224.351
10000010551807000011177.921
10000003978084000006834.691
10000002939920000003069.151
10000009871539000005636.171
10000003693426000005210.481
10000003718505000005190.091
10000010525266000012649.191
10000006233419000006212.041
10000006215566000005972.621
10000004649634000003739.611
10000008993178000003324.301
10000003304247000010469.921
10000000952495000004669.781
10000002284549000010127.631
10000009048162000010268.611
10000004004143000006279.171
10000003328081000002350.551
10000002058689000005628.171
10000003304073000010003.911
10000006214633000002455.771
10000004962672000009254.491
10000006229583000003043.241
10000006212463000006906.541
10000009006730000005124.771
10000002733033000003313.211
10000002734362000006557.281
10000010647028000010700.011
10000006755968000010129.931
10000003188774000002436.021
10000002737209000003649.661
10000003468853000006306.571
10000006214732000015703.081
10000002738611000006238.471
10000003980047000006052.791
10000002289036000011421.991
10000004649486000005911.851
10000006264133000003614.421
10000006256362000002507.851
10000003696959000004383.831
10000006264993000010716.401
10000004645971000009194.321
10000003223025000004592.181
10000004507890000011210.911
10000006646787000003776.511
10000004143503000004716.551
10000003280140000003882.701
10000007632511000004962.041
10000003204182000002939.701
10000009016771000001609.341
10000003987580000014342.931
10000009029732000004298.951
10000004653346000010145.031
10000010983498000002808.341
10000006318732000002265.741
10000006211639000006031.441
10000014224559000010998.651
10000003189128000004652.901
10000003304099000007508.641
10000006228361000005461.291
10000002734304000003730.221
10000006215558000009561.411
10000006213643000003204.521
10000004522541000010269.511
10000006215540000015423.771
10000000950994000005359.291
10000010195647000006689.381
10000006214493000007604.501
10000004451724000005736.631
10000004845266000011929.021
10000003188849000002424.321
10000006214526000005982.321
10000009333191000004435.111
10000001878020000002902.941
10000004782450000006902.771
10000010231954000003243.981
10000004092312000010146.181
10000004215419000010357.341
10000004144709000007123.041
10000006263987000006160.071
10000009770096000012488.081
10000006229559000006731.281
10000003334517000003681.341
10000006254530000017048.981
10000003985360000008082.641
10000006229567000004126.651
10000006229541000004218.801
