BONOS JUNIO/2014    0002931072014
10000004410085000024682.6000000000000000
10000006423408000001062.001
10000010905814000001035.001
10000004649593000001070.091
10000010999601000000189.001
10000012084046000001116.001
10000007085405000000999.001
10000004649452000001014.031
10000014016435000001006.331
10000009761029000000783.001
10000013406736000000769.861
10000009792652000001098.001
10000010960975000000207.001
10000010207640000000900.001
10000007636365000000902.971
10000006214568000001089.001
10000008759140000001044.001
10000013878985000000085.711
10000004988678000001098.001
10000015761469000000783.001
10000003335523000000234.001
10000013907643000001053.001
10000007687772000001026.001
10000008103339000001044.001
10000015212256000001037.431
10000006229533000000794.361
10000016497716000000516.781
10000006211986000000973.851
10000010232621000001071.001
10000004645781000000680.191
