BONOS AGOSTO/2014    0013513082014
10000003903776000055534.50
10000003304065000000487.501
10000004646234000000425.001
10000002643878000000325.001
10000004144238000000512.501
10000002674443000000550.001
10000003280439000000324.001
10000009376547000000575.001
10000002742505000000342.001
10000006214625000000575.001
10000006228741000000287.501
10000001515630000000475.001
10000002735592000000450.001
10000004144189000000369.001
10000003364415000000396.001
10000004812504000000378.001
10000003943376000000500.001
10000003730153000000575.001
10000002735758000000423.001
10000003252777000000261.001
10000003303934000000550.001
10000002732689000000414.001
10000006212405000000200.001
10000007558337000000414.001
10000007820330000000500.001
10000008992691000000025.001
10000007739078000000512.501
10000003279614000000414.001
10000006318758000000462.501
10000004645830000000575.001
10000006586610000000252.001
10000002736011000000351.001
10000004182808000000400.001
10000002738968000000342.001
10000002738900000000288.001
10000006830603000000300.001
10000006347278000000550.001
10000002737564000000297.001
10000006255398000000325.001
10000006228973000000425.001
10000006782614000000450.001
10000009922465000000414.001
10000014024272000000325.001
10000006532986000000425.001
10000002737499000000324.001
10000009015939000000423.001
10000006211291000000412.501
10000003280281000000405.001
10000010709456000000575.001
10000002741937000000312.501
10000010193013000000414.001
10000006983197000000387.501
10000003999197000000462.501
10000010519483000000487.501
10000008990091000000537.501
10000002736293000000360.001
10000002733869000000396.001
10000010551807000000175.001
10000003978084000000550.001
10000002939920000000342.001
10000009871539000000414.001
10000003693426000000333.001
10000003718505000000350.001
10000010525266000000300.001
10000006233419000000550.001
10000006215566000000306.001
10000004649634000000475.001
10000008993178000000054.001
10000003304247000000537.501
10000000952495000000575.001
10000002284549000000288.001
10000009048162000000500.001
10000004004143000000425.001
10000003328081000000450.001
10000002058689000000575.001
10000003304073000000525.001
10000006214633000000450.001
10000004962672000000575.001
10000006229583000000525.001
10000006212463000000396.001
10000009006730000000306.001
10000002733033000000575.001
10000002734362000000414.001
10000010647028000000288.001
10000006755968000000375.001
10000003188774000000324.001
10000002737209000000360.001
10000003468853000000400.001
10000002738611000000414.001
10000003980047000000562.501
10000002289036000000562.501
10000004649486000000550.001
10000006264133000000512.501
10000006256362000000100.001
10000003696959000000412.501
10000006264993000000144.001
10000004645971000000475.001
10000003223025000000575.001
10000006646787000000162.001
10000004143503000000100.001
10000003280140000000414.001
10000007632511000000423.001
10000003204182000000351.001
10000009016771000000342.001
10000009029732000000378.001
10000004653346000000387.501
10000010983498000000325.001
10000006318732000000315.001
10000006211639000000562.501
10000014224559000000550.001
10000003189128000000387.001
10000003304099000000437.501
10000006228361000000550.001
10000002734304000000351.001
10000006215558000000500.001
10000006213643000000575.001
10000004522541000000342.001
10000000950994000000375.001
10000010195647000000414.001
10000006214493000000125.001
10000004451724000000025.001
10000004845266000000500.001
10000003188849000000378.001
10000006214526000000437.501
10000009333191000000537.501
10000001878020000000550.001
10000004782450000000550.001
10000010231954000000306.001
10000004092312000000425.001
10000004215419000000437.501
10000006263987000000537.501
10000009770096000000562.501
10000003334517000000587.501
10000003985360000000537.501
10000006229567000000350.001
10000006229541000000487.501
