BONOS ENERO/2015    0010923022015
10000003903776000033355.57
10000017150660000000422.821
10000016735380000000281.881
10000010474877000000250.561
10000006374396000000341.541
10000016222428000000324.001
10000013331222000000281.881
10000011574452000000323.881
10000015856640000000333.001
10000011049249000000288.001
10000004649428000000333.001
10000004004218000000342.001
10000011036072000000342.001
10000004646755000000306.001
10000015052975000000342.001
10000013756701000000156.601
10000016714540000000324.001
10000011049083000000297.001
10000012192055000000306.001
10000012270041000000270.001
10000015463172000000078.301
10000018061626000000324.001
10000013534644000000297.541
10000017611167000000306.001
10000004284943000000342.001
10000004144551000000274.051
10000014317809000000342.001
10000017171103000000342.001
10000010973936000000333.001
10000009024980000000288.001
10000003644297000000288.001
10000013535361000000297.541
10000013350206000000315.001
10000013979163000000281.881
10000013488908000000315.881
10000010556485000000234.901
10000017657161000000333.001
10000003165657000000297.541
10000004989840000000274.051
10000015668136000000288.001
10000010704422000000140.941
10000007704146000000324.001
10000011349657000000324.001
10000017520714000000360.001
10000010208664000000281.881
10000015442803000000313.201
10000017230446000000312.051
10000010408040000000266.221
10000004807232000000297.541
10000015443257000000407.161
10000004284373000000323.881
10000014234079000000323.881
10000017693800000000225.001
10000015695212000000306.001
10000012165292000000227.071
10000014023208000000306.001
10000012121723000000324.001
10000004649569000000266.221
10000016702016000000266.221
10000015668095000000288.001
10000002745468000000261.001
10000010648034000000306.001
10000014854231000000133.111
10000006427343000000294.221
10000013491274000000306.001
10000014480078000000342.001
10000011072406000000342.001
10000014617233000000333.001
10000016166973000000219.241
10000017715084000000306.001
10000018179362000000180.001
10000015464104000000342.001
10000016763943000000342.001
10000017707388000000288.001
10000003980196000000342.001
10000010705553000000322.881
10000015444586000000342.001
10000015667823000000342.001
10000015482817000000407.161
10000003984445000000270.001
10000014798372000000342.001
10000017599652000000360.001
10000007212248000000342.001
10000012791443000000297.541
10000011049778000000279.001
10000003702780000000270.001
10000015551521000000324.001
10000014005165000000342.001
10000011063637000000306.001
10000004302349000000306.001
10000004649600000000324.001
10000005703984000000337.541
10000003671620000000288.001
10000004661620000000297.541
10000017334644000000306.001
10000015404936000000297.541
10000010672405000000306.001
10000015444370000000407.161
10000004921496000000342.001
10000015473874000000342.001
10000014143999000000342.001
10000011410482000000306.001
10000012665127000000324.001
10000003718208000000342.001
10000015470044000000342.001
10000011651771000000333.001
10000010485402000000324.001
10000006531780000000337.541
10000011579121000000342.001
10000008237542000000324.001
