REMUNERACIONES NOVIEMBRE/2011    0010501122011
10000003903776000380628.33
10000006265008000002041.121
10000003280439000005118.761
10000002742505000002620.251
10000006214625000004180.541
10000006228717000002928.451
10000006229335000003276.931
10000006253904000003938.911
10000006228741000003010.921
10000001515630000004283.591
10000002735592000004251.681
10000003364415000001061.251
10000004812504000006661.771
10000002386832000002040.721
10000004401547000011576.061
10000002735758000003791.271
10000003252777000001282.121
10000006265016000010216.091
10000002732689000001881.061
10000006212405000005312.361
10000006210938000010418.071
10000003279614000001758.741
10000006212538000004764.871
10000006318758000002488.881
10000000952437000002361.131
10000006586610000002164.691
10000002736011000001546.231
10000002735857000001356.721
10000006318774000007244.821
10000002738968000002566.531
10000006256130000001429.211
10000006228642000001750.741
10000002738900000004141.891
10000006830603000003444.241
10000004144741000008041.991
10000006347278000003365.851
10000002737564000001296.971
10000006255398000008121.641
10000006228973000002797.661
10000002737499000002983.591
10000006348763000004684.491
10000006211291000002227.451
10000003280281000002231.571
10000002741937000002805.051
10000002574726000002256.321
10000002736293000001884.341
10000002733869000001495.591
10000002718449000001810.861
10000000952635000002745.411
10000001431935000004223.321
10000003364506000002917.301
10000002939920000001190.441
10000003718505000003681.301
10000006233419000006155.031
10000006215566000001672.961
10000003303893000003204.601
10000003716145000011680.651
10000000952312000002770.231
10000000951257000002530.671
10000000952495000003667.601
10000002058689000003813.751
10000006214633000001751.941
10000006229583000001578.251
10000006214592000001528.741
10000002733033000001474.591
10000002734362000003267.201
10000003188774000001599.111
10000002737209000001976.691
10000006214732000006678.441
10000006255629000008689.531
10000002738611000002024.941
10000006313261000008545.401
10000006264133000001372.451
10000006256362000002341.991
10000006264993000007255.811
10000003223025000001573.761
10000002737374000000648.581
10000006646787000002547.331
10000003280140000001074.591
10000003204182000001959.861
10000004314865000006223.041
10000003987580000003376.571
10000006318732000001317.881
10000006211639000001319.261
10000003189128000001845.751
10000006228361000003607.121
10000006318766000008693.101
10000002734304000000889.191
10000006215558000002740.801
10000006213643000003570.231
10000000950712000003424.881
10000006215540000007392.251
10000000950994000002645.471
10000001867833000002740.781
10000006214493000003722.291
10000002575386000001815.251
10000003188849000001108.201
10000006214526000007285.861
10000004813065000010805.491
10000001878020000001153.601
10000001875969000002985.411
10000006263987000003841.661
10000000952122000004322.511
10000006254530000007955.941
10000006229567000001568.681
10000006229541000003220.681
