BONOS OCTUBRE/2014    0003113112014
10000004410085000009393.9700000000000000
10000006423408000000414.001
10000010905814000000360.001
10000004649593000000354.201
10000010999601000000036.001
10000012084046000000414.001
10000007085405000000414.001
10000004649452000000409.181
10000014016435000000405.181
10000009761029000000360.181
10000013406736000000328.861
10000014314285000000093.961
10000009792652000000316.881
10000010960975000000072.001
10000010207640000000360.001
10000007636365000000306.881
10000006214568000000405.001
10000008759140000000387.001
10000013878985000000090.001
10000004988678000000413.181
10000015761469000000360.181
10000004646268000000315.001
10000003335523000000072.001
10000007687772000000332.541
10000017594793000000180.001
10000008103339000000405.001
10000015212256000000230.581
10000006229533000000324.541
10000016497716000000352.351
10000006211986000000351.001
10000010232621000000405.001
10000004645781000000125.281
