BONOS NOVIEMBRE/2014    0002211122014
10000013881102000004670.4600000000000000
10000015614006000000261.001
10000016513801000000234.901
10000016676972000000031.321
10000013071109000000281.881
10000009542015000000015.661
10000002902505000000342.001
10000003311375000000324.001
10000011353046000000333.001
10000016075588000000062.641
10000010644818000000270.001
10000003999048000000062.641
10000004452839000000297.001
10000017739729000000342.001
10000005003673000000062.641
10000015426914000000270.001
10000011054173000000297.541
10000015473171000000342.001
10000013917808000000342.001
10000007738947000000279.001
10000014315514000000093.961
10000017011846000000062.641
10000017149233000000062.641
