BONOS MARZO/2014    0002927062014
10000012028903000005373.0000000000000000
10000004649618000000333.001
10000011169071000000126.001
10000003979371000000324.001
10000004616766000000342.001
10000011664477000000090.001
10000010472657000000018.001
10000013053660000000216.001
10000013225821000000315.001
10000004530156000000324.001
10000010676506000000090.001
10000007033173000000108.001
10000007515824000000342.001
10000004144072000000270.001
10000003422982000000315.001
10000006751734000000333.001
10000003978589000000288.001
10000012339251000000144.001
10000013968421000000144.001
10000002273120000000189.001
10000010930390000000126.001
10000012022575000000180.001
10000011631658000000081.001
10000003304859000000036.001
10000010209464000000072.001
10000004143800000000063.001
10000003622293000000054.001
10000004653180000000342.001
10000005439133000000054.001
10000011104762000000054.001
