BONOS FEBRERO/2014    0002327062014
10000004410085000006300.0000000000000000
10000006423408000000360.001
10000010905814000000216.001
10000004649593000000360.001
10000010999601000000126.001
10000012084046000000342.001
10000007085405000000198.001
10000004649452000000099.001
10000013406736000000297.001
10000009792652000000342.001
10000010960975000000126.001
10000010207640000000351.001
10000006214568000000225.001
10000008759140000000360.001
10000013878985000000072.001
10000004988678000000360.001
10000003335523000000207.001
10000013907643000000360.001
10000007687772000000342.001
10000008103339000000360.001
10000006229533000000216.001
10000006211986000000315.001
10000010232621000000360.001
10000004645781000000306.001
