REMUNERACIONES OCTUBRE/2012    0020431102012
10000003903776001056772.26000000000000000000
10000003304065000003990.561
10000004495475000007419.651
10000002643878000007010.051
10000004144238000001945.611
10000003280439000007902.511
10000009805992000005310.391
10000009376547000008386.581
10000002742505000003478.081
10000006214625000007690.331
10000004451667000003960.581
10000006228717000003986.411
10000003217094000002992.251
10000006253904000007726.751
10000006228741000003919.121
10000001515630000006792.971
10000007620623000005130.071
10000002735592000004638.471
10000003364415000002712.901
10000004812504000006308.621
10000002386832000003339.121
10000002947874000011573.111
10000003730153000009847.901
10000002735758000005180.421
10000007670933000005530.121
10000009337359000006612.541
10000003252777000003144.111
10000008973740000006025.901
10000003303934000005700.121
10000002732689000002801.751
10000006212405000008461.261
10000006131100000009754.811
10000007558337000004019.311
10000007820330000008440.151
10000007897628000003892.921
10000008992691000004428.061
10000009527455000007788.981
10000007739078000005171.611
10000009448213000002997.611
10000001007543500005750.741
10000003279614000002683.501
10000006318758000003917.771
10000000952437000002812.711
10000006586610000002945.451
10000002736011000002345.251
10000004182808000010358.801
10000003370420000010911.251
10000002738968000003831.931
10000009464368000003076.891
10000006256130000002735.031
10000006228642000003144.401
10000002738900000005295.411
10000004653049000005427.541
10000006830603000003671.851
10000004144741000007930.481
10000006347278000004313.661
10000002737564000003160.421
10000006255398000010058.361
10000006228973000003867.941
10000004646292000003587.921
10000003217309000002544.191
10000009922465000006302.931
10000008007945000003119.471
10000006532986000009461.161
10000002737499000003820.501
10000009015939000002088.651
10000006348763000005320.771
10000006211291000003722.541
10000003280281000002063.321
10000002741937000006846.091
10000001019301300006046.711
10000002574726000003914.231
10000006983197000003559.201
10000003999197000003949.031
10000004577900000008297.951
10000008990091000003973.651
10000005413426000006376.041
10000003985203000003168.341
10000003308314000006658.061
10000002736293000002534.251
10000002733869000003579.201
10000004290594000004347.861
10000002718449000003614.911
10000004510893000007270.281
10000001431935000003710.591
10000001055180700007167.021
10000003978084000006260.441
10000009424304000003213.221
10000003364506000003112.791
10000002939920000002084.151
10000009871539000005628.201
10000003693426000001976.421
10000004649585000003911.791
10000003718505000004556.371
10000007640986000003868.881
10000001052526600010415.331
10000006233419000006201.741
10000006215566000004777.521
10000008009280000003798.751
10000003303893000007059.881
10000004649634000003898.311
10000003622409000003363.571
10000008993178000003230.571
10000009014915000002273.821
10000009040332000006213.451
10000008955681000003421.031
10000003716145000011713.601
10000008018166000002973.891
10000007612919000003393.361
10000009869104000013187.141
10000000952312000005752.591
10000000951257000003346.451
10000000952495000004087.941
10000002284549000004269.461
10000008524353000001312.941
10000009048162000006986.751
10000004004143000005761.141
10000003328081000003223.531
10000008936938000003186.381
10000002058689000002332.021
10000006214633000002916.001
10000004962672000008423.481
10000006229583000002479.051
10000006212463000006184.441
10000009006730000003483.471
10000006214592000002246.361
10000002733033000003519.901
10000002734362000005383.021
10000003303992000004403.961
10000006755968000009235.911
10000003188774000001453.941
10000002737209000003115.471
10000009080536000003246.821
10000003468853000004409.951
10000006214732000007609.351
10000002738611000006150.941
10000009871993000003197.021
10000003217648000003354.671
10000004363193000003703.981
10000004215328000004162.101
10000002289036000009766.801
10000004649486000004275.061
10000006264133000001977.681
10000006256362000002285.921
10000003696959000003407.481
10000006264993000009220.501
10000003305691000006880.551
10000004182684000009370.411
10000003223025000005332.901
10000004507890000010474.801
10000006646787000002562.541
10000002267438000005761.141
10000003280140000001666.191
10000007632511000003818.941
10000003204182000001934.861
10000009016771000002558.981
10000003987580000005815.681
10000009029732000002953.661
10000004653346000009363.311
10000003309354000009146.951
10000006318732000001871.391
10000006211639000005174.241
10000003189128000001897.791
10000003304099000006970.251
10000006228361000004439.791
10000002734304000002315.871
10000003217151000001936.511
10000003303976000009257.211
10000006215558000003339.831
10000006213643000004424.571
10000004522541000009839.521
10000008083937000003097.411
10000004646028000006033.841
10000000950712000004558.051
10000006215540000007342.001
10000000950994000006195.271
10000001867833000003807.841
10000001019564700006634.041
10000006214493000006047.261
10000002575386000003143.681
10000004845266000010911.251
10000003188849000002204.021
10000009527471000011844.541
10000006214526000008655.661
10000009333191000004011.611
10000001878020000002921.021
10000004782450000005401.941
10000001023195400002898.861
10000004092312000009266.881
10000004215419000010474.801
10000001875969000006026.611
10000004144709000006169.641
10000006263987000004965.081
10000004290205000009907.411
10000009770096000011382.221
10000003344574000011057.801
10000004649501000005133.841
10000008988393000002852.401
10000003334517000002991.941
10000000952122000004685.641
10000006254530000007687.041
10000003985360000004207.691
10000006229567000002839.261
10000006229541000004352.931
10000007998541000006252.281
