BONOS ENERO/2015    0002323022015
10000012028903000005510.4000000000000000
10000004649618000000281.881
10000015614006000000108.001
10000011169071000000234.001
10000003979371000000274.051
10000011664477000000125.281
10000010472657000000144.001
10000013053660000000046.981
10000013225821000000281.881
10000004530156000000270.001
10000010676506000000123.621
10000007033173000000297.00
10000014117663000000281.881
10000011353046000000270.001
10000006751734000000324.001
10000003978589000000288.001
10000013968421000000266.221
10000002273120000000297.001
10000017739729000000270.001
10000003304859000000216.001
10000004143800000000297.001
10000003622293000000270.731
10000004653180000000281.881
10000005439133000000261.001
