REMUNERACIONES DICIEMBRE/2014    0012823122014
10000003903776001118691.66000000000000000000
10000003304065000010098.001
10000004646234000006415.001
10000002643878000010098.001
10000004144238000006415.001
10000002674443000010395.001
10000003280439000013484.001
10000009376547000012137.331
10000002742505000005287.001
10000006214625000012137.331
10000006228741000010098.001
10000001515630000014256.001
10000002735592000004633.001
10000004144189000012474.001
10000003364415000004633.001
10000004812504000013484.001
10000003943376000010098.001
10000002735758000005287.001
10000003252777000009029.001
10000003303934000010098.001
10000002732689000005287.001
10000006212405000015979.001
10000007558337000007841.001
10000007820330000012474.001
10000008992691000007841.001
10000007739078000006415.001
10000003279614000004633.001
10000006318758000012474.001
10000004645830000010098.001
10000006586610000003920.001
10000002736011000005821.001
10000004182808000014850.001
10000002738968000005821.001
10000002738900000006415.001
10000006830603000015979.001
10000006347278000005821.001
10000002737564000004633.001
10000006255398000015979.001
10000006228973000015979.001
10000006782614000007247.001
10000009922465000007841.001
10000014024272000015979.001
10000006532986000013484.001
10000002737499000006415.001
10000009015939000004633.001
10000006211291000010098.001
10000003280281000004633.001
10000010709456000007247.001
10000002741937000013484.001
10000010193013000009029.001
10000006983197000004633.001
10000003999197000007247.001
10000010519483000006415.001
10000008990091000006415.001
10000002736293000005821.001
10000002733869000005287.001
10000003978084000009029.001
10000002939920000005287.001
10000009871539000006415.001
10000003693426000005287.001
10000003718505000005821.001
10000006233419000009029.001
10000006215566000007247.001
10000004649634000007247.001
10000008993178000003920.001
10000003304247000013484.001
10000000952495000005821.001
10000002284549000015979.001
10000009048162000013484.001
10000004004143000007841.001
10000003328081000003920.001
10000003304073000013484.001
10000006214633000005821.001
10000006229583000005821.001
10000006212463000009029.001
10000009006730000004633.001
10000002733033000009029.001
10000002734362000009029.001
10000010647028000011236.671
10000006755968000013484.001
10000003188774000004633.001
10000002737209000004633.001
10000003468853000012474.001
10000002738611000005821.001
10000003980047000007841.001
10000002289036000015979.001
10000004649486000007841.001
10000006264133000007247.001
10000006256362000003920.001
10000003696959000007247.001
10000006264993000014850.001
10000004645971000010098.001
10000003223025000010098.001
10000006646787000003920.001
10000004143503000006415.001
10000003280140000006415.001
10000003204182000004633.001
10000009016771000004633.001
10000009029732000006415.001
10000004653346000013484.001
10000010983498000004633.001
10000006318732000003920.001
10000014224559000015979.001
10000003189128000004633.001
10000003304099000010098.001
10000006228361000007247.001
10000002734304000005821.001
10000006215558000013484.001
10000006213643000005821.001
10000004522541000013484.001
10000000950994000005821.001
10000006214493000013741.331
10000004451724000007841.001
10000004845266000014850.001
10000003188849000004633.001
10000006214526000014256.001
10000009333191000005821.001
10000001878020000004633.001
10000004782450000009029.001
10000010231954000003920.001
10000004092312000014256.001
10000004215419000014256.001
10000006263987000013484.001
10000009770096000015979.001
10000006229559000006415.001
10000003334517000003920.001
10000003985360000010098.001
10000006229567000005821.001
10000006229541000010098.001
