BONOS FEBRERO/2016    0002310032016
10000004410085000005715.0000000000000000
10000002288955000000246.001
10000006423408000000342.001
10000010905814000000342.001
10000020542193000000298.001
10000010999601000000110.001
10000020480757000000016.001
10000012084046000000340.001
10000013406736000000298.001
10000009792652000000324.001
10000010960975000000016.001
10000010207640000000315.001
10000008759140000000342.001
10000013878985000000126.001
10000004988678000000342.001
10000015761469000000324.001
10000004646268000000324.001
10000010930390000000063.001
10000008103339000000311.001
10000020536229000000298.001
10000020511586000000298.001
10000016497716000000063.001
10000006211986000000342.001
10000004645781000000235.001
