REMUNERACIONES MARZO/2015    0014031032015
10000003903776001152279.31000000000000000000
10000003304065000008683.831
10000004646234000002901.501
10000002643878000007212.961
10000004144238000003212.761
10000002674443000011238.971
10000003280439000010349.261
10000009376547000011885.321
10000002742505000005395.921
10000006214625000011110.701
10000006228741000005540.671
10000001515630000010486.281
10000002735592000004715.421
10000004144189000010927.261
10000003364415000003571.621
10000004812504000011398.391
10000003943376000008332.901
10000003730153000015864.681
10000002735758000005668.301
10000003252777000009708.611
10000003303934000006841.021
10000002732689000005205.861
10000007558337000007654.751
10000007820330000006613.921
10000008992691000006562.661
10000007739078000002804.471
10000003279614000005519.371
10000006318758000008048.131
10000004645830000008723.831
10000006586610000003756.821
10000002736011000004994.751
10000004182808000013204.741
10000002738968000002994.311
10000002738900000007120.331
10000006830603000006757.931
10000006347278000005693.301
10000002737564000003630.511
10000006255398000011190.651
10000006228973000007701.611
10000006782614000007090.111
10000009922465000007797.661
10000014024272000013062.211
10000006532986000010550.111
10000002737499000005325.441
10000009015939000004164.731
10000006211291000005484.701
10000003280281000002502.191
10000010709456000004324.151
10000002741937000007210.251
10000010193013000008999.181
10000006983197000002441.371
10000003999197000005813.221
10000008990091000004689.561
10000002736293000004770.751
10000002733869000006824.281
10000003978084000004420.081
10000002939920000003976.111
10000009871539000006160.171
10000003693426000005037.831
10000003718505000005987.291
10000010525266000021090.691
10000006233419000006704.291
10000006215566000006892.521
10000004649634000003966.561
10000008993178000005154.271
10000003304247000010992.591
10000000952495000005657.051
10000002284549000013123.191
10000009048162000011093.351
10000004004143000006920.741
10000003328081000003838.491
10000003304073000011182.131
10000006214633000002778.991
10000016210564000028669.611
10000006229583000003670.251
10000006212463000007514.561
10000009006730000005800.951
10000002733033000004222.001
10000002734362000007601.721
10000010647028000011563.241
10000006755968000011000.291
10000003188774000002754.691
10000002737209000004004.291
10000003468853000005947.591
10000006214732000028035.521
10000002738611000007880.191
10000003980047000006278.441
10000018056669000011250.011
10000004913279000030730.511
10000002289036000013776.501
10000004649486000003341.161
10000006264133000003267.091
10000006256362000002770.241
10000003696959000004592.681
10000006264993000012137.701
10000004645971000008950.211
10000003223025000006332.741
10000006646787000003280.731
10000004143503000005368.401
10000018187084000020904.311
10000003280140000004549.971
10000003204182000003423.001
10000018130041000015518.841
10000009016771000003223.621
10000003987580000016465.331
10000009029732000005503.561
10000004653346000008553.631
10000010983498000002424.811
10000006318732000002710.201
10000006211639000015216.521
10000014224559000013770.321
10000003189128000004883.821
10000003304099000008275.451
10000017304994000019554.461
10000006228361000006250.651
10000002734304000004877.841
10000006215558000010709.481
10000006213643000003570.021
10000004522541000011312.731
10000006215540000026583.961
10000000950994000006706.661
10000006214493000006934.251
10000004451724000006007.831
10000004845266000013124.891
10000003188849000003525.661
10000009527471000032494.891
10000006214526000007173.821
10000009333191000004900.401
10000001878020000003495.111
10000004782450000005962.511
10000010231954000003599.521
10000004092312000011754.821
10000004215419000011135.181
10000006263987000006950.621
10000009770096000013833.401
10000006229559000007571.441
10000003334517000003548.201
10000006254530000016717.581
10000003985360000008991.791
10000006229567000004380.111
10000006229541000005196.241
