BONOS AGOSTO/2015    0014625092015
10000003903776000040441.00000000000000000000
10000016735380000000342.001
10000010474877000000298.001
10000006374396000000306.001
10000018859914000000016.001
10000016222428000000342.001
10000017037040000000333.001
10000013331222000000298.001
10000011574452000000342.001
10000007821544000000219.001
10000011049249000000342.001
10000004649428000000333.001
10000018539962000000164.001
10000011036072000000342.001
10000009894614000000288.001
10000016304812000000063.001
10000004646755000000219.001
10000015052975000000333.001
10000013756701000000282.001
10000019158696000000081.001
10000010705727000000157.001
10000016714540000000342.001
10000019472799000000036.001
10000011049083000000324.001
10000012192055000000234.001
10000019391460000000315.001
10000012270041000000125.001
10000015463172000000196.001
10000018061626000000333.001
10000013534644000000298.001
10000018733697000000180.001
10000004284943000000288.001
10000004144551000000211.001
10000014317809000000342.001
10000015621316000000251.001
10000017171103000000324.001
10000004653049000000345.001
10000010391972000000298.001
10000010973936000000288.001
10000009024980000000252.001
10000013535361000000298.001
10000013350206000000333.001
10000018921466000000360.001
10000019116884000000198.001
10000013979163000000342.001
10000018527909000000234.001
10000013488908000000342.001
10000017657161000000333.001
10000003165657000000251.001
10000004989840000000298.001
10000010704422000000141.001
10000007704146000000324.001
10000011349657000000342.001
10000014598615000000306.001
10000019241342000000297.001
10000019339501000000360.001
10000016998392000000282.001
10000018880745000000306.001
10000018737160000000360.001
10000017520714000000252.001
10000010208664000000282.001
10000016990653000000298.001
10000015442803000000313.001
10000017230446000000342.001
10000004694316000000351.001
10000006214568000000342.001
10000010408040000000235.001
10000004807232000000117.001
10000015443257000000485.001
10000004284373000000324.001
10000018850326000000333.001
10000019479183000000290.001
10000014234079000000243.001
10000017693800000000315.001
10000015695212000000234.001
10000017637709000000324.001
10000012165292000000282.001
10000012121723000000333.001
10000004649569000000235.001
10000016702016000000290.001
10000015668095000000196.001
10000014854231000000324.001
10000006427343000000125.001
10000013491274000000342.001
10000014480078000000342.001
10000019104186000000342.001
10000011072406000000333.001
10000014617233000000342.001
10000013532820000000342.001
10000017715084000000198.001
10000018179362000000333.001
10000015464104000000342.001
10000019258149000000342.001
10000016763943000000306.001
10000017707388000000234.001
10000003980196000000342.001
10000019319438000000298.001
10000010705553000000189.001
10000018430996000000342.001
10000015444586000000270.001
10000015667823000000090.001
10000015482817000000485.001
10000003984445000000252.001
10000004620353000000016.001
10000004869563000000288.001
10000018700315000000342.001
10000014798372000000315.001
10000007212248000000288.001
10000018897592000000016.001
10000005689134000000308.001
10000012791443000000261.001
10000013894303000000333.001
10000019491913000000216.001
10000011059735000000196.001
10000011049778000000324.001
10000003702780000000142.001
10000015551521000000250.001
10000011063637000000298.001
10000004302349000000216.001
10000019299086000000270.001
10000004649600000000315.001
10000005703984000000342.001
10000004222349000000108.001
10000004661620000000172.001
10000018428751000000323.001
10000017334644000000306.001
10000015404936000000324.001
10000018965406000000117.001
10000018416243000000342.001
10000010672405000000324.001
10000015444370000000485.001
10000004921496000000342.001
10000003996086000000333.001
10000011049166000000298.001
10000014143999000000342.001
10000016992336000000333.001
10000011410482000000110.001
10000017678406000000016.001
10000003718208000000342.001
10000015470044000000342.001
10000011651771000000333.001
10000010485402000000016.001
10000004318403000000252.001
10000019059993000000278.001
10000011579121000000342.001
10000008237542000000342.001
10000019444087000000306.001
