BONOS FEBRERO/2015    0002323032015
10000012028903000005640.3900000000000000
10000004649618000000281.881
10000015614006000000225.001
10000011169071000000187.921
10000003979371000000258.391
10000011664477000000125.281
10000010472657000000140.941
10000013053660000000078.301
10000013225821000000281.881
10000004530156000000324.001
10000010676506000000148.771
10000007033173000000324.00
10000014117663000000281.881
10000011353046000000324.001
10000006751734000000324.001
10000003978589000000324.001
10000013968421000000219.241
10000002273120000000306.001
10000017739729000000315.001
10000003304859000000250.561
10000004143800000000243.001
10000003622293000000172.261
10000004653180000000324.001
10000005439133000000180.091
