BONOS ABRIL/2015    0002422052015
10000004410085000006580.0000000000000000
10000006423408000000369.001
10000010905814000000324.001
10000010999601000000047.001
10000012084046000000369.001
10000013406736000000305.001
10000013947681000000342.001
10000009792652000000369.001
10000010960975000000047.001
10000010207640000000342.001
10000007636365000000321.001
10000008759140000000288.001
10000013878985000000036.001
10000004988678000000369.001
10000015761469000000251.001
10000004646268000000367.001
10000003335523000000063.001
10000007687772000000351.001
10000017594793000000369.001
10000008103339000000369.001
10000006229533000000102.001
10000016497716000000305.001
10000006211986000000351.001
10000010232621000000360.001
10000004645781000000164.001
