REMUNERACIONES MARZO/2012    0020002042012
10000003903776001037271.52
10000003304065000004360.561
10000006265008000002468.561
10000002643878000006183.041
10000004144238000003143.061
10000006738146000005654.201
10000003280439000008070.681
10000002742505000003284.611
10000006214625000007372.961
10000003303942000003305.411
10000004451667000006463.191
10000006228717000004245.211
10000003217094000004415.691
10000006229335000004308.691
10000006253904000005506.221
10000006228741000004270.651
10000009006532000002874.921
10000001515630000006613.141
10000007620623000006389.781
10000002735592000004141.091
10000003364415000002699.661
10000004812504000008011.001
10000002386832000002844.601
10000003730153000004342.161
10000002735758000004133.491
10000007670933000006778.731
10000009337359000005528.361
10000003252777000003713.651
10000008973740000006143.781
10000006265016000010805.101
10000003303934000006939.211
10000006615138000005324.691
10000002732689000002597.381
10000006212405000008365.811
10000006131100000009907.411
10000006210938000011909.581
10000004995053000010312.501
10000007558337000004281.171
10000007820330000009165.451
10000007897628000004791.341
10000008992691000004428.061
10000007739078000006092.421
10000003279614000002250.591
10000006212538000005857.011
10000006318758000003847.531
10000009028354000002874.921
10000000952437000003620.151
10000006586610000002719.791
10000002736011000003390.241
10000004182808000010300.161
10000002735857000002005.311
10000006318774000010786.181
10000002738968000003659.571
10000006256130000002086.741
10000006228642000002837.541
10000002738900000005455.941
10000004653049000005427.541
10000006830603000006071.031
10000004144741000008385.081
10000007693563000010911.251
10000006347278000004035.441
10000002737564000003147.911
10000006255398000008978.351
10000006228973000004346.161
10000004646292000006260.441
10000004877219000004437.241
10000002737499000003349.361
10000009015939000003275.961
10000006348763000005396.121
10000006211291000004177.901
10000003280281000001906.511
10000002741937000006481.251
10000002574726000003678.031
10000006983197000003884.401
10000003999197000003997.811
10000004577900000007019.571
10000009032933000007637.871
10000008990091000004383.061
10000003308314000007010.051
10000002736293000003481.661
10000006255687000007010.051
10000002733869000003183.021
10000004290594000004713.661
10000002718449000003665.611
10000000952635000004263.841
10000001431935000003913.151
10000003978084000005761.141
10000003364506000004250.161
10000002939920000002197.111
10000003693426000003196.101
10000004649585000004277.211
10000003718505000004094.331
10000007640986000004955.781
10000006233419000006470.501
10000006215566000004636.761
10000003303893000006929.931
10000004649634000003972.211
10000003622409000004455.341
10000008993178000003583.081
10000009014915000003441.291
10000009040332000006634.041
10000008955681000004312.211
10000003716145000011722.601
10000007612919000004455.341
10000009349031000005795.581
10000000952312000005730.981
10000000951257000001891.491
10000000952495000004614.181
10000002284549000004248.061
10000008524353000003700.681
10000009048162000006987.321
10000004004143000005761.141
10000003328081000004078.371
10000008936938000004344.341
10000002058689000002310.651
10000006214633000002808.781
10000004962672000009907.411
10000006229583000002164.231
10000006212463000006634.041
10000009006730000003429.141
10000006214592000002268.041
10000002733033000002959.651
10000002734362000005387.251
10000003303992000004713.661
10000006755968000009907.411
10000003188774000002803.421
10000002737209000003178.431
10000009080536000003583.081
10000003468853000007348.821
10000006214732000007726.771
10000006255629000010185.401
10000002738611000003562.691
10000007542752000003404.311
10000006735845000005708.741
10000004363193000004413.661
10000002289036000008590.571
10000004649486000004406.061
10000006264133000002058.691
10000006256362000002884.371
10000003696959000004293.061
10000006264993000008785.281
10000003305691000005193.751
10000004182684000008912.171
10000003223025000004440.071
10000002737374000002059.451
10000006646787000002458.561
10000005493345000008729.001
10000003981483000009670.961
10000003280140000001611.931
10000007632511000004950.371
10000003204182000001653.111
10000009016771000003031.891
10000004314865000007879.251
10000003987580000005631.151
10000009029732000004008.091
10000004653346000009818.101
10000003309354000009121.701
10000006318732000001706.091
10000006211639000004862.881
10000003189128000002985.621
10000003304099000007345.721
10000004904137000003237.011
10000006228361000004392.441
10000002734304000002505.801
10000003217151000003274.791
10000003303976000009812.831
10000006215558000003168.961
10000006213643000004268.911
10000004522541000009907.411
10000008083937000004277.491
10000004646028000006634.041
10000000950712000003348.681
10000006215540000007395.261
10000000950994000004196.531
10000009066792000005324.691
10000001867833000003818.191
10000003691610000003007.291
10000006214493000005542.191
10000002575386000002939.781
10000003188849000002241.731
10000006214526000008422.331
10000009333191000003564.341
10000001878020000002109.581
10000004782450000005733.641
10000004092312000009986.561
10000001875969000005944.961
10000004144709000006621.041
10000006263987000004698.521
10000004290205000008256.181
10000008027737000002530.421
10000009337557000006998.291
10000006659095000008423.481
10000003344574000009318.911
10000004649501000005706.141
10000008988393000003687.911
10000003334517000004491.001
10000000952122000004565.231
10000006254530000008750.781
10000003985360000004691.161
10000006229567000002973.711
10000006229541000004204.381
