REMUNERACIONES JUNIO/2012    0019302072012
10000003903776000970123.70000000000000000000
10000003304065000004383.061
10000006265008000001836.911
10000002643878000006892.061
10000004144238000001983.811
10000003280439000008544.861
10000009376547000008390.781
10000002742505000003122.961
10000006214625000007400.911
10000004451667000004123.781
10000006228717000003977.811
10000003217094000003137.781
10000006229335000003550.071
10000006253904000010038.401
10000006228741000003919.901
10000001515630000006776.691
10000007620623000006096.421
10000002735592000004863.911
10000003364415000002492.321
10000004812504000006470.311
10000002386832000003441.491
10000002947874000010652.211
10000003730153000013185.451
10000002735758000005349.261
10000007670933000005848.141
10000009337359000006612.441
10000003252777000003778.361
10000008973740000006072.511
10000003303934000005845.481
10000002732689000002825.071
10000006212405000008413.261
10000006131100000009812.831
10000007558337000003991.331
10000007820330000008554.201
10000007897628000004282.291
10000008992691000004428.061
10000009527455000007769.081
10000007739078000005733.701
10000009448213000001123.411
10000003279614000002178.721
10000006212538000021019.201
10000006318758000003871.701
10000000952437000003303.151
10000006586610000002945.451
10000002736011000002888.431
10000004182808000010474.801
10000002738968000003719.731
10000009464368000003205.941
10000006256130000002718.881
10000006228642000002845.711
10000002738900000005735.691
10000004653049000005427.541
10000006830603000006023.801
10000004144741000007930.281
10000006347278000004269.461
10000002737564000003083.501
10000006255398000009710.561
10000006228973000004604.771
10000004646292000003534.291
10000003217309000001123.411
10000008007945000001123.411
10000006532986000004293.221
10000002737499000003837.041
10000009015939000002215.901
10000006348763000005396.421
10000006211291000004341.891
10000003280281000002058.431
10000002741937000006204.711
10000002574726000003764.081
10000006983197000003558.601
10000003999197000003948.711
10000004577900000008423.481
10000008990091000004428.061
10000003985203000008423.481
10000003308314000006973.251
10000002736293000003564.831
10000002733869000003495.491
10000004290594000004713.661
10000002718449000003873.281
10000001431935000003717.021
10000003978084000005427.541
10000009424304000003552.681
10000003364506000004327.931
10000002939920000001747.811
10000009871539000001497.901
10000003693426000001984.131
10000004649585000003997.811
10000003718505000004343.201
10000007640986000004150.421
10000006233419000005982.171
10000006215566000004756.521
10000008009280000001248.251
10000003303893000007200.351
10000004649634000003903.311
10000003622409000003589.971
10000008993178000003391.861
10000009014915000002456.111
10000009040332000006217.771
10000008955681000003783.011
10000003716145000011712.501
10000008018166000001123.411
10000007612919000003455.441
10000009869104000013187.341
10000000952312000005785.651
10000000951257000002721.661
10000000952495000004127.591
10000002284549000004335.861
10000008524353000002176.271
10000009048162000006937.251
10000004004143000005761.141
10000003328081000003831.711
10000008936938000003831.711
10000002058689000002319.271
10000006214633000002906.441
10000004962672000008283.091
10000006229583000002421.321
10000006212463000006260.441
10000009006730000003316.681
10000006214592000002296.911
10000002733033000003541.821
10000002734362000005720.011
10000003303992000004404.861
10000006755968000009361.411
10000003188774000001688.271
10000002737209000002270.371
10000009080536000003368.191
10000003468853000006889.631
10000006214732000007633.511
10000002738611000004039.021
10000009871993000001123.411
10000003217648000001248.251
10000004363193000004359.361
10000004215328000002042.591
10000002289036000009863.101
10000004649486000004351.961
10000006264133000001974.161
10000006256362000002281.551
10000003696959000004178.601
10000006264993000009010.851
10000003305691000007410.651
10000004182684000009718.241
10000003223025000004429.691
10000002737374000001454.631
10000006646787000002552.301
10000003280140000001640.621
10000007632511000003938.741
10000003204182000001956.291
10000009016771000002736.241
10000004314865000007964.651
10000003987580000005788.221
10000009029732000002805.201
10000004653346000009357.711
10000003309354000009064.651
10000006318732000001862.571
10000006211639000004956.701
10000003189128000002086.761
10000003304099000006950.231
10000006228361000004460.791
10000002734304000002544.711
10000003217151000002356.421
10000003303976000009324.121
10000006215558000003359.971
10000006213643000004424.691
10000004522541000006866.791
10000008083937000003818.261
10000004646028000006192.371
10000000950712000004327.601
10000006215540000007212.221
10000000950994000004518.971
10000001867833000003898.571
10000006214493000005720.381
10000002575386000003174.541
10000004845266000010911.251
10000003188849000002602.231
10000009527471000011846.941
10000006214526000008678.361
10000009333191000004011.611
10000001878020000002346.491
10000004782450000005404.941
10000004092312000009661.211
10000001875969000006068.351
10000004144709000006164.641
10000006263987000004988.601
10000004290205000009907.411
10000008027737000002644.271
10000003344574000014395.381
10000004649501000005220.841
10000008988393000003054.151
10000003334517000003780.741
10000000952122000003946.661
10000006254530000008979.951
10000003985360000004679.461
10000006229567000003163.741
10000006229541000004399.371
