REMUNERACIONES SEPTIEMBRE/2016    0014130092016
10000003903776001190638.92000000000000000000
10000017150660000005553.211
10000016990629000011808.491
10000003304065000015043.271
10000006374396000005838.661
10000002643878000010561.401
10000017037040000003326.571
10000004144238000003045.891
10000002674443000012531.441
10000003280439000012649.241
10000011574452000005695.381
10000009376547000013131.421
10000002742505000005040.021
10000006214625000012684.211
10000006228741000007635.281
10000001515630000013523.771
10000009894614000008016.891
10000003364415000003934.481
10000004812504000012810.521
10000003943376000009122.061
10000003730153000016213.051
10000019879127000004354.041
10000002735758000006732.821
10000003252777000010915.011
10000003303934000007994.351
10000002732689000006154.861
10000007558337000008421.051
10000007820330000007166.611
10000008992691000007153.311
10000007739078000002650.971
10000003279614000005353.131
10000006318758000010464.771
10000004645830000009625.881
10000006586610000004504.791
10000002736011000004752.751
10000002738968000003626.671
10000017171103000006038.161
10000002738900000007689.251
10000006830603000008821.311
10000009024980000004594.481
10000006347278000006439.281
10000018921466000005062.161
10000002737564000004481.001
10000006255398000013044.061
10000006228973000009068.221
10000009922465000008527.861
10000002737499000003052.481
10000009015939000004707.771
10000006211291000008506.811
10000003280281000004385.741
10000010709456000005266.041
10000002741937000008295.281
10000010193013000008776.811
10000006983197000002935.751
10000003999197000010231.181
10000008990091000005015.841
10000002736293000004859.071
10000002733869000008330.601
10000019339501000004962.291
10000018737160000006521.141
10000002939920000003944.761
10000009871539000006967.901
10000003718505000006765.211
10000015442803000004404.081
10000015443257000005554.111
10000006233419000006027.871
10000006215566000007494.391
10000004649634000004630.491
10000008993178000004801.441
10000003304247000012789.411
10000000952495000006308.091
10000002284549000014239.301
10000009048162000012274.281
10000003328081000002119.501
10000003304073000014063.591
10000006214633000002636.401
10000016210564000028602.981
10000006229583000005061.171
10000006212463000008190.941
10000009006730000005843.551
10000015668095000007410.251
10000002733033000003676.751
10000002734362000008375.481
10000003188774000004308.121
10000002737209000003995.561
10000003468853000007759.011
10000006214732000028483.381
10000002738611000008003.531
10000018056669000013297.801
10000004913279000029950.321
10000004649486000003608.571
10000006264133000004691.471
10000002289036000015770.761
10000006256362000003388.011
10000017715084000004432.131
10000018179362000006122.181
10000003696959000005953.321
10000017707388000004875.421
10000006264993000012844.361
10000003223025000007483.941
10000015482817000005576.961
10000003984445000015050.091
10000006646787000004607.681
10000004143503000005856.491
10000018187084000021850.451
10000003280140000005598.711
10000003204182000004889.721
10000018130041000017782.431
10000009016771000003048.581
10000003987580000014826.521
10000009029732000005965.291
10000004653346000009997.491
10000010983498000002922.011
10000006318732000003507.811
10000006211639000011355.191
10000014224559000014868.471
10000003189128000005470.741
10000003304099000009211.261
10000017304994000020979.831
10000002734304000004183.641
10000006213643000003934.371
10000004522541000012297.631
10000004222349000004524.051
10000006215540000025878.661
10000015444370000005539.491
10000006214493000006668.521
10000004451724000004017.491
10000004845266000014038.231
10000003188849000004506.251
10000009527471000031809.641
10000006214526000007340.411
10000009333191000005350.351
10000001878020000002627.431
10000011410482000008704.751
10000010231954000005769.061
10000004092312000013042.471
10000004215419000012922.921
10000006263987000004032.931
10000009770096000015190.481
10000006229559000008537.771
10000006229567000005362.511
10000006229541000006195.491
