BONOS FEBRERO/2016    0012817022016
10000003903776000040892.50
10000017150660000000162.001
10000003304065000000400.001
10000006374396000000350.001
10000002643878000000350.001
10000017037040000000350.001
10000004144238000000475.001
10000002674443000000250.001
10000003280439000000342.001
10000011574452000000350.001
10000009376547000000475.001
10000002742505000000324.001
10000006214625000000475.001
10000006228741000000475.001
10000001515630000000275.001
10000003364415000000432.001
10000004812504000000342.001
10000003943376000000475.001
10000019879127000000108.001
10000002735758000000342.001
10000003252777000000135.001
10000003303934000000412.501
10000002732689000000450.001
10000007558337000000324.001
10000007820330000000450.001
10000008992691000000400.001
10000007739078000000450.001
10000003279614000000468.001
10000006318758000000225.001
10000004645830000000462.501
10000006586610000000162.001
10000002736011000000315.001
10000002738968000000306.001
10000017171103000000108.001
10000002738900000000216.001
10000006830603000000200.001
10000009024980000000117.001
10000006347278000000412.501
10000018921466000000108.001
10000002737564000000270.001
10000006255398000000350.001
10000006228973000000362.501
10000009922465000000315.001
10000009015939000000180.001
10000006211291000000250.001
10000003280281000000315.001
10000010709456000000350.001
10000002741937000000125.001
10000010193013000000234.001
10000006983197000000475.001
10000003999197000000350.001
10000008990091000000437.501
10000002736293000000054.001
10000002733869000000414.001
10000019339501000000108.001
10000018737160000000108.001
10000002939920000000333.001
10000009871539000000180.001
10000003718505000000475.001
10000015442803000000090.001
10000015443257000000180.001
10000006233419000000475.001
10000006215566000000462.501
10000004649634000000450.001
10000008993178000000423.001
10000003304247000000450.001
10000000952495000000475.001
10000002284549000000261.001
10000009048162000000450.001
10000003328081000000250.001
10000003304073000000425.001
10000006214633000000450.001
10000006229583000000325.001
10000006212463000000162.001
10000009006730000000351.001
10000006082634000000075.001
10000015668095000000125.001
10000002733033000000450.001
10000002734362000000162.001
10000003188774000000243.001
10000002737209000000504.001
10000003468853000000425.001
10000002738611000000504.001
10000018056669000000054.001
10000002289036000000375.001
10000004649486000000350.001
10000006264133000000437.501
10000006256362000000375.001
10000017715084000000108.001
10000018179362000000252.001
10000003696959000000262.501
10000017707388000000108.001
10000006264993000000189.001
10000003223025000000337.501
10000015482817000000162.001
10000003984445000000275.001
10000006646787000000270.001
10000004143503000000475.001
10000003280140000000306.001
10000003204182000000315.001
10000009016771000000450.001
10000009029732000000315.001
10000004653346000000400.001
10000010983498000000175.001
10000006318732000000342.001
10000014224559000000300.001
10000003189128000000324.001
10000003304099000000300.001
10000006228361000000362.501
10000006213643000000462.501
10000004522541000000279.001
10000004222349000000054.001
10000015444370000000090.001
10000006214493000000375.001
10000004451724000000475.001
10000004845266000000462.501
10000003188849000000243.001
10000006214526000000350.001
10000009333191000000450.001
10000001878020000000400.001
10000011410482000000125.001
10000010231954000000342.001
10000004092312000000375.001
10000004215419000000425.001
10000006263987000000475.001
10000009770096000000475.001
10000006229559000000375.001
10000006229567000000250.001
10000006229541000000462.501
