REMUNERACIONES SEPTIEMBRE/2015    0013030092015
10000003903776001150369.88000000000000000000
10000003304065000010778.021
10000004646234000003405.661
10000002643878000009989.871
10000004144238000003070.401
10000002674443000012287.871
10000003280439000011371.321
10000009376547000012428.911
10000002742505000006895.731
10000006214625000011774.561
10000006228741000006329.691
10000001515630000013320.841
10000003364415000004251.801
10000004812504000012707.651
10000003943376000008777.411
10000003730153000015491.021
10000002735758000006399.661
10000003252777000010527.701
10000003303934000007351.991
10000002732689000005866.951
10000007558337000008074.511
10000007820330000006977.041
10000008992691000006898.561
10000007739078000003320.261
10000003279614000006027.591
10000006318758000010649.991
10000004645830000009539.291
10000006586610000004496.181
10000002736011000005144.301
10000002738968000003667.361
10000002738900000007792.841
10000006830603000007911.001
10000006347278000006405.821
10000002737564000004226.971
10000006255398000012750.191
10000006228973000008318.671
10000006782614000007481.881
10000009922465000008512.271
10000014024272000013942.581
10000002737499000006006.891
10000009015939000005279.221
10000006211291000007658.871
10000003280281000002657.421
10000010709456000005098.171
10000002741937000008500.921
10000010193013000009781.261
10000006983197000003632.771
10000003999197000010058.131
10000008990091000005120.661
10000002736293000005469.791
10000002733869000007926.371
10000003978084000005275.221
10000002939920000004260.981
10000009871539000006721.131
10000003718505000006821.941
10000010525266000021118.661
10000006233419000005629.001
10000006215566000007616.451
10000004649634000004469.501
10000008993178000005856.621
10000003304247000011948.361
10000000952495000006518.361
10000002284549000013864.301
10000009048162000012219.681
10000003328081000002672.381
10000003304073000014283.121
10000006214633000003413.141
10000016210564000028896.291
10000006229583000005075.961
10000006212463000008119.191
10000009006730000005489.361
10000006082634000009451.051
10000002733033000004803.601
10000002734362000008549.631
10000003188774000003452.721
10000002737209000004707.681
10000003468853000006699.451
10000006214732000027880.631
10000002738611000008919.021
10000003980047000006215.571
10000018056669000013284.331
10000004913279000029702.751
10000002289036000015030.401
10000004649486000003999.601
10000006264133000003913.791
10000006256362000003362.341
10000003696959000005796.651
10000006264993000013459.321
10000004645971000009766.821
10000003223025000006296.571
10000006646787000003844.191
10000004143503000005795.151
10000018187084000020850.181
10000003280140000005156.431
10000003204182000004900.931
10000018130041000015787.791
10000009016771000003027.391
10000003987580000013277.131
10000009029732000006080.801
10000004653346000009505.001
10000010983498000003345.901
10000006318732000003443.251
10000006211639000015310.801
10000014224559000015020.561
10000003189128000005668.211
10000003304099000009018.241
10000017304994000019505.981
10000006228361000007324.271
10000002734304000004959.631
10000006215558000011673.321
10000006213643000004200.861
10000004522541000012226.611
10000006215540000026440.781
10000000950994000007217.111
10000006214493000007085.991
10000004451724000003772.131
10000004845266000014167.221
10000003188849000004534.491
10000009527471000032499.061
10000006214526000008422.631
10000009333191000005280.601
10000001878020000002893.091
10000010231954000003957.251
10000004092312000013547.011
10000004215419000012548.501
10000006263987000005589.841
10000009770096000015096.141
10000006229559000008314.531
10000003985360000009537.491
10000006229567000005648.861
10000006229541000005978.161
