REMUNERACIONES OCTUBRE/2015    0012930102015
10000003903776001142910.02000000000000000000
10000003304065000009370.161
10000004646234000003287.971
10000002643878000009849.361
10000004144238000003144.551
10000002674443000012290.181
10000003280439000011243.561
10000009376547000012425.811
10000002742505000006214.271
10000006214625000011798.841
10000006228741000006305.081
10000001515630000013248.501
10000003364415000003985.891
10000004812504000012700.121
10000003943376000008779.611
10000003730153000016370.581
10000002735758000006291.341
10000003252777000010536.321
10000003303934000007480.451
10000002732689000005850.171
10000007558337000008090.061
10000007820330000006808.711
10000008992691000006898.561
10000007739078000003315.951
10000003279614000005814.591
10000006318758000010686.191
10000004645830000009496.541
10000006586610000004514.491
10000002736011000005972.641
10000002738968000003992.801
10000002738900000007737.541
10000006830603000007971.521
10000006347278000006407.721
10000002737564000004239.741
10000006255398000011771.431
10000006228973000008160.131
10000006782614000007484.081
10000009922465000008512.271
10000014024272000014149.391
10000002737499000006129.701
10000009015939000004385.951
10000006211291000007655.671
10000003280281000003793.891
10000010709456000005097.251
10000002741937000008513.861
10000010193013000009781.261
10000006983197000002998.851
10000003999197000010059.911
10000008990091000005154.541
10000002736293000005469.941
10000002733869000008179.541
10000003978084000005267.361
10000002939920000004316.901
10000009871539000006724.041
10000003718505000006826.241
10000010525266000022052.381
10000006233419000005619.661
10000006215566000007617.951
10000004649634000004473.881
10000008993178000005718.141
10000003304247000011949.551
10000000952495000006375.621
10000002284549000013789.861
10000009048162000012281.741
10000003328081000002358.251
10000003304073000014288.221
10000006214633000003217.071
10000016210564000028890.511
10000006229583000005179.731
10000006212463000008120.291
10000009006730000004885.511
10000006082634000011808.491
10000002733033000004319.251
10000002734362000008553.651
10000003188774000003520.321
10000002737209000004201.281
10000003468853000006698.601
10000006214732000027881.391
10000002738611000008204.351
10000003980047000006894.351
10000018056669000013091.131
10000004913279000029704.691
10000002289036000011793.231
10000004649486000003992.821
10000006264133000004022.651
10000006256362000003364.521
10000003696959000005698.501
10000006264993000013480.321
10000003223025000006304.191
10000006646787000003815.021
10000004143503000005789.251
10000018187084000021796.321
10000003280140000005161.681
10000003204182000003443.451
10000018130041000016698.701
10000009016771000003637.041
10000003987580000014137.891
10000009029732000006084.621
10000004653346000009511.961
10000010983498000003343.471
10000006318732000003443.741
10000006211639000016530.961
10000014224559000014949.021
10000003189128000006460.481
10000003304099000009069.751
10000017304994000020408.751
10000006228361000007345.071
10000002734304000005054.791
10000006215558000011797.291
10000006213643000004199.261
10000004522541000012228.711
10000006215540000026436.671
10000000950994000008516.071
10000006214493000007085.561
10000004451724000003743.741
10000004845266000014088.371
10000003188849000005044.041
10000009527471000032676.371
10000006214526000008417.001
10000009333191000005280.601
10000001878020000002802.931
10000010231954000003963.421
10000004092312000012924.291
10000004215419000012868.001
10000006263987000005683.251
10000009770096000015045.041
10000006229559000008314.231
10000003985360000009536.691
10000006229567000005650.491
10000006229541000006021.941
