REMUNERACIONES MAYO/2013    0017431052013
10000003903776000964873.85000000000000000000
10000003304065000004093.861
10000004646234000004076.361
10000002643878000008003.821
10000004144238000001994.171
10000003280439000008245.981
10000009805992000005310.491
10000009376547000008388.781
10000002742505000003701.281
10000006214625000007816.411
10000004451667000004101.511
10000003217094000002250.251
10000006228741000002740.561
10000001515630000008564.221
10000002735592000005188.001
10000004144189000006612.141
10000004649444000005201.541
10000003364415000002332.041
10000004812504000006485.911
10000003943376000006908.031
10000002386832000003946.841
10000002947874000012199.081
10000003730153000009658.701
10000004038233000010649.821
10000002735758000005342.311
10000003252777000004596.351
10000003303934000005830.511
10000002732689000003627.511
10000006212405000008469.831
10000006131100000009680.041
10000007558337000004654.461
10000007820330000008617.681
10000008992691000004383.061
10000007739078000003311.711
10000003279614000004359.751
10000006318758000004034.801
10000004645830000007233.281
10000006586610000003035.401
10000002736011000002302.201
10000004182808000010604.791
10000003370420000010911.251
10000002738968000003837.371
10000006256130000002293.511
10000006228642000002872.671
10000002738900000005783.131
10000004653049000005372.541
10000006830603000006369.761
10000004144741000009940.121
10000006347278000004573.931
10000002737564000003092.491
10000006255398000010062.031
10000006228973000003233.471
10000004646292000005583.531
10000003217309000002359.861
10000006782614000004460.591
10000009922465000005869.621
10000006532986000009367.911
10000002737499000004939.041
10000009015939000002066.691
10000006211291000003871.641
10000003280281000001668.481
10000002741937000005996.531
10000001019301300007412.451
10000002574726000003856.021
10000006983197000001696.941
10000003999197000003949.011
10000001051948300004698.671
10000008990091000003868.071
10000003308314000008675.851
10000002736293000003180.281
10000006255687000002432.491
10000002733869000005741.261
10000002718449000003742.651
10000001055180700007613.961
10000003978084000006184.441
10000002939920000002187.931
10000009871539000005219.761
10000003693426000004308.971
10000004649585000003901.361
10000003718505000004387.591
10000001052526600010890.251
10000006233419000006356.791
10000006215566000004958.291
10000004649634000003724.211
10000008993178000003293.121
10000003304247000009226.271
10000009869104000013191.931
10000000952312000005813.231
10000000952495000004345.951
10000002284549000009183.121
10000009048162000006954.131
10000004004143000005673.441
10000003328081000002359.561
10000002058689000004004.651
10000003304073000009100.071
10000006214633000002678.901
10000004962672000008368.771
10000006229583000002754.881
10000006212463000006151.341
10000009006730000003162.581
10000002733033000002619.511
10000002734362000005419.461
10000003303992000004406.061
10000006755968000009235.411
10000003188774000001975.511
10000002737209000002877.671
10000003468853000004068.891
10000006214732000008292.371
10000002738611000005969.041
10000003980047000005312.341
10000003217648000003045.541
10000004363193000003533.281
10000004215328000006082.391
10000002289036000010217.631
10000001303376100010501.971
10000004649486000005333.041
10000006264133000002207.791
10000006256362000002795.891
10000003696959000003411.261
10000006264993000009494.401
10000004645971000007371.431
10000003223025000004534.391
10000004507890000010427.411
10000006646787000002673.501
10000004143503000004413.761
10000003280140000001558.501
10000007632511000003495.261
10000003204182000001904.611
10000009016771000001622.331
10000003987580000005109.111
10000009029732000003867.551
10000001100266900008330.281
10000004653346000008960.751
10000001098349800003178.711
10000003309354000009115.301
10000006318732000001992.611
10000006211639000006495.09
10000003189128000001888.311
10000003304099000006950.751
10000006228361000005036.211
10000002734304000002940.741
10000003217151000002256.661
10000006215558000003716.861
10000006213643000004573.861
10000004522541000009362.811
10000000950712000005005.281
10000006215540000007455.911
10000000950994000007101.551
10000001867833000003966.101
10000001019564700006572.411
10000006214493000006518.591
10000002575386000004437.621
10000004451724000005334.041
10000004845266000010904.871
10000003188849000002521.521
10000006214526000009059.021
10000009333191000003962.611
10000001878020000002865.491
10000004782450000005377.441
10000001023195400002832.871
10000004092312000009763.561
10000004215419000010416.001
10000001875969000006202.581
10000004144709000007846.381
10000006263987000005295.771
10000004290205000009907.411
10000009770096000011703.621
10000008988393000002633.861
10000006229559000004747.001
10000003334517000002547.961
10000000952122000004961.841
10000006254530000007963.321
10000003985360000010872.151
10000006229567000004161.191
10000006229541000005030.841
