BONOS FEBRERO/2016    0012810032016
10000003903776000037433.0000000000000000
10000016735380000000342.001
10000016222428000000342.001
10000013331222000000282.001
10000007821544000000298.001
10000011049249000000332.001
10000004649428000000298.001
10000018539962000000216.001
10000011036072000000342.001
10000016304812000000342.001
10000020100892000000306.001
10000004646755000000342.001
10000015052975000000288.001
10000013756701000000342.001
10000019158696000000342.001
10000010705727000000282.001
10000020085862000000324.001
10000016714540000000342.001
10000011049083000000342.001
10000012192055000000306.001
10000012270041000000188.001
10000015463172000000110.001
10000018061626000000342.001
10000013534644000000298.001
10000018733697000000251.001
10000004284943000000172.001
10000004144551000000298.001
10000014317809000000342.001
10000015621316000000251.001
10000011072331000000342.001
10000004653049000000341.001
10000010973936000000324.001
10000019892400000000342.001
10000013535361000000298.001
10000019116884000000342.001
10000011069312000000251.001
10000020967440000000504.001
10000013979163000000298.001
10000018527909000000288.001
10000020786824000000297.001
10000019340219000000234.001
10000013488908000000342.001
10000002993562000000288.001
10000017657161000000298.001
10000003165657000000324.001
10000019398648000000342.001
10000013947681000000341.001
10000010704422000000219.001
10000007704146000000251.001
10000011349657000000342.001
10000020101212000000342.001
10000019241342000000235.001
10000016998392000000288.001
10000018880745000000305.001
10000007033173000000180.001
10000017520714000000270.001
10000007446574000000298.001
10000020129587000000298.001
10000010208664000000172.001
10000016990653000000298.001
10000020108961000000342.001
10000017230446000000282.001
10000006214568000000266.001
10000010408040000000282.001
10000004807232000000235.001
10000004284373000000141.001
10000018850326000000341.001
10000019479183000000298.001
10000020109315000000342.001
10000006531152000000204.001
10000010658752000000078.001
10000017693800000000342.001
10000015695212000000172.001
10000012165292000000282.001
10000014023208000000333.001
10000004649569000000110.001
10000016702016000000298.001
10000020088650000000282.001
10000014854231000000342.001
10000006427343000000251.001
10000013491274000000324.001
10000014480078000000342.001
10000011072406000000342.001
10000014617233000000342.001
10000020203167000000298.001
10000013532820000000306.001
10000003335523000000342.001
10000015464104000000342.001
10000019258149000000141.001
10000016763943000000336.001
10000019319438000000141.001
10000010489280000000342.001
10000021037945000000094.001
10000010705553000000298.001
10000018430996000000324.001
10000015444586000000141.001
10000007687772000000304.001
10000015667823000000298.001
10000004869563000000324.001
10000014798372000000342.001
10000007212248000000216.001
10000019795571000000329.001
10000012791443000000342.001
10000011059735000000204.001
10000015551521000000324.001
10000004302349000000157.001
10000019909461000000324.001
10000019299086000000270.001
10000004649600000000342.001
10000018428751000000342.001
10000015404936000000342.001
10000017000956000000323.001
10000018965406000000219.001
10000018416243000000342.001
10000010672405000000342.001
10000004146086000000342.001
10000004921496000000342.001
10000000951330000000298.001
10000003996086000000306.001
10000020604258000000342.001
10000011049166000000298.001
10000020967341000000342.001
10000016992336000000342.001
10000012665127000000342.001
10000011651771000000342.001
10000020745698000000334.001
10000004318403000000306.001
10000019059993000000235.001
10000011579121000000342.001
