BONOS MARZO/2016    0002014042016
10000004410085000005729.0000000000000000
10000002288955000000270.001
10000006423408000000387.001
10000010905814000000387.001
10000020542193000000345.001
10000010999601000000078.001
10000012084046000000306.001
10000013406736000000305.001
10000009792652000000078.001
10000010207640000000321.001
10000008759140000000378.001
10000013878985000000016.001
10000004988678000000324.001
10000015761469000000315.001
10000004646268000000387.001
10000010930390000000063.001
10000008103339000000387.001
10000020536229000000345.001
10000020511586000000345.001
10000006211986000000387.001
10000004645781000000305.001
