BONOS JULIO/2015    0002119082015
10000004410085000006932.00000000000000000000
10000006423408000000405.001
10000010905814000000387.001
10000006615138000000339.001
10000012084046000000387.001
10000013406736000000360.001
10000013947681000000414.001
10000009792652000000413.001
10000010207640000000360.001
10000007636365000000337.001
10000008759140000000387.001
10000004988678000000387.001
10000015761469000000373.001
10000004646268000000387.001
10000003335523000000216.001
10000010930390000000110.001
10000007687772000000414.001
10000017594793000000102.001
10000008103339000000405.001
10000006229533000000063.001
10000016497716000000282.001
10000006211986000000404.001
