REMUNERACIONES SEPTIEMBRE/2013    0016401102013
10000003903776000886809.35000000000000000000
10000003304065000004172.961
10000004646234000004250.761
10000002643878000007962.321
10000004144238000001779.481
10000002674443000007268.951
10000003280439000008426.941
10000009376547000008267.681
10000002742505000003152.531
10000006214625000007996.511
10000004451667000003743.821
10000003217094000002248.261
10000006228741000003085.781
10000001515630000008559.821
10000002735592000005181.061
10000004144189000006533.641
10000004649444000005249.741
10000003364415000002089.481
10000004812504000006312.721
10000003943376000006240.631
10000002386832000003415.971
10000002947874000012524.581
10000003730153000009717.301
10000004038233000011091.601
10000002735758000004877.531
10000003252777000004822.031
10000003303934000005783.411
10000002732689000003733.721
10000006212405000008726.221
10000007558337000003973.811
10000007820330000008615.281
10000008992691000004428.061
10000007739078000003311.711
10000003279614000004821.961
10000006318758000003415.671
10000004645830000007267.681
10000006586610000003035.401
10000002736011000002933.821
10000004182808000010421.421
10000002738968000003579.271
10000006228642000002900.911
10000002738900000005783.791
10000004653049000005721.941
10000006830603000007201.721
10000006347278000004573.631
10000002737564000003191.841
10000006255398000007884.191
10000006228973000003714.431
10000004646292000005279.041
10000003217309000002673.351
10000006782614000004403.131
10000009922465000005855.121
10000006532986000009378.011
10000002737499000004049.141
10000009015939000002751.201
10000006211291000004139.131
10000003280281000002848.271
10000010709456000005112.211
10000002741937000005546.581
10000010193013000007412.451
10000002574726000003929.701
10000006983197000001704.381
10000003999197000003947.411
10000010519483000004696.231
10000008990091000004340.961
10000002736293000003405.701
10000002733869000005326.531
10000002718449000003878.321
10000010551807000011081.161
10000003978084000006152.771
10000002939920000002344.941
10000009871539000005210.941
10000003693426000003822.271
10000004649585000003850.011
10000003718505000004816.041
10000010525266000010885.951
10000006233419000005712.841
10000006215566000004921.091
10000004649634000002557.651
10000008993178000004784.301
10000003304247000009383.811
10000009869104000013192.131
10000000952312000005380.991
10000000952495000004336.321
10000002284549000009095.801
10000009048162000009314.721
10000004004143000005659.141
10000003328081000002359.561
10000002058689000004078.211
10000003304073000009255.511
10000006214633000002200.881
10000004962672000008423.481
10000006229583000002825.361
10000006212463000006150.741
10000009006730000003245.361
10000002733033000002579.601
10000002734362000005443.711
10000010647028000009545.511
10000006755968000009187.511
10000003188774000002315.551
10000002737209000002109.971
10000003468853000004205.061
10000006214732000008191.911
10000002738611000006384.511
10000003980047000005252.941
10000003217648000003090.051
10000004363193000003499.731
10000002289036000010095.631
10000004649486000005333.241
10000006264133000002302.851
10000006256362000002474.961
10000003696959000003354.171
10000006264993000009472.701
10000004645971000007364.921
10000003223025000004449.621
10000004507890000010428.221
10000006646787000002685.751
10000004143503000004360.861
10000003280140000001756.651
10000007632511000003010.471
10000003204182000002654.511
10000009016771000001597.781
10000003987580000004939.171
10000009029732000003857.871
10000004653346000009045.741
10000010983498000002504.981
10000006318732000002017.801
10000006211639000005280.27
10000003189128000001486.881
10000003304099000006947.551
10000006228361000004992.281
10000002734304000002308.011
10000003217151000002365.181
10000006215558000003890.271
10000006213643000003041.941
10000004522541000009364.011
10000000950712000005335.831
10000006215540000007467.291
10000000950994000005388.161
10000001867833000003314.051
10000010195647000006634.041
10000006214493000007149.221
10000002575386000004630.141
10000004451724000005218.821
10000004845266000010905.171
10000003188849000002248.711
10000006214526000009041.421
10000009333191000003962.611
10000001878020000002982.021
10000004782450000005413.541
10000010231954000002809.581
10000004092312000009866.371
10000004215419000009698.221
10000001875969000006229.431
10000004144709000007810.481
10000006263987000005159.021
10000009770096000011702.021
10000008988393000001640.851
10000006229559000004740.801
10000003334517000002949.801
10000000952122000005271.881
10000006254530000008228.281
10000003985360000010874.251
10000006229567000004276.171
10000006229541000004960.051
