BONOS MAYO/2016    0001915062016
10000004410085000004357.0000000000000000
10000002288955000000047.001
10000006423408000000342.001
10000010905814000000351.001
10000020542193000000172.001
10000010999601000000094.001
10000020480757000000110.001
10000012084046000000234.001
10000010960975000000016.001
10000010207640000000360.001
10000008759140000000351.001
10000013878985000000243.001
10000004646268000000306.001
10000010930390000000141.001
10000008103339000000342.001
10000002281082000000216.001
10000020536229000000282.001
10000020511586000000298.001
10000006211986000000342.001
10000004645781000000110.001
