REMUNERACIONES SEPTIEMBRE/2011    0010430092011
10000003903776000373774.26
10000006265008000002033.391
10000003280439000005114.811
10000002742505000001998.351
10000006214625000004178.641
10000003303942000003413.161
10000006228717000002928.651
10000006229335000003625.151
10000006253904000004478.071
10000006228741000002996.541
10000001515630000004272.661
10000002735592000004157.901
10000003364415000001800.031
10000004812504000005130.521
10000002386832000002157.131
10000004401547000011577.261
10000002735758000003937.071
10000003252777000001589.511
10000006265016000010216.391
10000002732689000001021.041
10000006212405000005311.261
10000006210938000010417.171
10000003279614000001455.811
10000006212538000005152.871
10000006318758000002303.561
10000000952437000001435.101
10000006586610000002164.591
10000002736011000001572.541
10000002735857000001893.001
10000006318774000007823.211
10000002738968000002242.211
10000006256130000001358.861
10000006228642000001695.611
10000002738900000003701.751
10000006830603000004088.591
10000004144741000008088.311
10000006347278000003635.461
10000002737564000001444.561
10000006255398000008120.021
10000006228973000002756.601
10000002737499000003321.141
10000006348763000006770.211
10000006211291000002218.761
10000003280281000002481.341
10000002741937000002791.161
10000002574726000001948.971
10000002736293000001914.231
10000002733869000002439.861
10000002718449000001605.021
10000000952635000002685.251
10000001431935000003934.881
10000003364506000002159.221
10000002939920000001202.251
10000003718505000003686.701
10000006233419000006215.631
10000006215566000001099.181
10000003303893000004696.981
10000003716145000011644.901
10000000952312000003366.871
10000000951257000002695.191
10000000952495000003076.251
10000002058689000003002.811
10000006214633000001747.571
10000006229583000001467.331
10000006214592000001098.321
10000002733033000002185.461
10000002734362000003315.651
10000003188774000001539.641
10000002737209000002104.681
10000006214732000007821.651
10000006255629000008825.421
10000002738611000002042.401
10000006313261000008049.141
10000006264133000001345.331
10000006256362000002329.461
10000006264993000007993.641
10000003223025000001930.641
10000002737374000000435.301
10000003280140000001202.671
10000003204182000001886.131
10000004314865000006223.741
10000003987580000004493.811
10000006318732000001306.801
10000006211639000001310.471
10000003189128000001677.531
10000006228361000003949.391
10000006318766000008097.811
10000002734304000001690.471
10000006215558000002938.421
10000006213643000003652.351
10000000950712000003537.691
10000006215540000007398.521
10000000950994000001681.401
10000001867833000002791.951
10000006214493000001798.081
10000002575386000001851.231
10000003188849000001341.101
10000006214526000008988.561
10000001878020000001456.141
10000001875969000002982.551
10000006263987000001402.801
10000000952122000004808.101
10000006254530000007964.941
10000006229567000001863.561
10000006229541000003002.271
