REMUNERACIONES NOVIEMBRE/2015    0012230112015
10000003903776001096342.86000000000000000000
10000003304065000008914.791
10000002643878000010416.041
10000004144238000003221.151
10000002674443000012288.751
10000003280439000012227.861
10000009376547000012451.511
10000002742505000006349.471
10000006214625000011800.561
10000006228741000006651.671
10000001515630000013249.901
10000003364415000003717.401
10000004812504000012693.671
10000003943376000008959.211
10000003730153000016719.621
10000002735758000007426.051
10000003252777000010537.581
10000003303934000007693.331
10000002732689000005924.281
10000007558337000008305.651
10000007820330000007095.771
10000008992691000006898.561
10000007739078000003338.361
10000003279614000005921.121
10000006318758000010677.791
10000004645830000009277.891
10000006586610000004505.291
10000002736011000005714.151
10000002738968000004116.671
10000002738900000007883.791
10000006830603000008119.091
10000006347278000006406.821
10000002737564000004167.601
10000006255398000012425.491
10000006228973000008429.881
10000009922465000008512.271
10000002737499000007373.601
10000009015939000004983.551
10000006211291000007993.161
10000003280281000003686.201
10000010709456000005109.471
10000002741937000008531.661
10000010193013000009781.261
10000006983197000002968.681
10000003999197000010060.701
10000008990091000005463.751
10000002736293000005470.371
10000002733869000007867.281
10000002939920000004330.091
10000009871539000006724.541
10000003718505000006827.041
10000010525266000022052.381
10000006233419000005441.851
10000006215566000007618.351
10000004649634000004795.301
10000008993178000006147.271
10000003304247000012260.661
10000000952495000006518.361
10000002284549000013983.181
10000009048162000012052.051
10000003328081000002351.351
10000003304073000014282.521
10000006214633000003032.551
10000016210564000028909.171
10000006229583000005154.821
10000006212463000008108.591
10000009006730000005039.161
10000006082634000011808.491
10000002733033000003987.541
10000002734362000008564.761
10000003188774000002752.121
10000002737209000003808.011
10000003468853000006536.981
10000006214732000027882.511
10000002738611000009075.671
10000018056669000013303.201
10000004913279000029712.561
10000002289036000011779.421
10000004649486000004014.011
10000006264133000004349.021
10000006256362000003361.341
10000003696959000005812.801
10000006264993000013459.021
10000003223025000006256.711
10000006646787000003854.011
10000004143503000005788.351
10000018187084000021796.321
10000003280140000005171.391
10000003204182000004817.121
10000018130041000016722.371
10000009016771000003516.341
10000003987580000014179.931
10000009029732000006079.511
10000004653346000009527.471
10000010983498000003352.381
10000006318732000003452.021
10000006211639000016265.151
10000014224559000015156.271
10000003189128000006137.961
10000003304099000009221.241
10000017304994000020719.441
10000006228361000007322.871
10000002734304000005598.871
10000006213643000004211.191
10000004522541000012227.711
10000006215540000026453.591
10000000950994000009204.171
10000006214493000007428.941
10000004451724000004098.701
10000004845266000014240.721
10000003188849000004500.891
10000009527471000032676.371
10000006214526000008450.501
10000009333191000005280.601
10000001878020000002803.711
10000010231954000004716.151
10000004092312000013287.801
10000004215419000012865.101
10000006263987000005735.171
10000009770096000015089.441
10000006229559000008309.831
10000006229567000005633.061
10000006229541000006028.111
