REMUNERACIONES JULIO/2014    0014231072014
10000003903776000993416.36000000000000000000
10000003304065000007344.231
10000004646234000004175.311
10000002643878000006381.681
10000004144238000003001.411
10000002674443000010112.051
10000003280439000009077.661
10000009376547000009937.281
10000002742505000004246.491
10000006214625000008340.061
10000006228741000007044.471
10000001515630000009377.961
10000002735592000005540.021
10000004144189000009751.591
10000003364415000002171.921
10000004812504000010030.681
10000003943376000007055.721
10000003730153000009947.941
10000002735758000005246.961
10000003252777000008823.571
10000003303934000005708.771
10000002732689000004267.891
10000006212405000010792.571
10000007558337000003814.941
10000007820330000006315.511
10000008992691000006047.221
10000007739078000004687.371
10000003279614000004826.071
10000006318758000007228.201
10000004645830000007476.771
10000006586610000003404.571
10000002736011000003306.711
10000004182808000012093.821
10000002738968000002057.691
10000002738900000006612.361
10000006830603000004503.691
10000006347278000005231.551
10000002737564000002650.761
10000006255398000009921.071
10000006228973000005675.861
10000006782614000006185.861
10000009922465000007127.681
10000014024272000012652.391
10000006532986000009675.291
10000002737499000004636.461
10000009015939000002521.091
10000006211291000006113.151
10000003280281000001754.901
10000010709456000003984.151
10000002741937000006367.531
10000010193013000008190.921
10000006983197000001771.161
10000003999197000005516.171
10000010519483000004772.311
10000008990091000004169.051
10000002736293000004233.121
10000002733869000006299.501
10000010551807000011805.001
10000003978084000006864.671
10000002939920000002720.941
10000009871539000005819.901
10000003693426000004048.201
10000003718505000005531.931
10000010525266000012649.991
10000006233419000006126.781
10000006215566000006221.971
10000004649634000003425.751
10000008993178000003610.191
10000003304247000010211.121
10000000952495000005256.271
10000002284549000009671.551
10000009048162000010144.961
10000004004143000006303.001
10000003328081000002225.111
10000002058689000005411.431
10000003304073000010003.011
10000006214633000002299.651
10000004962672000009238.461
10000016210564000029034.801
10000006229583000003011.011
10000006212463000006831.671
10000009006730000004898.721
10000002733033000003143.801
10000002734362000006770.191
10000010647028000010546.781
10000006755968000010122.511
10000003188774000002008.691
10000002737209000003423.691
10000003468853000005486.381
10000006214732000026036.021
10000002738611000007273.531
10000003980047000005606.941
10000002289036000012223.691
10000004649486000005943.541
10000006264133000003338.831
10000006256362000002506.951
10000003696959000004367.421
10000006264993000011017.801
10000004645971000007957.771
10000003223025000004279.491
10000006646787000002950.921
10000004143503000004716.351
10000003280140000003934.801
10000007632511000004164.561
10000003204182000002996.061
10000009016771000002050.731
10000003987580000014395.521
10000009029732000004327.521
10000004653346000009844.951
10000010983498000002815.651
10000006318732000002381.131
10000006211639000006244.361
10000014224559000011760.951
10000003189128000003644.951
10000003304099000007652.081
10000006228361000005686.951
10000002734304000003769.031
10000006215558000009606.871
10000006213643000003414.291
10000004522541000010299.591
10000006215540000026227.391
10000000950994000006060.351
10000010195647000007128.631
10000006214493000007587.931
10000004451724000011458.361
10000004845266000011965.541
10000003188849000002116.631
10000009527471000030698.391
10000006214526000006188.781
10000009333191000004465.091
10000001878020000003115.391
10000004782450000006899.951
10000010231954000003577.671
10000004092312000010990.771
10000004215419000010211.011
10000006263987000006100.181
10000009770096000012573.421
10000006229559000007049.581
10000003334517000003524.041
10000006254530000017354.981
10000003985360000008114.271
10000006229567000003784.281
10000006229541000003945.251
