REMUNERACIONES MAYO/2015    0013929052015
10000003903776001205644.18000000000000000000
10000003304065000008783.771
10000004646234000003043.661
10000002643878000010058.191
10000004144238000002879.351
10000002674443000012359.391
10000003280439000010630.431
10000009376547000012116.931
10000002742505000006612.341
10000006214625000009935.411
10000006228741000005807.701
10000001515630000011764.771
10000002735592000006508.911
10000004144189000010486.091
10000003364415000003702.211
10000004812504000012119.821
10000003943376000008254.061
10000003730153000015566.251
10000002735758000007565.891
10000003252777000009992.121
10000003303934000006967.711
10000002732689000005909.241
10000007558337000007766.181
10000007820330000007123.571
10000008992691000006597.371
10000007739078000002983.451
10000003279614000005105.171
10000006318758000010017.931
10000004645830000008605.761
10000006586610000004242.581
10000002736011000005139.601
10000004182808000013897.951
10000002738968000003646.141
10000002738900000008223.801
10000006830603000006920.361
10000006347278000007104.001
10000002737564000003888.851
10000006255398000011765.751
10000006228973000007934.161
10000006782614000007224.721
10000009922465000007920.081
10000014024272000012882.611
10000006532986000010853.811
10000002737499000007276.531
10000009015939000004344.301
10000006211291000006418.601
10000003280281000003834.551
10000010709456000004504.071
10000002741937000008291.711
10000010193013000009134.111
10000006983197000002581.831
10000003999197000005947.981
10000008990091000004852.871
10000002736293000005533.121
10000002733869000008211.841
10000003978084000004575.721
10000002939920000003826.811
10000009871539000006290.471
10000003693426000004511.171
10000003718505000007377.891
10000010525266000021230.481
10000006233419000006798.411
10000006215566000007820.101
10000004649634000004094.321
10000008993178000004867.281
10000003304247000011288.631
10000000952495000007060.481
10000002284549000013167.121
10000009048162000011443.941
10000003328081000002409.321
10000003304073000012124.381
10000006214633000003471.941
10000016210564000028911.511
10000006229583000005774.691
10000006212463000007640.491
10000009006730000005785.581
10000002733033000005122.361
10000002734362000008520.241
10000010647028000011724.141
10000006755968000011271.401
10000003188774000003557.371
10000002737209000004730.151
10000003468853000006036.871
10000006214732000028429.871
10000002738611000008976.371
10000003980047000006343.001
10000018056669000011169.641
10000004913279000030730.511
10000002289036000014616.351
10000004649486000003498.161
10000006264133000003309.691
10000006256362000002904.541
10000003696959000004698.891
10000006264993000013499.101
10000004645971000009136.701
10000003223025000006623.421
10000006646787000004028.181
10000004143503000005503.231
10000018187084000020904.311
10000003280140000004858.831
10000003204182000003910.281
10000018130041000015713.461
10000009016771000002853.391
10000003987580000017245.561
10000009029732000005646.021
10000004653346000008696.801
10000010983498000002571.971
10000006318732000003204.731
10000006211639000016039.591
10000014224559000013564.381
10000003189128000005127.471
10000003304099000008530.111
10000017304994000019556.351
10000006228361000006493.511
10000002734304000004680.971
10000006215558000011054.941
10000006213643000004495.621
10000004522541000011445.241
10000006215540000026529.361
10000000950994000007706.251
10000006214493000007354.591
10000004451724000006145.521
10000004845266000013256.411
10000003188849000004252.031
10000009527471000032610.381
10000006214526000008312.121
10000009333191000006691.331
10000001878020000004403.231
10000004782450000006155.301
10000010231954000004368.701
10000004092312000010244.191
10000004215419000010995.211
10000006263987000008092.541
10000009770096000014526.921
10000006229559000009034.441
10000003334517000003681.131
10000006254530000018018.121
10000003985360000008911.821
10000006229567000005115.721
10000006229541000005904.841
