BONOS JULIO/2015    0014519082015
10000003903776000048477.00000000000000000000
10000016735380000000405.001
10000010474877000000172.001
10000006374396000000333.001
10000018859914000000405.001
10000016222428000000352.001
10000017037040000000405.001
10000013331222000000360.001
10000011574452000000414.001
10000018428983000000360.001
10000007821544000000352.001
10000011049249000000387.001
10000004649428000000378.001
10000018539962000000204.001
10000004004218000000290.001
10000011036072000000396.001
10000009894614000000172.001
10000016304812000000234.001
10000004646755000000234.001
10000015052975000000396.001
10000013756701000000414.001
10000019158696000000399.001
10000010705727000000204.001
10000016714540000000414.001
10000011049083000000315.001
10000012192055000000414.001
10000019391460000000342.001
10000012270041000000094.001
10000015463172000000180.001
10000018061626000000405.001
10000013534644000000360.001
10000018733697000000290.001
10000004284943000000180.001
10000004144551000000313.001
10000014317809000000387.001
10000015621316000000251.001
10000017171103000000329.001
10000004653049000000162.001
10000010391972000000360.001
10000010973936000000378.001
10000009024980000000360.001
10000013535361000000149.001
10000013350206000000375.001
10000018921466000000414.001
10000019116884000000324.001
10000013979163000000360.001
10000018527909000000243.001
10000013488908000000396.001
10000017657161000000414.001
10000003165657000000414.001
10000004989840000000313.001
10000010704422000000258.001
10000007704146000000297.001
10000011349657000000351.001
10000014598615000000313.001
10000019241342000000414.001
10000016998392000000211.001
10000018880745000000414.001
10000018737160000000414.001
10000017520714000000360.001
10000010208664000000102.001
10000016990653000000337.001
10000015442803000000329.001
10000017230446000000378.001
10000006214568000000357.001
10000010408040000000360.001
10000004807232000000347.001
10000015443257000000485.001
10000004284373000000266.001
10000018850326000000360.001
10000014234079000000387.001
10000017693800000000405.001
10000015695212000000414.001
10000017637709000000315.001
10000012165292000000321.001
10000012121723000000405.001
10000004649569000000266.001
10000016702016000000405.001
10000015668095000000313.001
10000010648034000000329.001
10000014854231000000387.001
10000006427343000000282.001
10000013491274000000414.001
10000014480078000000387.001
10000019104186000000396.001
10000011072406000000414.001
10000014617233000000405.001
10000016166973000000157.001
10000013532820000000404.001
10000017715084000000216.001
10000018179362000000414.001
10000015464104000000414.001
10000019258149000000337.001
10000016763943000000387.001
10000017707388000000216.001
10000003980196000000296.001
10000019319438000000282.001
10000010705553000000243.001
10000018430996000000414.001
10000015444586000000305.001
10000015667823000000369.001
10000015482817000000485.001
10000003984445000000297.001
10000004620353000000360.001
10000004869563000000351.001
10000018700315000000405.001
10000014798372000000352.001
10000007212248000000302.001
10000018897592000000405.001
10000005689134000000371.001
10000012791443000000360.001
10000013894303000000405.001
10000011059735000000157.001
10000011049778000000315.001
10000003702780000000234.001
10000015551521000000396.001
10000011063637000000266.001
10000004302349000000235.001
10000019299086000000252.001
10000004649600000000342.001
10000005703984000000351.001
10000004222349000000324.001
10000004661620000000196.001
10000018428751000000386.001
10000017334644000000342.001
10000015404936000000360.001
10000018965406000000266.001
10000018416243000000396.001
10000010672405000000313.001
10000015444370000000485.001
10000004921496000000412.001
10000003996086000000279.001
10000011049166000000149.001
10000014143999000000405.001
10000016992336000000378.001
10000011410482000000219.001
10000017678406000000414.001
10000003718208000000360.001
10000015470044000000414.001
10000011651771000000387.001
10000010485402000000396.001
10000004318403000000360.001
10000006531780000000117.001
10000019059993000000360.001
10000011579121000000393.001
10000008237542000000283.001
