REMUNERACIONES JULIO/2012    0020631072012
10000003903776001050904.58000000000000000000
10000003304065000004338.061
10000006265008000001838.451
10000004495475000009907.411
10000002643878000007010.051
10000004144238000001937.711
10000003280439000008541.641
10000009805992000004277.211
10000009376547000008362.181
10000002742505000003097.821
10000006214625000007403.171
10000004451667000004127.301
10000006228717000003977.711
10000003217094000003074.231
10000006229335000003879.471
10000006253904000007722.111
10000006228741000003914.111
10000001515630000006778.841
10000007620623000006570.881
10000002735592000004744.361
10000003364415000002378.571
10000004812504000006456.011
10000002386832000003312.061
10000002947874000011589.311
10000003730153000009827.701
10000002735758000005206.261
10000007670933000006399.971
10000009337359000006614.341
10000003252777000003781.481
10000008973740000006079.021
10000003303934000005988.751
10000002732689000001914.321
10000006212405000008464.061
10000006131100000009869.911
10000007558337000003987.761
10000007820330000008661.251
10000007897628000004287.451
10000008992691000004428.061
10000009527455000007761.381
10000007739078000005469.101
10000009448213000003280.611
10000001007543500005761.141
10000003279614000003006.101
10000006318758000003873.461
10000000952437000002746.391
10000006586610000002945.451
10000002736011000002753.011
10000004182808000010424.801
10000002738968000003656.461
10000009464368000003120.431
10000006256130000002716.071
10000006228642000002881.741
10000002738900000005563.651
10000004653049000005400.041
10000006830603000005875.611
10000004144741000007905.181
10000006347278000004273.561
10000002737564000003014.491
10000006255398000010010.171
10000006228973000004654.951
10000004646292000003591.421
10000003217309000002297.041
10000009922465000005656.391
10000008007945000003237.401
10000006532986000009812.831
10000002737499000003805.171
10000009015939000002037.771
10000006348763000005395.321
10000006211291000003812.711
10000003280281000001962.381
10000002741937000006819.401
10000001019301300006628.861
10000002574726000003932.191
10000006983197000003558.001
10000003999197000003949.411
10000004577900000008096.101
10000008990091000003781.071
10000005413426000007419.651
10000003985203000006337.381
10000003308314000007010.051
10000002736293000003566.191
10000002733869000003472.851
10000004290594000004656.161
10000002718449000003766.181
10000004510893000007729.521
10000001431935000002917.051
10000003978084000005427.541
10000009424304000003408.781
10000003364506000003187.041
10000002939920000001751.061
10000009871539000003456.681
10000003693426000001909.791
10000004649585000003997.511
10000003718505000004427.201
10000007640986000004053.251
10000006233419000006199.341
10000006215566000004756.321
10000008009280000003504.681
10000003303893000007240.641
10000004649634000003904.311
10000003622409000003847.671
10000008993178000003327.221
10000009014915000002050.881
10000009040332000006224.171
10000008955681000003824.851
10000003716145000011711.101
10000008018166000003467.621
10000007612919000003847.121
10000009869104000013185.541
10000000952312000005877.641
10000000951257000002693.161
10000000952495000004139.421
10000002284549000004290.261
10000008524353000002149.721
10000009048162000006995.051
10000004004143000005761.141
10000003328081000003945.671
10000008936938000003899.371
10000002058689000002328.421
10000006214633000002906.081
10000004962672000008423.481
10000006229583000002419.441
10000006212463000006260.441
10000009006730000003251.411
10000006214592000002299.731
10000002733033000003568.491
10000002734362000005720.751
10000003303992000004404.561
10000006755968000009359.111
10000003188774000001590.521
10000002737209000003339.301
10000009080536000003145.171
10000003468853000004369.731
10000006214732000007531.611
10000002738611000003543.781
10000009871993000003350.841
10000003217648000003441.591
10000004363193000004353.661
10000004215328000004690.261
10000002289036000009835.801
10000004649486000004351.861
10000006264133000001878.091
10000006256362000002266.821
10000003696959000004063.201
10000006264993000009009.851
10000003305691000006678.671
10000004182684000009670.951
10000003223025000004357.361
10000004507890000010474.801
10000002737374000001520.071
10000006646787000002553.551
10000002267438000005761.141
10000003280140000001641.321
10000007632511000004275.791
10000003204182000001755.761
10000009016771000002512.421
10000004314865000007965.851
10000003987580000005785.321
10000009029732000002856.671
10000004653346000009360.311
10000003309354000009150.351
10000006318732000001858.061
10000006211639000004945.571
10000003189128000001518.161
10000003304099000006985.151
10000006228361000004437.491
10000002734304000002251.501
10000003217151000002102.701
10000003303976000009257.611
10000006215558000003597.471
10000006213643000004425.471
10000004522541000009886.611
10000008083937000003822.671
10000004646028000006147.141
10000000950712000004761.971
10000006215540000007213.741
10000000950994000004620.181
10000001867833000003912.241
10000001019564700006525.451
10000006214493000005849.121
10000002575386000003035.471
10000004845266000010911.251
10000003188849000002269.941
10000009527471000011846.241
10000006214526000008680.461
10000009333191000004011.611
10000001878020000002401.751
10000004782450000005374.711
10000001023195400003111.021
10000004092312000009300.061
10000004215419000002793.281
10000001875969000006057.801
10000004144709000006169.641
10000006263987000004933.961
10000004290205000009742.301
10000008027737000001458.571
10000009770096000010911.251
10000003344574000011057.801
10000004649501000005136.341
10000008988393000003077.991
10000003334517000004061.591
10000000952122000004314.261
10000006254530000007772.011
10000003985360000004656.961
10000006229567000003144.131
10000006229541000004350.691
10000007998541000006627.871
