BONOS AGOSTO/2015    0012214082015
10000003903776000050164.00
10000003304065000000175.001
10000004646234000000300.001
10000002643878000000300.001
10000004144238000000575.001
10000002674443000000537.501
10000003280439000000432.001
10000009376547000000512.501
10000002742505000000432.001
10000006214625000000487.501
10000006228741000000575.001
10000001515630000000312.501
10000002735592000000486.001
10000004144189000000261.001
10000003364415000000288.001
10000004812504000000198.001
10000003943376000000550.001
10000002735758000000297.001
10000003252777000000288.001
10000003303934000000450.001
10000002732689000000108.001
10000007558337000000270.001
10000007820330000000487.501
10000008992691000000450.001
10000007739078000000575.001
10000003279614000000468.001
10000006318758000000525.001
10000004645830000000450.001
10000006586610000000414.001
10000002736011000000306.001
10000004182808000000266.001
10000002738968000000414.001
10000002738900000000387.001
10000006830603000000375.001
10000006347278000000575.001
10000002737564000000180.001
10000006255398000000491.001
10000006228973000000337.501
10000006782614000000450.001
10000009922465000000324.001
10000014024272000000550.001
10000006532986000000353.501
10000002737499000000360.001
10000009015939000000324.001
10000006211291000000316.001
10000003280281000000360.001
10000010709456000000512.501
10000002741937000000462.501
10000010193013000000414.001
10000006983197000000412.501
10000003999197000000525.001
10000008990091000000550.001
10000002736293000000387.001
10000002733869000000486.001
10000003978084000000562.501
10000002939920000000414.001
10000009871539000000414.001
10000003693426000000414.001
10000003718505000000362.501
10000006233419000000512.501
10000006215566000000475.001
10000004649634000000275.001
10000008993178000000126.001
10000003304247000000525.001
10000000952495000000575.001
10000002284549000000243.001
10000009048162000000450.001
10000003328081000000125.001
10000003304073000000500.001
10000006214633000000487.501
10000006229583000000550.001
10000006212463000000297.001
10000009006730000000252.001
10000002733033000000350.001
10000002734362000000405.001
10000010647028000000126.001
10000006755968000000516.001
10000003188774000000342.001
10000002737209000000540.001
10000003468853000000400.001
10000002738611000000450.001
10000003980047000000500.001
10000018056669000000144.001
10000002289036000000453.501
10000004649486000000512.501
10000006264133000000575.001
10000006256362000000425.001
10000003696959000000362.501
10000006264993000000369.001
10000004645971000000437.501
10000003223025000000387.501
10000004143503000000562.501
10000003280140000000378.001
10000003204182000000090.001
10000009016771000000342.001
10000009029732000000396.001
10000004653346000000450.001
10000006318732000000351.001
10000014224559000000425.001
10000003189128000000405.001
10000003304099000000562.501
10000006228361000000562.501
10000002734304000000396.001
10000006215558000000412.501
10000006213643000000512.501
10000004522541000000387.001
10000000950994000000050.001
10000006214493000000437.501
10000004451724000000462.501
10000004845266000000512.501
10000003188849000000414.001
10000006214526000000437.501
10000009333191000000562.501
10000001878020000000512.501
10000004782450000000362.501
10000010231954000000414.001
10000004092312000000550.001
10000004215419000000437.501
10000006263987000000550.001
10000009770096000000512.501
10000003985360000000512.501
10000006229567000000550.001
10000006229541000000475.001
