REMUNERACIONES NOVIEMBRE/2012    0021630112012
10000003903776001083927.98000000000000000000
10000003304065000003990.561
10000004646234000001256.981
10000002643878000007010.051
10000004144238000001940.311
10000003280439000008189.741
10000009805992000005310.391
10000009376547000008385.681
10000002742505000004275.511
10000006214625000007887.721
10000004451667000004117.481
10000006228717000003805.661
10000003217094000002972.371
10000006253904000006584.381
10000008282810000001440.281
10000006228741000002835.951
10000001515630000006791.741
10000007620623000005106.501
10000002735592000005184.381
10000004144189000000884.531
10000004649444000002880.571
10000003364415000002149.861
10000004812504000006438.921
10000003943376000000989.281
10000002386832000004569.081
10000002947874000011572.211
10000003730153000009707.201
10000002735758000005478.581
10000007670933000005264.961
10000009337359000006612.541
10000003252777000003316.591
10000008973740000006033.091
10000003303934000005844.081
10000002732689000003310.641
10000006212405000008464.261
10000006131100000009751.311
10000007558337000004108.131
10000007820330000008217.851
10000007897628000003804.741
10000008992691000004428.061
10000009527455000007815.021
10000007739078000005169.931
10000009448213000003294.381
10000001007543500005750.741
10000003279614000002595.821
10000006318758000003738.431
10000004645830000001236.611
10000000952437000002123.131
10000006586610000002945.451
10000002736011000002645.731
10000004182808000010358.801
10000003370420000010911.251
10000002738968000003975.931
10000009464368000003049.561
10000006256130000002507.921
10000006228642000003140.971
10000002738900000006038.891
10000004653049000005400.041
10000006830603000003495.561
10000004144741000008731.431
10000006347278000004313.661
10000002737564000002882.701
10000006255398000009990.631
10000006228973000003469.731
10000004646292000004504.341
10000003217309000003262.491
10000006782614000001256.981
10000009922465000006211.951
10000008007945000003169.471
10000006532986000009206.411
10000002737499000004101.461
10000009015939000002929.421
10000006348763000004241.691
10000006211291000003738.501
10000003280281000001641.441
10000002741937000006856.321
10000001019301300006154.001
10000002574726000003887.031
10000006983197000002771.011
10000003999197000003928.491
10000004577900000008378.371
10000001051948300000785.611
10000008990091000003956.301
10000005413426000006376.041
10000003308314000007549.551
10000002736293000002822.911
10000002733869000003705.591
10000004290594000004369.861
10000002718449000003759.121
10000004510893000007270.281
10000001431935000004107.031
10000001055180700007198.501
10000003978084000006232.941
10000009424304000003432.461
10000003364506000001067.061
10000002939920000001921.701
10000009871539000005547.821
10000003693426000003030.401
10000004649585000003994.811
10000003718505000004329.421
10000007640986000003866.581
10000001052526600010509.921
10000006233419000006201.741
10000006215566000004755.021
10000008009280000003670.751
10000003303893000007095.261
10000004649634000003722.561
10000003622409000003359.721
10000008993178000003183.681
10000009014915000002223.161
10000009040332000006207.791
10000001069877400001440.281
10000008955681000003422.511
10000003716145000011713.601
10000008018166000003292.311
10000007612919000003438.711
10000003304247000004953.701
10000009869104000013166.541
10000000952312000007406.161
10000000951257000005130.341
10000000952495000004138.861
10000002284549000006525.831
10000008524353000001681.041
10000009048162000006985.051
10000004004143000005761.141
10000003328081000003133.621
10000008936938000003133.621
10000002058689000003054.341
10000006214633000002924.991
10000004962672000008423.481
10000006229583000002453.461
10000006212463000006184.441
10000009006730000003639.921
10000006214592000002251.011
10000002733033000003418.921
10000002734362000005213.101
10000003303992000004226.761
10000006755968000009235.911
10000003188774000002563.001
10000002737209000003590.061
10000009080536000003352.201
10000003468853000004098.231
10000006214732000007447.861
10000002738611000005513.351
10000003980047000001536.301
10000009871993000003308.481
10000003217648000003394.241
10000004363193000003527.241
10000004215328000004422.371
10000002289036000009866.801
10000004649486000004102.791
10000006264133000001755.241
10000006256362000002287.331
10000003696959000003434.261
10000006264993000009242.901
10000004645971000000989.281
10000003305691000006880.551
10000004182684000009206.621
10000003223025000004199.271
10000004507890000010474.801
10000006646787000002566.781
10000002267438000005651.141
10000003280140000001488.141
10000007632511000003522.811
10000003204182000003354.071
10000009016771000003041.811
10000003987580000005467.541
10000009029732000004051.531
10000004653346000009138.621
10000003309354000008969.551
10000006318732000001884.001
10000006211639000005157.891
10000003189128000001591.501
10000003304099000006773.751
10000006228361000004731.111
10000002734304000003043.391
10000003217151000003017.031
10000003303976000009031.621
10000006215558000003565.771
10000006213643000004425.701
10000004522541000009886.911
10000008083937000003469.071
10000004646028000003596.121
10000000950712000005823.621
10000006215540000007339.321
10000000950994000006359.041
10000001867833000003879.051
10000001019564700006634.041
10000006214493000005823.491
10000002575386000003844.191
10000004451724000002880.571
10000004845266000010911.251
10000003188849000003416.561
10000009527471000011845.941
10000006214526000008655.661
10000009333191000004011.611
10000001878020000002776.691
10000004782450000005401.941
10000001023195400002854.311
10000004092312000010144.131
10000004215419000010436.601
10000001875969000006083.301
10000004144709000007023.351
10000006263987000004991.881
10000004290205000009907.411
10000009770096000010908.351
10000003344574000011056.701
10000004649501000005006.991
10000008988393000002922.011
10000006229559000000640.801
10000003334517000002540.411
10000000952122000005060.201
10000006254530000007704.371
10000003985360000005203.791
10000006229567000002929.721
10000006229541000004703.021
10000007998541000006251.591
