BONOS ABRIL/2015    0012121052015
10000003903776000036957.00000000000000000000
10000017150660000000391.001
10000016735380000000375.001
10000010474877000000290.001
10000006374396000000315.001
10000016222428000000321.001
10000017037040000000348.001
10000013331222000000329.001
10000011574452000000369.001
10000018428983000000360.001
10000011049249000000369.001
10000004649428000000321.001
10000018539962000000149.001
10000004004218000000189.001
10000011036072000000369.001
10000016304812000000171.001
10000004646755000000144.001
10000015052975000000369.001
10000013756701000000378.001
10000016714540000000369.001
10000011049083000000351.001
10000012192055000000216.001
10000012270041000000164.001
10000015463172000000141.001
10000018061626000000369.001
10000013534644000000329.001
10000018733697000000293.001
10000004284943000000171.001
10000004144551000000305.001
10000014317809000000369.001
10000015621316000000329.001
10000017171103000000342.001
10000010391972000000329.001
10000010973936000000369.001
10000009024980000000342.001
10000013535361000000321.001
10000013350206000000333.001
10000013979163000000329.001
10000018527909000000360.001
10000013488908000000369.001
10000010556485000000290.001
10000017657161000000369.001
10000003165657000000351.001
10000004989840000000227.001
10000010704422000000227.001
10000007704146000000274.001
10000011349657000000369.001
10000018737160000000054.001
10000017520714000000342.001
10000010208664000000196.001
10000016990653000000153.001
10000015442803000000329.001
10000017230446000000297.001
10000006214568000000351.001
10000010408040000000290.001
10000004807232000000351.001
10000015443257000000391.001
10000004284373000000164.001
10000014234079000000369.001
10000010658752000000321.001
10000017693800000000369.001
10000015695212000000207.001
10000012165292000000243.001
10000012121723000000369.001
10000004649569000000196.001
10000016702016000000369.001
10000015668095000000252.001
10000002745468000000266.001
10000010648034000000144.001
10000014854231000000321.001
10000006427343000000235.001
10000013491274000000369.001
10000014480078000000369.001
10000011072406000000351.001
10000014617233000000351.001
10000016166973000000298.001
10000013532820000000369.001
10000017715084000000360.001
10000018179362000000369.001
10000015464104000000369.001
10000016763943000000333.001
10000017707388000000378.001
10000003980196000000189.001
10000010705553000000211.001
10000018430996000000369.001
10000015444586000000346.001
10000015667823000000369.001
10000015482817000000376.001
10000003984445000000342.001
10000018700315000000243.001
10000014798372000000313.001
10000007212248000000102.001
10000012791443000000313.001
10000011049778000000369.001
10000015393816000000180.001
10000003702780000000234.001
10000015551521000000351.001
10000011063637000000321.001
10000004302349000000207.001
10000004649600000000135.001
10000005703984000000315.001
10000004222349000000342.001
10000004661620000000315.001
10000018428751000000369.001
10000017334644000000378.001
10000015404936000000313.001
10000018416243000000369.001
10000010672405000000360.001
10000015444370000000391.001
10000004921496000000369.001
10000003996086000000279.001
10000011049166000000321.001
10000014143999000000360.001
10000016992336000000333.001
10000011410482000000243.001
10000003718208000000369.001
10000015470044000000369.001
10000011651771000000363.001
10000010485402000000369.001
10000006531780000000189.001
10000011579121000000360.001
10000008237542000000252.001
