BONOS SEPTIEMBRE/2015    0015222102015
10000003903776000047319.0000000000000000
10000017150660000000360.001
10000016735380000000395.001
10000006374396000000378.001
10000016222428000000313.001
10000017037040000000351.001
10000013331222000000345.001
10000011574452000000378.001
10000007821544000000251.001
10000011049249000000369.001
10000004649428000000360.001
10000018539962000000261.001
10000011036072000000378.001
10000009894614000000279.001
10000016304812000000180.001
10000004646755000000306.001
10000015052975000000143.001
10000013756701000000345.001
10000019158696000000216.001
10000010705727000000243.001
10000019879127000000414.001
10000016714540000000378.001
10000019472799000000378.001
10000011049083000000378.001
10000012192055000000133.001
10000019391460000000360.001
10000012270041000000243.001
10000015463172000000274.001
10000018061626000000369.001
10000013534644000000345.001
10000018733697000000216.001
10000004284943000000315.001
10000004144551000000251.001
10000014317809000000378.001
10000015621316000000313.001
10000017171103000000378.001
10000004653049000000329.001
10000010391972000000345.001
10000010973936000000360.001
10000009024980000000414.001
10000019892400000000216.001
10000013535361000000313.001
10000013350206000000282.001
10000018921466000000414.001
10000019116884000000252.001
10000011069312000000108.001
10000013979163000000345.001
10000018527909000000407.001
10000019340219000000125.001
10000013488908000000351.001
10000017657161000000378.001
10000003165657000000370.001
10000004989840000000298.001
10000010704422000000219.001
10000007704146000000279.001
10000011349657000000360.001
10000014598615000000282.001
10000019241342000000279.001
10000019339501000000378.001
10000016998392000000321.001
10000018880745000000378.001
10000018737160000000360.001
10000017520714000000378.001
10000010208664000000282.001
10000016990653000000329.001
10000015442803000000329.001
10000017230446000000342.001
10000004694316000000315.001
10000006214568000000360.001
10000010408040000000298.001
10000004807232000000270.001
10000015443257000000360.001
10000004284373000000369.001
10000013196965000000180.001
10000018850326000000378.001
10000019479183000000329.001
10000014234079000000207.001
10000010658752000000157.001
10000017693800000000378.001
10000015695212000000279.001
10000017637709000000346.001
10000012165292000000305.001
10000012121723000000369.001
10000004649569000000172.001
10000016702016000000321.001
10000015668095000000324.001
10000014854231000000369.001
10000006427343000000141.001
10000013491274000000378.001
10000014480078000000378.001
10000019104186000000342.001
10000011072406000000369.001
10000014617233000000360.001
10000013532820000000369.001
10000017936036000000378.001
10000017715084000000360.001
10000018179362000000378.001
10000015464104000000378.001
10000019258149000000329.001
10000016763943000000360.001
10000017707388000000360.001
10000003980196000000378.001
10000019319438000000321.001
10000010705553000000243.001
10000018430996000000351.001
10000015444586000000378.001
10000015667823000000378.001
10000015482817000000376.001
10000003984445000000324.001
10000004869563000000306.001
10000018700315000000378.001
10000014798372000000351.001
10000007212248000000360.001
10000019795571000000094.001
10000005689134000000360.001
10000012791443000000321.001
10000013894303000000329.001
10000019491913000000078.001
10000011059735000000251.001
10000011049778000000351.001
10000003702780000000141.001
10000015551521000000054.001
10000004302349000000270.001
10000019909461000000108.001
10000019299086000000306.001
10000004649600000000266.001
10000005703984000000216.001
10000004222349000000216.001
10000004661620000000378.001
10000018428751000000364.001
10000017334644000000414.001
10000015404936000000333.001
10000017000956000000108.001
10000018965406000000133.001
10000018416243000000351.001
10000010672405000000333.001
10000015444370000000407.001
10000004146086000000432.001
10000004921496000000329.001
10000003996086000000324.001
10000011049166000000329.001
10000014143999000000378.001
10000016992336000000369.001
10000011410482000000315.001
10000012665127000000094.001
10000003718208000000378.001
10000015470044000000378.001
10000011651771000000329.001
10000004318403000000378.001
10000019059993000000297.001
10000011579121000000360.001
10000008237542000000198.001
10000019444087000000342.001
