BONOS MARZO/2016    0013214042016
10000003903776000043456.0000000000000000
10000016735380000000345.001
10000016222428000000337.001
10000013331222000000337.001
10000007821544000000345.001
10000011049249000000396.001
10000004649428000000378.001
10000018539962000000219.001
10000011036072000000378.001
10000016304812000000396.001
10000020100892000000216.001
10000004646755000000305.001
10000015052975000000387.001
10000013756701000000345.001
10000019158696000000261.001
10000010705727000000313.001
10000020085862000000387.001
10000016714540000000387.001
10000011049083000000396.001
10000012192055000000313.001
10000012270041000000235.001
10000015463172000000274.001
10000018061626000000351.001
10000013534644000000345.001
10000018733697000000219.001
10000004284943000000162.001
10000004144551000000345.001
10000014317809000000387.001
10000015621316000000313.001
10000011072331000000387.001
10000004653049000000382.001
10000010973936000000342.001
10000019892400000000387.001
10000013535361000000337.001
10000019116884000000298.001
10000011069312000000117.001
10000020967440000000432.001
10000013979163000000345.001
10000018527909000000360.001
10000020786824000000360.001
10000019340219000000297.001
10000013488908000000387.001
10000002993562000000288.001
10000017657161000000387.001
10000003165657000000337.001
10000013947681000000351.001
10000010704422000000290.001
10000007704146000000387.001
10000011349657000000387.001
10000020101212000000216.001
10000019241342000000378.001
10000016998392000000337.001
10000018880745000000387.001
10000021157157000000204.001
10000021239012000000266.001
10000007033173000000332.001
10000017520714000000378.001
10000007446574000000345.001
10000020129587000000270.001
10000010208664000000211.001
10000016990653000000337.001
10000020108961000000386.001
10000017230446000000387.001
10000006214568000000269.001
10000010408040000000387.001
10000004807232000000288.001
10000004284373000000274.001
10000019479183000000345.001
10000020109315000000387.001
10000006531152000000164.001
10000010658752000000164.001
10000017693800000000387.001
10000015695212000000387.001
10000012165292000000313.001
10000014023208000000387.001
10000004649569000000305.001
10000016702016000000305.001
10000020088650000000345.001
10000014854231000000369.001
10000006427343000000164.001
10000013491274000000387.001
10000014480078000000387.001
10000011072406000000387.001
10000014617233000000387.001
10000020203167000000345.001
10000013532820000000288.001
10000003335523000000351.001
10000015464104000000387.001
10000019258149000000385.001
10000016763943000000376.001
10000019319438000000306.001
10000010489280000000306.001
10000021037945000000387.001
10000010705553000000333.001
10000018430996000000216.001
10000015444586000000306.001
10000007687772000000261.001
10000015667823000000345.001
10000004869563000000360.001
10000021178525000000369.001
10000018583084000000322.001
10000014798372000000337.001
10000007212248000000152.001
10000019795571000000345.001
10000012791443000000345.001
10000011059735000000204.001
10000015551521000000342.001
10000004302349000000298.001
10000019909461000000387.001
10000019299086000000296.001
10000004649600000000396.001
10000005647223000000270.001
10000018428751000000387.001
10000015404936000000387.001
10000017000956000000333.001
10000018965406000000235.001
10000018416243000000345.001
10000010672405000000386.001
10000004146086000000369.001
10000004921496000000384.001
10000000951330000000298.001
10000003996086000000329.001
10000020604258000000387.001
10000011049166000000329.001
10000020967341000000396.001
10000021237115000000204.001
10000016992336000000387.001
10000012665127000000387.001
10000011651771000000387.001
10000020745698000000396.001
10000004318403000000396.001
10000019059993000000180.001
10000011579121000000387.001
