REMUNERACIONES DICIEMBRE/2015    0010923122015
10000003903776001037400.0000000000000000
10000003304065000010956.001
10000002643878000010956.001
10000004144238000006960.001
10000002674443000013534.001
10000003280439000014630.001
10000009376547000014630.001
10000002742505000005736.001
10000006214625000014630.001
10000006228741000010956.001
10000001515630000017337.001
10000003364415000005027.001
10000004812504000014630.001
10000003943376000010956.001
10000002735758000005736.001
10000003252777000009796.001
10000003303934000010956.001
10000002732689000005736.001
10000007558337000008507.001
10000007820330000013534.001
10000008992691000008507.001
10000007739078000006960.001
10000003279614000005027.001
10000006318758000013534.001
10000004645830000010956.001
10000006586610000004253.001
10000002736011000006316.001
10000002738968000006316.001
10000002738900000006960.001
10000006830603000017337.001
10000006347278000006316.001
10000002737564000005027.001
10000006255398000017337.001
10000006228973000017337.001
10000009922465000008507.001
10000002737499000006960.001
10000009015939000005027.001
10000006211291000012438.001
10000003280281000005027.001
10000010709456000007863.001
10000002741937000014630.001
10000010193013000009796.001
10000006983197000005027.001
10000003999197000012438.001
10000008990091000006960.001
10000002736293000006316.001
10000002733869000005736.001
10000002939920000005736.001
10000009871539000006960.001
10000003718505000006316.001
10000006233419000009796.001
10000006215566000007863.001
10000004649634000007863.001
10000008993178000004253.001
10000003304247000014630.001
10000000952495000006316.001
10000002284549000017337.001
10000009048162000014630.001
10000003328081000004253.001
10000003304073000017337.001
10000006214633000006316.001
10000006229583000006316.001
10000006212463000009796.001
10000009006730000005027.001
10000002733033000009796.001
10000002734362000009796.001
10000003188774000005027.001
10000002737209000005027.001
10000003468853000013534.001
10000002738611000006316.001
10000018056669000019249.001
10000002289036000017337.001
10000004649486000008507.001
10000006264133000007863.001
10000006256362000004253.001
10000003696959000010956.001
10000006264993000016112.001
10000003223025000010956.001
10000006646787000004253.001
10000004143503000006960.001
10000003280140000006960.001
10000003204182000005027.001
10000009016771000005027.001
10000009029732000006960.001
10000004653346000014630.001
10000010983498000005027.001
10000006318732000004253.001
10000014224559000017337.001
10000003189128000005027.001
10000003304099000010956.001
10000006228361000008507.001
10000002734304000006316.001
10000006213643000006316.001
10000004522541000014630.001
10000000950994000006316.001
10000006214493000015468.001
10000004451724000008507.001
10000004845266000016112.001
10000003188849000005027.001
10000006214526000015468.001
10000009333191000006316.001
10000001878020000005027.001
10000010231954000004253.001
10000004092312000015468.001
10000004215419000015468.001
10000006263987000014630.001
10000009770096000017337.001
10000006229559000006960.001
10000006229567000006316.001
10000006229541000010956.001
