REMUNERACIONES SEPTIEMBRE/2012    0020401102012
10000003903776001055419.28000000000000000000
10000003304065000003493.061
10000006265008000000984.701
10000004495475000006602.651
10000002643878000007010.051
10000004144238000001946.911
10000003280439000007901.981
10000009805992000005324.691
10000009376547000008383.581
10000002742505000003320.811
10000006214625000007401.091
10000004451667000004240.041
10000006228717000003979.511
10000003217094000003207.861
10000006253904000007750.271
10000006228741000003924.501
10000001515630000006786.831
10000007620623000005754.951
10000002735592000004685.191
10000003364415000002266.561
10000004812504000006312.121
10000002386832000003349.071
10000002947874000011520.311
10000003730153000009844.401
10000002735758000005178.051
10000007670933000005455.331
10000009337359000006500.471
10000003252777000003176.621
10000008973740000006068.791
10000003303934000005900.531
10000002732689000003189.161
10000006212405000008464.361
10000006131100000009776.031
10000007558337000003999.691
10000007820330000008556.051
10000007897628000003824.201
10000008992691000004053.251
10000009527455000007794.311
10000007739078000005063.291
10000009448213000003337.841
10000001007543500005750.741
10000003279614000002816.121
10000006318758000003866.481
10000000952437000002116.171
10000006586610000002945.451
10000002736011000002025.361
10000004182808000010474.801
10000003370420000010911.251
10000002738968000003741.981
10000009464368000002961.971
10000006256130000002728.971
10000006228642000003093.611
10000002738900000005178.041
10000004653049000005400.041
10000006830603000003670.001
10000004144741000007906.681
10000006347278000004301.261
10000002737564000003057.811
10000006255398000010058.161
10000006228973000004927.571
10000004646292000003598.391
10000003217309000003048.471
10000009922465000006329.771
10000008007945000003019.741
10000006532986000009892.211
10000002737499000003852.531
10000009015939000002565.411
10000006348763000005421.541
10000006211291000003706.601
10000003280281000002099.021
10000002741937000006839.941
10000001019301300006412.291
10000002574726000002637.101
10000006983197000003555.801
10000003999197000003880.301
10000004577900000008379.171
10000008990091000003726.991
10000005413426000006376.041
10000003985203000008302.851
10000003308314000007010.051
10000002736293000002599.271
10000002733869000003220.961
10000004290594000004677.661
10000002718449000003736.011
10000004510893000007201.761
10000001431935000003716.311
10000003978084000006260.441
10000009424304000003243.991
10000003364506000003135.571
10000002939920000002095.221
10000009871539000005629.421
10000003693426000001917.881
10000004649585000003994.611
10000003718505000004414.121
10000007640986000003982.251
10000006233419000006195.141
10000006215566000004801.121
10000008009280000003689.531
10000003303893000007258.471
10000004649634000003899.311
10000003622409000003434.091
10000008993178000003300.211
10000009014915000002055.631
10000009040332000006211.131
10000008955681000003418.261
10000003716145000011721.001
10000008018166000003347.671
10000007612919000003464.711
10000009869104000013186.741
10000000952312000006553.921
10000000951257000003122.741
10000000952495000004952.071
10000002284549000004335.061
10000008524353000002366.641
10000009048162000006986.251
10000004004143000005761.141
10000003328081000003494.601
10000008936938000003453.381
10000002058689000002346.611
10000006214633000002916.791
10000004962672000008423.481
10000006229583000002501.941
10000006212463000006184.441
10000009006730000003340.571
10000006214592000002243.351
10000002733033000003571.991
10000002734362000005408.351
10000003303992000004402.261
10000006755968000009209.411
10000003188774000001698.691
10000002737209000003260.061
10000009080536000003103.521
10000003468853000004403.551
10000006214732000007233.581
10000002738611000005898.871
10000009871993000003327.951
10000003217648000003507.901
10000004363193000003710.071
10000004215328000004374.061
10000002289036000009864.701
10000004649486000004349.061
10000006264133000001961.581
10000006256362000002285.031
10000003696959000003612.931
10000006264993000009268.501
10000003305691000007000.251
10000004182684000009378.311
10000003223025000004404.921
10000004507890000010474.801
10000002737374000001289.011
10000006646787000002561.071
10000002267438000005761.141
10000003280140000001665.781
10000007632511000003848.201
10000003204182000001780.851
10000009016771000003162.171
10000003987580000005803.441
10000009029732000004366.171
10000004653346000009361.811
10000003309354000009061.651
10000006318732000001875.511
10000006211639000005022.651
10000003189128000001991.871
10000003304099000006784.931
10000006228361000004434.191
10000002734304000002848.431
10000003217151000002635.301
10000003303976000009258.601
10000006215558000003491.661
10000006213643000004390.651
10000004522541000009839.121
10000008083937000003408.241
10000004646028000006147.641
10000000950712000004450.381
10000006215540000007343.711
10000000950994000006046.491
10000001867833000003976.831
10000001019564700006634.041
10000006214493000006079.081
10000002575386000003109.841
10000004845266000010911.251
10000003188849000002249.381
10000009527471000011840.641
10000006214526000008678.661
10000009333191000004011.611
10000001878020000002366.261
10000004782450000005401.541
10000001023195400003111.021
10000004092312000010090.311
10000004215419000010474.801
10000001875969000006120.251
10000004144709000006169.541
10000006263987000004877.041
10000004290205000009577.161
10000009770096000011330.141
10000003344574000011051.501
10000004649501000005129.541
10000008988393000003207.861
10000003334517000003380.001
10000000952122000005219.671
10000006254530000007694.781
10000003985360000004616.311
10000006229567000003026.051
10000006229541000004409.251
10000007998541000006626.701
