BONOS AGOSTO/2016    0017219092016
10000003903776000056442.0000000000000000
10000019990999000000414.001
10000016222428000000396.001
10000018515847000000414.001
10000007821544000000345.001
10000004649428000000282.001
10000018539962000000172.001
10000022112051000000407.001
10000011036072000000404.001
10000022419142000000110.001
10000016304812000000252.001
10000020100892000000189.001
10000004646755000000298.001
10000015052975000000269.001
10000013756701000000414.001
10000019158696000000342.001
10000020542193000000360.001
10000010914419000000298.001
10000020085862000000414.001
10000016714540000000414.001
10000012464280000000282.001
10000019472799000000405.001
10000011049083000000414.001
10000021010537000000414.001
10000012192055000000297.001
10000003964190000000369.001
10000011169071000000211.001
10000012270041000000110.001
10000015463172000000141.001
10000018061626000000414.001
10000018733697000000405.001
10000004284943000000252.001
10000011151242000000414.001
10000019038872000000047.001
10000021452565000000414.001
10000020806135000000306.001
10000004144551000000360.001
10000014317809000000414.001
10000022357417000000204.001
10000011072331000000342.001
10000004653049000000396.001
10000010973936000000324.001
10000019892400000000414.001
10000013535361000000204.001
10000019116884000000219.001
10000020967440000000486.001
10000018527909000000396.001
10000020786824000000313.001
10000010676506000000102.001
10000013488908000000414.001
10000021472919000000378.001
10000002993562000000360.001
10000017657161000000414.001
10000013071109000000094.001
10000003165657000000396.001
10000022358366000000198.001
10000013947681000000243.001
10000013244334000000219.001
10000010704422000000251.001
10000007704146000000396.001
10000011349657000000414.001
10000011587009000000360.001
10000020101212000000198.001
10000019241342000000313.001
10000016998392000000298.001
10000004358491000000360.001
10000018880745000000387.001
10000021157157000000360.001
10000021239012000000384.001
10000007033173000000243.001
10000017520714000000414.001
10000007446574000000360.001
10000020129587000000211.001
10000014117663000000414.001
10000010208664000000227.001
10000016990653000000360.001
10000020108961000000414.001
10000022424414000000204.001
10000011353046000000345.001
10000017230446000000243.001
10000006214568000000324.001
10000010408040000000404.001
10000004284373000000251.001
10000021557729000000290.001
10000022405977000000108.001
10000017200978000000360.001
10000008759140000000396.001
10000003716145000000352.001
10000019479183000000360.001
10000022004216000000252.001
10000020109315000000402.001
10000006531152000000298.001
10000010658752000000219.001
10000017693800000000405.001
10000021784124000000313.001
10000015695212000000270.001
10000012165292000000360.001
10000014023208000000414.001
10000021875006000000414.001
10000004649569000000180.001
10000016702016000000360.001
10000020088650000000313.001
10000014854231000000414.001
10000006427343000000360.001
10000013491274000000414.001
10000014480078000000405.001
10000021263706000000414.001
10000021579616000000360.001
10000010644818000000414.001
10000014617233000000414.001
10000020203167000000360.001
10000009502358000000337.001
10000021908063000000378.001
10000013532820000000378.001
10000003335523000000414.001
10000015464104000000411.001
10000016763943000000405.001
10000002273120000000378.001
10000019319438000000345.001
10000019596028000000414.001
10000021037945000000270.001
10000018430996000000414.001
10000015444586000000387.001
10000017920261000000360.001
10000007687772000000405.001
10000002142317000000378.001
10000015667823000000235.001
10000004869563000000342.001
10000021178525000000396.001
10000018583084000000196.001
10000014798372000000360.001
10000012384058000000251.001
10000006121672000000207.001
10000019795571000000360.001
10000019568390000000414.001
10000012791443000000414.001
10000013894303000000414.001
10000011059735000000094.001
10000013917808000000078.001
10000004003905000000396.001
10000015551521000000414.001
10000004302349000000211.001
10000019909461000000396.001
10000021728669000000290.001
10000019299086000000219.001
10000004649600000000396.001
10000005647223000000396.001
10000003622293000000198.001
10000018428751000000396.001
10000015404936000000396.001
10000017000956000000324.001
10000020227240000000414.001
10000017664091000000252.001
10000018083654000000414.001
10000018416243000000396.001
10000010672405000000396.001
10000004146086000000414.001
10000004921496000000414.001
10000000951330000000235.001
10000003996086000000313.001
10000020604258000000414.001
10000011049166000000360.001
10000022587022000000108.001
10000021237115000000243.001
10000016992336000000396.001
10000022396499000000063.001
10000011651771000000352.001
10000011055725000000356.001
10000004318403000000313.001
10000005439133000000196.001
10000003492539000000390.001
10000011579121000000414.001
10000010232621000000387.001
