REMUNERACIONES ENERO/2013    0021831012013
10000003903776001155682.82000000000000000000
10000003304065000003990.561
10000004646234000004466.161
10000002643878000007385.191
10000004144238000001946.911
10000003280439000008198.611
10000009805992000005310.591
10000009376547000008284.611
10000002742505000003604.541
10000006214625000007791.921
10000004451667000004124.461
10000006228717000003800.811
10000003217094000002244.071
10000008282810000004289.651
10000006228741000002780.391
10000001515630000008180.251
10000007620623000005370.271
10000002735592000003858.971
10000004144189000006634.041
10000004649444000005290.041
10000003364415000002580.561
10000004812504000006487.411
10000003943376000007419.651
10000002386832000003555.331
10000002947874000011571.211
10000003730153000009710.701
10000004038233000010237.581
10000002735758000005584.501
10000007670933000005932.651
10000009337359000006612.141
10000003252777000003197.541
10000008973740000006177.491
10000003303934000005761.681
10000002732689000003487.491
10000006212405000008463.261
10000006131100000009846.811
10000007558337000003993.681
10000007820330000008563.711
10000007897628000003041.751
10000008992691000004383.061
10000009527455000007817.771
10000007739078000003923.881
10000009448213000003325.711
10000001007543500008412.581
10000003279614000003062.131
10000006318758000003706.751
10000004645830000007332.151
10000000952437000003213.141
10000006586610000002945.451
10000002736011000002719.511
10000004182808000010946.171
10000003370420000010911.251
10000002738968000003631.841
10000009464368000003081.061
10000006256130000002286.321
10000006228642000003155.571
10000002738900000005593.541
10000004653049000005427.541
10000006830603000003466.511
10000004144741000009733.131
10000006347278000004313.661
10000002737564000003098.451
10000006255398000010007.081
10000006228973000004198.671
10000004646292000005417.881
10000003217309000002987.351
10000006782614000004702.261
10000009922465000006205.801
10000008007945000003320.421
10000006532986000009191.211
10000002737499000003849.481
10000009015939000003098.011
10000006348763000004241.441
10000006211291000003719.261
10000003280281000001886.341
10000002741937000005795.251
10000001019301300006295.041
10000002574726000003909.211
10000006983197000002171.711
10000003999197000003948.211
10000004577900000008262.021
10000001051948300004713.661
10000008990091000003906.691
10000005413426000006610.921
10000003308314000008498.351
10000002736293000003029.691
10000002733869000003435.451
10000004290594000004190.561
10000002718449000003642.131
10000004510893000002484.041
10000001431935000004202.231
10000001055180700007202.491
10000003978084000006184.441
10000009424304000003387.611
10000002939920000001929.871
10000009871539000005544.551
10000003693426000003349.371
10000004649585000003948.411
10000003718505000004302.141
10000007640986000003585.991
10000001052526600010587.151
10000006233419000006359.471
10000006215566000004801.121
10000008009280000003292.811
10000003303893000007143.321
10000004649634000003724.711
10000003622409000003452.111
10000008993178000003692.251
10000009014915000002251.921
10000009040332000006465.191
10000001069877400004329.261
10000008955681000002730.611
10000003716145000011842.141
10000008018166000003031.821
10000007612919000003431.501
10000003304247000009383.811
10000009869104000013166.841
10000000952312000005576.251
10000000951257000005287.871
10000000952495000004125.581
10000002284549000008891.341
10000008524353000002205.201
10000009048162000006444.141
10000004004143000005695.141
10000003328081000003432.841
10000008936938000003482.251
10000002058689000003946.631
10000003304073000009907.411
10000006214633000002907.591
10000004962672000008379.601
10000006229583000002540.691
10000006212463000006151.941
10000009006730000003382.271
10000006214592000002256.831
10000002733033000003400.731
10000002734362000005225.031
10000003303992000004226.961
10000006755968000009244.611
10000003188774000001757.841
10000002737209000001948.231
10000009080536000003309.891
10000003468853000004217.891
10000006214732000008237.061
10000002738611000006450.091
10000003980047000005633.441
10000009871993000003281.421
10000003217648000003391.071
10000004363193000003532.381
10000004215328000004703.991
10000002289036000009886.301
10000004649486000004436.331
10000006264133000001811.661
10000006256362000002414.631
10000003696959000003486.171
10000006264993000009242.901
10000004645971000007384.231
10000003305691000006999.851
10000004182684000009275.631
10000003223025000004237.371
10000004507890000010438.911
10000006646787000002571.581
10000004143503000004219.791
10000003280140000001489.221
10000007632511000003683.081
10000003204182000002033.581
10000009016771000002505.241
10000003987580000005470.751
10000009029732000004690.511
10000001100266900008990.451
10000004653346000009103.111
10000001098349800003404.311
10000003309354000008979.951
10000006318732000001884.631
10000006211639000005220.12
10000003189128000001159.511
10000003304099000006722.121
10000001054587600003884.401
10000006228361000005035.021
10000002734304000002047.341
10000003217151000002639.101
10000003303976000009078.511
10000006215558000003689.071
10000006213643000004424.311
10000004522541000009885.511
10000008083937000002730.611
10000000950712000004303.891
10000006215540000007338.941
10000000950994000005083.291
10000001867833000003878.561
10000001019564700006634.041
10000006214493000006026.031
10000002575386000004716.771
10000004451724000005427.541
10000004845266000010911.251
10000003188849000002402.591
10000006214526000008653.461
10000009333191000003962.611
10000001878020000002424.791
10000004782450000005395.041
10000001023195400002603.041
10000004092312000009348.101
10000004215419000010434.601
10000001875969000006097.491
10000004144709000007864.151
10000006263987000004996.301
10000004290205000009577.161
10000009770096000011382.221
10000001099988300005761.141
10000003344574000008820.901
10000004649501000004954.441
10000008988393000003719.311
10000006229559000004806.001
10000003334517000003563.351
10000000952122000005514.841
10000006254530000007699.051
10000003985360000005723.741
10000006229567000003057.991
10000006229541000004704.151
10000007998541000006260.441
