BONOS JUNIO/2015    0012316062015
10000003903776000044599.50
10000003304065000000366.001
10000004646234000000316.001
10000002643878000000328.501
10000004144238000000391.001
10000002674443000000491.001
10000003280439000000360.001
10000009376547000000462.501
10000002742505000000324.001
10000006214625000000428.501
10000006228741000000491.001
10000001515630000000400.001
10000002735592000000396.001
10000004144189000000216.001
10000003364415000000225.001
10000004812504000000351.001
10000003943376000000441.001
10000002735758000000405.001
10000003252777000000225.001
10000003303934000000487.501
10000002732689000000378.001
10000007558337000000279.001
10000007820330000000466.001
10000008992691000000216.001
10000007739078000000416.001
10000003279614000000396.001
10000006318758000000441.001
10000004645830000000441.001
10000006586610000000162.001
10000002736011000000351.001
10000004182808000000378.501
10000002738968000000279.001
10000002738900000000180.001
10000006830603000000362.501
10000006347278000000475.001
10000002737564000000117.001
10000006255398000000291.001
10000006228973000000366.001
10000006782614000000478.501
10000009922465000000351.001
10000014024272000000491.001
10000006532986000000353.501
10000002737499000000423.001
10000009015939000000297.001
10000006211291000000316.001
10000003280281000000297.001
10000010709456000000428.501
10000002741937000000328.501
10000010193013000000351.001
10000006983197000000291.001
10000003999197000000391.001
10000008990091000000466.001
10000002736293000000288.001
10000002733869000000396.001
10000003978084000000491.001
10000002939920000000333.001
10000009871539000000315.001
10000003693426000000351.001
10000003718505000000453.501
10000006233419000000453.501
10000006215566000000441.001
10000004649634000000478.501
10000008993178000000207.001
10000003304247000000328.501
10000000952495000000500.001
10000002284549000000297.001
10000009048162000000150.001
10000003328081000000291.001
10000003304073000000441.001
10000006214633000000441.001
10000006229583000000428.501
10000006212463000000243.001
10000009006730000000315.001
10000002733033000000316.001
10000002734362000000261.001
10000010647028000000171.001
10000006755968000000316.001
10000003188774000000297.001
10000002737209000000378.001
10000003468853000000337.501
10000002738611000000432.001
10000003980047000000441.001
10000018056669000000081.001
10000002289036000000428.501
10000004649486000000478.501
10000006264133000000466.001
10000006256362000000125.001
10000003696959000000366.001
10000006264993000000144.001
10000004645971000000391.001
10000003223025000000441.001
10000006646787000000360.001
10000004143503000000491.001
10000003280140000000351.001
10000003204182000000207.001
10000009016771000000396.001
10000009029732000000342.001
10000004653346000000441.001
10000010983498000000341.001
10000006318732000000333.001
10000014224559000000341.001
10000003189128000000162.001
10000003304099000000478.501
10000006228361000000462.501
10000002734304000000279.001
10000006215558000000491.001
10000006213643000000328.501
10000004522541000000315.001
10000000950994000000725.001
10000006214493000000416.001
10000004451724000000441.001
10000004845266000000487.501
10000003188849000000198.001
10000006214526000000278.501
10000001878020000000387.501
10000004782450000000191.001
10000010231954000000387.001
10000004092312000000453.501
10000004215419000000400.001
10000006263987000000487.501
10000009770096000000453.501
10000003985360000000428.501
10000006229567000000453.501
10000006229541000000416.001
