BONOS NOVIEMBRE/2015    0015611122015
10000003903776000044708.0000000000000000
10000017150660000000376.001
10000016735380000000356.001
10000019990999000000047.001
10000006374396000000360.001
10000016222428000000360.001
10000017037040000000360.001
10000013331222000000313.001
10000011574452000000360.001
10000007821544000000313.001
10000011049249000000360.001
10000004649428000000360.001
10000018539962000000094.001
10000011036072000000360.001
10000009894614000000252.001
10000016304812000000189.001
10000020100892000000180.001
10000004646755000000243.001
10000015052975000000351.001
10000013756701000000360.001
10000019158696000000351.001
10000010705727000000258.001
10000019879127000000313.001
10000020085862000000360.001
10000016714540000000360.001
10000019472799000000360.001
10000011049083000000279.001
10000012192055000000180.001
10000019391460000000360.001
10000012270041000000102.001
10000015463172000000157.001
10000018061626000000333.001
10000013534644000000313.001
10000018733697000000149.001
10000004284943000000198.001
10000004144551000000351.001
10000014317809000000351.001
10000015621316000000235.001
10000017171103000000305.001
10000011072331000000313.001
10000004653049000000360.001
10000010391972000000313.001
10000010973936000000333.001
10000009024980000000305.001
10000019892400000000313.001
10000013535361000000274.001
10000013350206000000266.001
10000018921466000000321.001
10000019116884000000288.001
10000011069312000000274.001
10000013979163000000313.001
10000018527909000000360.001
10000019340219000000263.001
10000013488908000000360.001
10000002993562000000266.001
10000017657161000000351.001
10000003165657000000252.001
10000019398648000000234.001
10000004989840000000274.001
10000010704422000000251.001
10000007704146000000188.001
10000011349657000000360.001
10000014598615000000172.001
10000020101212000000198.001
10000019241342000000315.001
10000019339501000000274.001
10000016998392000000227.001
10000018880745000000360.001
10000018737160000000251.001
10000017520714000000351.001
10000020129587000000342.001
10000010208664000000172.001
10000016990653000000313.001
10000015442803000000329.001
10000017230446000000270.001
10000004694316000000298.001
10000006214568000000252.001
10000010408040000000360.001
10000004807232000000351.001
10000015443257000000407.001
10000004284373000000180.001
10000013196965000000351.001
10000018850326000000290.001
10000019479183000000258.001
10000020109315000000351.001
10000010658752000000047.001
10000017693800000000360.001
10000015695212000000126.001
10000017637709000000207.001
10000012165292000000282.001
10000004649569000000243.001
10000016702016000000360.001
10000015668095000000232.001
10000020088650000000330.001
10000014854231000000324.001
10000006427343000000172.001
10000013491274000000351.001
10000014480078000000360.001
10000019104186000000351.001
10000011072406000000360.001
10000014617233000000351.001
10000020203167000000063.001
10000013532820000000351.001
10000017936036000000251.001
10000017715084000000063.001
10000018179362000000360.001
10000015464104000000360.001
10000016763943000000306.001
10000017707388000000321.001
10000003980196000000216.001
10000019319438000000290.001
10000010489280000000216.001
10000010705553000000110.001
10000018430996000000360.001
10000015444586000000243.001
10000015667823000000235.001
10000015482817000000376.001
10000003984445000000204.001
10000004869563000000252.001
10000014798372000000360.001
10000007212248000000108.001
10000019795571000000313.001
10000012791443000000305.001
10000013894303000000360.001
10000011059735000000086.001
10000011049778000000291.001
10000003702780000000230.001
10000015551521000000351.001
10000004302349000000125.001
10000019909461000000360.001
10000019299086000000234.001
10000005703984000000342.001
10000004222349000000188.001
10000004661620000000342.001
10000018428751000000342.001
10000017334644000000321.001
10000015404936000000307.001
10000017000956000000298.001
10000020227240000000405.001
10000018965406000000204.001
10000018416243000000342.001
10000010672405000000360.001
10000015444370000000360.001
10000004146086000000313.001
10000004921496000000360.001
10000000951330000000110.001
10000003996086000000360.001
10000011049166000000305.001
10000016992336000000324.001
10000011410482000000171.001
10000012665127000000360.001
10000003718208000000360.001
10000011651771000000342.001
10000004318403000000360.001
10000019059993000000270.001
10000011579121000000360.001
10000019444087000000333.001
