BONOS AGOSTO/2015    0002325092015
10000004410085000005902.00000000000000000000
10000002288955000000110.001
10000006423408000000333.001
10000010905814000000340.001
10000006615138000000260.001
10000012084046000000342.001
10000013406736000000251.001
10000013947681000000274.001
10000009792652000000342.001
10000010960975000000016.001
10000010207640000000333.001
10000007636365000000298.001
10000008759140000000324.001
10000013878985000000088.001
10000004988678000000342.001
10000015761469000000298.001
10000004646268000000266.001
10000003335523000000315.001
10000010930390000000031.001
10000007687772000000288.001
10000008103339000000342.001
10000016497716000000298.001
10000006211986000000333.001
10000004645781000000078.001
