REMUNERACIONES ABRIL/2013    0017630042013
10000003903776000989818.95000000000000000000
10000003304065000004188.061
10000004646234000004189.661
10000002643878000008481.941
10000004144238000001814.171
10000003280439000008311.371
10000009805992000005311.091
10000009376547000008387.781
10000002742505000005289.291
10000006214625000007835.871
10000004451667000004104.461
10000003217094000002257.891
10000006228741000002927.101
10000001515630000009126.041
10000002735592000005439.281
10000004144189000006579.971
10000004649444000005256.041
10000003364415000002736.951
10000004812504000007677.911
10000003943376000007288.211
10000002386832000004372.181
10000002947874000012111.261
10000003730153000009653.301
10000004038233000008569.271
10000002735758000005913.631
10000003252777000003984.921
10000003303934000005807.831
10000002732689000004188.621
10000006212405000008503.281
10000006131100000009823.121
10000007558337000004214.031
10000007820330000008783.391
10000008992691000004428.061
10000009527455000005096.971
10000007739078000003311.711
10000003279614000003273.461
10000006318758000004136.451
10000004645830000006749.681
10000006586610000003305.261
10000002736011000002811.701
10000004182808000011051.051
10000003370420000010911.251
10000002738968000004310.301
10000006256130000002293.511
10000006228642000003208.441
10000002738900000006404.391
10000004653049000005427.541
10000006830603000003512.431
10000004144741000010115.481
10000006347278000005361.641
10000002737564000003249.691
10000006255398000010179.941
10000006228973000004074.861
10000004646292000005639.591
10000003217309000002605.541
10000006782614000004487.191
10000009922465000004432.841
10000006532986000009369.711
10000002737499000004713.121
10000009015939000001923.021
10000006211291000004285.241
10000003280281000001202.121
10000002741937000006507.521
10000001019301300007412.451
10000002574726000003870.991
10000006983197000001695.221
10000003999197000003948.911
10000001051948300004699.201
10000008990091000003915.811
10000003308314000008675.851
10000002736293000003572.611
10000002733869000003682.451
10000002718449000003918.911
10000001055180700007279.771
10000003978084000006184.441
10000002939920000002357.321
10000009871539000005217.951
10000003693426000003378.861
10000004649585000003927.691
10000003718505000005460.901
10000001052526600010575.951
10000006233419000006309.611
10000006215566000005386.601
10000004649634000003745.791
10000008993178000003309.001
10000003304247000009226.271
10000009869104000013277.891
10000000952312000006498.381
10000000952495000005005.921
10000002284549000009184.021
10000009048162000006954.531
10000004004143000005695.141
10000003328081000002359.561
10000002058689000004416.631
10000003304073000009256.411
10000006214633000002922.101
10000004962672000008376.071
10000006229583000003545.751
10000006212463000006150.141
10000009006730000003000.101
10000006214592000002370.411
10000002733033000003076.991
10000002734362000005922.321
10000003303992000004345.061
10000006755968000009237.211
10000003188774000001505.511
10000002737209000003234.051
10000003468853000004181.441
10000006214732000008458.601
10000002738611000006748.831
10000003980047000005340.441
10000003217648000003118.541
10000004363193000003566.511
10000004215328000004824.591
10000002289036000010119.331
10000004649486000005332.741
10000006264133000002287.781
10000006256362000002870.851
10000003696959000003363.371
10000006264993000010228.901
10000004645971000007370.231
10000004182684000009086.061
10000003223025000004468.451
10000004507890000010427.041
10000006646787000002941.181
10000004143503000004414.361
10000003280140000001636.121
10000007632511000003590.321
10000003204182000002428.901
10000009016771000001468.551
10000003987580000005780.691
10000009029732000003872.801
10000001100266900008107.101
10000004653346000009078.891
10000001098349800003178.711
10000003309354000009112.901
10000006318732000002265.701
10000006211639000005955.88
10000003189128000001861.771
10000003304099000006951.051
10000006228361000005088.251
10000002734304000003795.431
10000003217151000002287.051
10000003303976000005414.651
10000006215558000003734.121
10000006213643000005083.611
10000004522541000009363.311
10000000950712000005277.711
10000006215540000007537.201
10000000950994000007880.591
10000001867833000004220.411
10000001019564700006634.041
10000006214493000006979.211
10000002575386000004712.181
10000004451724000005361.541
10000004845266000010900.571
10000003188849000003454.031
10000006214526000009601.741
10000009333191000003962.611
10000001878020000003278.561
10000004782450000005375.341
10000001023195400002961.871
10000004092312000009970.031
10000004215419000010434.601
10000001875969000006461.921
10000004144709000007796.481
10000006263987000005923.081
10000004290205000009907.411
10000009770096000012067.241
10000008988393000002576.251
10000006229559000004772.101
10000003334517000002547.961
10000000952122000005220.151
10000006254530000008710.021
10000003985360000010875.651
10000006229567000004615.481
10000006229541000005003.591
