BONOS JULIO/2014    0011919082014
10000003903776000040629.7900000000000000
10000016735380000000360.181
10000006553718000000198.001
10000010474877000000313.201
10000006374396000000373.861
10000014015601000000378.001
10000004495475000000270.001
10000016222428000000414.001
10000011574452000000387.001
10000015856640000000306.001
10000011049249000000279.001
10000004649428000000387.001
10000011036072000000414.001
10000004646755000000261.001
10000013756701000000414.001
10000004029191000000371.351
10000010914419000000324.001
10000016714540000000414.001
10000011049083000000414.001
10000012192055000000216.001
10000012270041000000125.281
10000010618136000000203.581
10000015463172000000125.281
10000010644446000000324.001
10000013534644000000328.861
10000003986508000000405.001
10000016735885000000360.181
10000004284943000000324.001
10000004144551000000321.031
10000014317809000000414.001
10000010973936000000414.001
10000013535361000000324.001
10000013350206000000414.001
10000013979163000000360.181
10000010158413000000360.001
10000013488908000000405.001
10000010556485000000261.001
10000014034528000000405.001
10000003165657000000381.521
10000014314285000000162.001
10000004989840000000336.691
10000015668136000000216.001
10000013947681000000342.001
10000010704422000000162.001
10000007704146000000414.001
10000011349657000000414.001
10000011288243000000313.201
10000011436272000000324.001
10000011021031000000125.281
10000010208664000000360.181
10000015442803000000360.181
10000010659495000000234.001
10000010408040000000414.001
10000004807232000000324.001
10000015443257000000391.501
10000004284373000000324.001
10000014234079000000414.001
10000004456427000000333.001
10000006531152000000414.001
10000010658752000000360.181
10000015695212000000324.001
10000012165292000000405.001
10000014023208000000405.001
10000012121723000000378.001
10000004649569000000252.001
10000016702016000000414.001
10000003300237000000062.641
10000015668095000000306.001
10000011696256000000250.561
10000015685792000000414.001
10000010648034000000414.001
10000014854231000000387.001
10000006427343000000313.201
10000013491274000000378.001
10000014480078000000405.001
10000011072406000000396.001
10000013497884000000203.581
10000014617233000000386.691
10000016166973000000414.001
10000015464104000000405.001
10000016763943000000288.001
10000003980196000000396.001
10000009027950000000031.321
10000015444586000000414.001
10000015667823000000405.001
10000015482817000000391.501
10000004978645000000306.001
10000014798372000000393.181
10000007212248000000252.001
10000012791443000000405.001
10000016135051000000352.201
10000015608554000000414.001
10000011049778000000413.181
10000003702780000000281.881
10000015551521000000414.001
10000014005165000000396.001
10000011063637000000369.001
10000004649600000000333.001
10000005703984000000378.001
10000004661620000000360.001
10000015404936000000414.001
10000010672405000000407.181
10000015444370000000422.821
10000004921496000000396.001
10000010557904000000140.941
10000002982359000000396.001
10000003996086000000270.001
10000015473874000000414.001
10000011049166000000321.031
10000014143999000000414.001
10000016992336000000126.001
10000011410482000000414.001
10000003718208000000414.001
10000015470044000000405.001
10000011651771000000414.001
10000006531780000000407.181
10000007097450000000279.001
10000003492539000000405.001
10000011579121000000387.001
10000008237542000000387.001
