REMUNERACIONES ABRIL/2015    0014030042015
10000003903776001154731.19000000000000000000
10000003304065000008491.931
10000004646234000003059.111
10000002643878000007029.761
10000004144238000003230.101
10000002674443000011241.461
10000003280439000010319.621
10000009376547000011426.421
10000002742505000004256.321
10000006214625000010765.041
10000006228741000005581.131
10000001515630000010484.481
10000002735592000006023.331
10000004144189000010351.361
10000003364415000003562.441
10000004812504000011400.011
10000003943376000008228.871
10000003730153000015446.931
10000002735758000006986.031
10000003252777000009692.211
10000003303934000006800.291
10000002732689000005165.031
10000007558337000007650.771
10000007820330000006658.461
10000008992691000006529.991
10000007739078000002855.351
10000003279614000004538.291
10000006318758000008058.391
10000004645830000008605.511
10000006586610000003756.821
10000002736011000004088.691
10000004182808000013204.741
10000002738968000002972.441
10000002738900000007005.301
10000006830603000006796.291
10000006347278000005693.601
10000002737564000003600.361
10000006255398000011475.861
10000006228973000008102.401
10000006782614000006998.311
10000009922465000007786.851
10000014024272000012883.811
10000006532986000010555.371
10000002737499000006796.541
10000009015939000004404.921
10000006211291000005511.401
10000003280281000004418.881
10000010709456000004073.891
10000002741937000007229.761
10000010193013000008999.181
10000006983197000002449.451
10000003999197000005812.411
10000008990091000004693.071
10000002736293000004833.061
10000002733869000007255.421
10000003978084000004489.271
10000002939920000003488.461
10000009871539000006154.881
10000003693426000004381.681
10000003718505000005987.291
10000010525266000021090.691
10000006233419000006708.561
10000006215566000006859.721
10000004649634000003959.061
10000008993178000004485.051
10000003304247000010994.241
10000000952495000005808.391
10000002284549000012989.931
10000009048162000011092.051
10000004004143000006912.941
10000003328081000002314.141
10000003304073000013237.021
10000006214633000002795.441
10000016210564000028755.971
10000006229583000004402.951
10000006212463000007515.461
10000009006730000005089.781
10000002733033000004113.321
10000002734362000007609.661
10000010647028000011541.241
10000006755968000010998.991
10000003188774000002523.071
10000002737209000004233.221
10000003468853000005803.021
10000006214732000028036.721
10000002738611000007851.421
10000003980047000006019.711
10000018056669000013460.141
10000004913279000030730.511
10000002289036000013777.931
10000004649486000003372.571
10000006264133000003362.491
10000006256362000002770.121
10000003696959000004477.081
10000006264993000012160.201
10000004645971000008952.911
10000003223025000006334.601
10000006646787000003350.141
10000004143503000005368.001
10000018187084000020904.311
10000003280140000004575.021
10000003204182000003425.151
10000018130041000015544.341
10000009016771000003966.401
10000003987580000016470.121
10000009029732000005510.531
10000004653346000008579.321
10000010983498000002437.871
10000006318732000002719.251
10000006211639000015258.561
10000014224559000013770.121
10000003189128000005164.751
10000003304099000008126.121
10000017304994000019555.591
10000006228361000006188.951
10000002734304000004789.141
10000006215558000010706.381
10000006213643000003586.001
10000004522541000011312.331
10000006215540000026426.261
10000000950994000005898.391
10000006214493000006536.171
10000004451724000006009.481
10000004845266000013130.451
10000003188849000003646.731
10000009527471000032494.891
10000006214526000006737.191
10000009333191000004900.401
10000001878020000003502.261
10000004782450000005864.261
10000010231954000004476.971
10000004092312000012097.731
10000004215419000011137.781
10000006263987000006971.111
10000009770096000013832.601
10000006229559000007595.541
10000003334517000003627.681
10000006254530000016750.641
10000003985360000008730.531
10000006229567000004367.451
10000006229541000005208.951
