REMUNERACIONES JUNIO/2016    0014330062016
10000003903776001196824.77000000000000000000
10000017150660000005503.831
10000016990629000011808.491
10000003304065000015058.221
10000006374396000005985.811
10000002643878000010473.401
10000017037040000003403.081
10000004144238000002589.771
10000002674443000012535.341
10000003280439000012335.721
10000011574452000005683.081
10000009376547000012865.171
10000002742505000005629.291
10000006214625000012105.351
10000006228741000006137.281
10000001515630000013529.171
10000009894614000007979.071
10000003364415000003584.161
10000004812504000012814.061
10000003943376000008486.061
10000003730153000016704.541
10000019879127000004354.391
10000002735758000007690.931
10000003252777000010577.921
10000003303934000007726.651
10000002732689000005495.711
10000007558337000008423.971
10000007820330000007183.851
10000008992691000007156.311
10000007739078000002866.691
10000003279614000006252.811
10000006318758000010204.081
10000004645830000009763.531
10000006586610000004611.291
10000002736011000004690.541
10000002738968000004249.921
10000017171103000005722.781
10000002738900000007681.401
10000006830603000008536.481
10000009024980000004500.951
10000006347278000006436.281
10000018921466000004631.991
10000002737564000003705.181
10000006255398000013090.031
10000006228973000008686.521
10000009922465000008530.861
10000002737499000007635.521
10000009015939000004855.081
10000006211291000007443.391
10000003280281000003517.881
10000010709456000004975.411
10000002741937000008306.171
10000010193013000009735.101
10000006983197000002925.321
10000003999197000010226.381
10000008990091000005664.191
10000002736293000004830.191
10000002733869000008136.151
10000019339501000004521.071
10000018737160000006521.141
10000002939920000003948.231
10000009871539000006972.461
10000003718505000006765.511
10000015442803000004404.081
10000015443257000005572.401
10000006233419000007861.721
10000006215566000007502.391
10000004649634000004997.121
10000008993178000004799.021
10000003304247000012478.871
10000000952495000006423.891
10000002284549000013879.301
10000009048162000011869.021
10000003328081000002084.911
10000003304073000014208.961
10000006214633000002588.451
10000016210564000029190.441
10000006229583000004971.981
10000006212463000008203.341
10000009006730000005855.701
10000015668095000007138.411
10000002733033000003454.071
10000002734362000008360.291
10000021263706000001299.951
10000003188774000003254.731
10000002737209000003414.521
10000003468853000006918.901
10000006214732000028486.381
10000002738611000008264.791
10000018056669000012715.051
10000004913279000029756.671
10000002289036000015772.861
10000004649486000004201.481
10000006264133000004323.851
10000006256362000003385.861
10000017715084000004521.071
10000018179362000006338.261
10000003696959000006228.451
10000017707388000004391.201
10000006264993000012850.161
10000003223025000007072.811
10000015482817000005626.331
10000003984445000014475.391
10000006646787000004702.881
10000004143503000005856.891
10000018187084000021850.451
10000003280140000005255.681
10000003204182000003957.361
10000018130041000017744.091
10000009016771000002949.631
10000003987580000014788.271
10000009029732000005960.931
10000004653346000009297.881
10000010983498000002909.861
10000006318732000003497.651
10000006211639000011279.951
10000014224559000015235.981
10000003189128000005420.671
10000003304099000009168.511
10000017304994000020773.571
10000006228361000006742.021
10000002734304000004212.351
10000006213643000005481.751
10000004522541000012055.201
10000004222349000004343.901
10000006215540000027075.091
10000015444370000005649.201
10000006214493000006898.151
10000004451724000003906.391
10000004845266000014192.421
10000003188849000003961.521
10000009527471000032765.531
10000006214526000007296.891
10000009333191000005353.351
10000001878020000002864.151
10000011410482000009491.491
10000010231954000005759.281
10000004092312000011894.931
10000004215419000012936.821
10000006263987000003972.371
10000009770096000015189.781
10000006229559000008562.871
10000006229567000005304.051
10000006229541000006160.811
