REMUNERACIONES ABRIL/2012    0020102052012
10000003903776001027125.18
10000003304065000004248.061
10000006265008000001847.121
10000002643878000007419.651
10000004144238000003159.411
10000006738146000005108.531
10000003280439000008082.111
10000009376547000009165.451
10000002742505000002903.521
10000006214625000007369.641
10000003303942000011018.021
10000004451667000004238.021
10000006228717000004244.511
10000003217094000003221.331
10000006229335000005505.821
10000006253904000005527.991
10000006228741000005508.521
10000009006532000002050.881
10000001515630000006567.071
10000007620623000006417.831
10000002735592000003559.281
10000003364415000002307.081
10000004812504000006038.571
10000002386832000002965.171
10000003730153000004346.161
10000002735758000005441.001
10000007670933000006317.931
10000009337359000006612.741
10000003252777000003764.411
10000008973740000006146.141
10000003303934000005984.351
10000006615138000004675.921
10000002732689000002874.981
10000006212405000008414.711
10000006131100000009907.411
10000004995053000008708.401
10000007558337000005292.011
10000007820330000008561.381
10000007897628000004560.891
10000008992691000004428.061
10000009527455000007763.181
10000007739078000005765.921
10000003279614000002290.001
10000006212538000005776.911
10000006318758000003845.431
10000009028354000001865.351
10000000952437000003087.371
10000006586610000002719.791
10000002736011000002583.411
10000004182808000010374.801
10000002735857000002020.941
10000002738968000003528.131
10000009464368000004379.031
10000006256130000002699.991
10000006228642000002843.651
10000002738900000005404.581
10000004653049000005427.541
10000006830603000006086.691
10000004144741000008383.881
10000006347278000004032.241
10000002737564000002847.081
10000006255398000009166.621
10000006228973000004260.251
10000004646292000006190.241
10000004877219000005259.351
10000002737499000005814.561
10000009015939000002216.241
10000006348763000005422.041
10000006211291000004236.721
10000003280281000001930.551
10000002741937000006492.141
10000002574726000003811.701
10000006983197000003703.261
10000003999197000003948.111
10000004577900000008423.481
10000008990091000004428.061
10000003985203000005240.291
10000003308314000007010.051
10000002736293000003475.741
10000006255687000006281.481
10000002733869000003166.171
10000004290594000004636.711
10000002718449000003641.461
10000001431935000004461.891
10000003978084000005761.141
10000009424304000004119.101
10000003364506000004281.371
10000002939920000001705.031
10000003693426000001909.881
10000004649585000004011.611
10000003718505000004214.091
10000007640986000004575.301
10000006233419000006028.651
10000006215566000004637.761
10000003303893000007011.461
10000004649634000003911.481
10000003622409000003838.461
10000008993178000003348.661
10000009014915000002267.201
10000009040332000006634.041
10000008955681000004104.821
10000003716145000011710.701
10000007612919000004104.821
10000009349031000007377.321
10000000952312000005773.871
10000000951257000002248.981
10000000952495000004575.471
10000002284549000004338.061
10000008524353000002610.711
10000009048162000006997.951
10000004004143000005761.141
10000003328081000004009.271
10000008936938000003998.011
10000002058689000002150.511
10000006214633000002817.221
10000004962672000009151.551
10000006229583000002177.761
10000006212463000006634.041
10000009006730000003405.921
10000006214592000002273.221
10000002733033000004977.671
10000002734362000005390.221
10000003303992000004688.161
10000006755968000009907.411
10000003188774000002558.381
10000002737209000002940.541
10000009080536000003497.821
10000003468853000004777.971
10000006214732000007725.471
10000006255629000008988.011
10000002738611000003376.241
10000007542752000003027.781
10000006735845000005160.731
10000004363193000004413.461
10000002289036000010416.201
10000004649486000004352.661
10000006264133000003234.541
10000006256362000002279.331
10000003696959000004174.061
10000006264993000008783.281
10000003305691000007068.191
10000004182684000009529.071
10000003223025000004399.611
10000002737374000001519.761
10000006646787000002463.501
10000005493345000010474.801
10000003981483000009881.411
10000003280140000001620.131
10000007632511000004554.301
10000003204182000001675.241
10000009016771000002135.981
10000004314865000007878.951
10000003987580000005649.011
10000009029732000002834.221
10000004653346000009803.351
10000003309354000009077.951
10000006318732000001628.071
10000006211639000004765.961
10000003189128000002416.261
10000003304099000007326.211
10000004904137000003862.601
10000006228361000004414.841
10000002734304000002280.661
10000003217151000002141.441
10000003303976000009578.051
10000006215558000003269.851
10000006213643000004246.971
10000004522541000009907.411
10000008083937000004074.501
10000004646028000007414.641
10000000950712000003341.211
10000006215540000007400.761
10000000950994000004242.261
10000009066792000004758.721
10000001867833000003797.251
10000003691610000001800.751
10000006214493000005668.011
10000002575386000003112.091
10000004845266000007133.201
10000003188849000002234.901
10000009527471000011841.551
10000006214526000008521.031
10000009333191000004277.211
10000001878020000002311.871
10000004782450000005761.141
10000004092312000009301.301
10000001875969000005955.991
10000004144709000006544.641
10000006263987000003779.041
10000004290205000009907.411
10000008027737000002559.071
10000009337557000010215.451
10000006659095000006898.941
10000003344574000009383.811
10000004649501000005576.741
10000008988393000003401.331
10000003334517000004112.911
10000000952122000004152.181
10000006254530000008753.581
10000003985360000004646.161
10000006229567000003027.391
10000006229541000004214.771
