BONOS ABRIL/2016    0013012042016
10000003903776000053175.50
10000017150660000000450.001
10000003304065000000300.001
10000006374396000000312.501
10000002643878000000475.001
10000017037040000000537.501
10000004144238000000425.001
10000002674443000000525.001
10000003280439000000414.001
10000011574452000000537.501
10000009376547000000525.001
10000002742505000000360.001
10000006214625000000437.501
10000006228741000000500.001
10000001515630000000275.001
10000009894614000000324.001
10000003364415000000378.001
10000004812504000000396.001
10000003943376000000537.501
10000019879127000000396.001
10000002735758000000414.001
10000003252777000000324.001
10000003303934000000500.001
10000002732689000000423.001
10000007558337000000378.001
10000007820330000000475.001
10000008992691000000362.501
10000007739078000000412.501
10000003279614000000468.001
10000006318758000000512.501
10000004645830000000500.001
10000006586610000000072.001
10000002736011000000378.001
10000002738968000000324.001
10000017171103000000378.001
10000002738900000000378.001
10000006830603000000300.001
10000009024980000000297.001
10000006347278000000500.001
10000018921466000000378.001
10000002737564000000252.001
10000006255398000000287.501
10000006228973000000450.001
10000009922465000000369.001
10000002737499000000414.001
10000009015939000000297.001
10000006211291000000387.501
10000003280281000000171.001
10000010709456000000425.001
10000002741937000000487.501
10000010193013000000414.001
10000006983197000000450.001
10000003999197000000487.501
10000008990091000000500.001
10000002736293000000216.001
10000002733869000000360.001
10000019339501000000351.001
10000018737160000000522.001
10000002939920000000396.001
10000009871539000000396.001
10000003718505000000550.001
10000015442803000000432.001
10000015443257000000486.001
10000006233419000000525.001
10000006215566000000500.001
10000004649634000000487.501
10000008993178000000351.001
10000003304247000000525.001
10000000952495000000550.001
10000002284549000000387.001
10000009048162000000500.001
10000003328081000000225.001
10000003304073000000412.501
10000006214633000000537.501
10000006229583000000462.501
10000006212463000000225.001
10000009006730000000180.001
10000006082634000000525.001
10000015668095000000462.501
10000002733033000000550.001
10000002734362000000387.001
10000003188774000000360.001
10000002737209000000252.001
10000003468853000000475.001
10000002738611000000378.001
10000018056669000000162.001
10000002289036000000500.001
10000004649486000000525.001
10000006264133000000375.001
10000006256362000000225.001
10000017715084000000288.001
10000018179362000000387.001
10000003696959000000512.501
10000017707388000000414.001
10000006264993000000315.001
10000003223025000000475.001
10000015482817000000468.001
10000003984445000000487.501
10000006646787000000378.001
10000004143503000000550.001
10000003280140000000360.001
10000003204182000000207.001
10000009016771000000450.001
10000009029732000000378.001
10000004653346000000500.001
10000010983498000000350.001
10000006318732000000396.001
10000014224559000000337.501
10000003189128000000378.001
10000003304099000000587.501
10000006228361000000537.501
10000002734304000000423.001
10000006213643000000525.001
10000004522541000000180.001
10000004222349000000198.001
10000015444370000000450.001
10000006214493000000487.501
10000004451724000000450.001
10000004845266000000550.001
10000003188849000000252.001
10000006214526000000325.001
10000009333191000000537.501
10000001878020000000537.501
10000011410482000000350.001
10000010231954000000378.001
10000004092312000000375.001
10000004215419000000275.001
10000006263987000000487.501
10000009770096000000537.501
10000006229567000000537.501
10000006229541000000537.501
