REMUNERACIONES MARZO/2013    0018101042013
10000003903776000973974.05000000000000000000
10000003304065000003921.811
10000004646234000004225.561
10000002643878000007826.611
10000004144238000001935.711
10000003280439000008201.111
10000009805992000005310.191
10000009376547000008388.181
10000002742505000003881.411
10000006214625000007788.921
10000004451667000004045.151
10000003217094000002301.941
10000006228741000002803.161
10000001515630000008179.451
10000002735592000004733.331
10000004144189000006612.041
10000004649444000005279.141
10000003364415000002622.351
10000004812504000006475.411
10000003943376000006933.041
10000002386832000003449.511
10000002947874000011573.411
10000003730153000009705.801
10000004038233000009925.201
10000002735758000004551.981
10000003252777000003233.421
10000003303934000005793.691
10000002732689000003440.781
10000006212405000008464.461
10000006131100000009821.321
10000007558337000004038.901
10000007820330000008283.361
10000008992691000004428.061
10000009527455000007842.631
10000007739078000003311.711
10000003279614000003150.341
10000006318758000004098.031
10000004645830000007234.971
10000006586610000002945.451
10000002736011000002575.841
10000004182808000011155.661
10000003370420000010911.251
10000002738968000003664.381
10000006256130000002162.511
10000006228642000003157.061
10000002738900000005554.911
10000004653049000005427.541
10000006830603000003507.091
10000004144741000009834.531
10000006347278000004312.061
10000002737564000002921.531
10000006255398000010008.661
10000006228973000003322.721
10000004646292000005538.981
10000003217309000002858.051
10000006782614000004701.161
10000009922465000005854.791
10000006532986000009206.311
10000002737499000003740.111
10000009015939000002089.221
10000006211291000003750.901
10000003280281000001734.871
10000002741937000005805.471
10000001019301300007412.451
10000002574726000003734.081
10000006983197000001690.851
10000003999197000003948.411
10000001051948300004677.271
10000008990091000003884.731
10000005413426000006598.141
10000003308314000008498.351
10000002736293000003035.911
10000002733869000003490.611
10000002718449000003565.901
10000001055180700007234.991
10000003978084000006184.441
10000002939920000001931.151
10000009871539000005215.371
10000003693426000004324.031
10000004649585000003948.511
10000003718505000004563.601
10000001052526600010365.511
10000006233419000006363.171
10000006215566000004801.321
10000004649634000003724.021
10000008993178000003264.731
10000009014915000002115.511
10000008018166000002898.861
10000003304247000009383.811
10000009869104000013161.041
10000000952312000005646.011
10000000952495000004116.011
10000002284549000008986.921
10000009048162000006987.651
10000004004143000005695.141
10000003328081000002359.561
10000002058689000003856.771
10000003304073000009383.811
10000006214633000003120.211
10000004962672000008379.491
10000006229583000002511.651
10000006212463000006149.841
10000009006730000003042.121
10000006214592000002265.441
10000002733033000003408.761
10000002734362000005236.201
10000003303992000004226.361
10000006755968000009234.411
10000003188774000001071.151
10000002737209000002769.001
10000009080536000002854.311
10000003468853000004245.691
10000006214732000008240.371
10000002738611000005627.661
10000003980047000005298.331
10000003217648000003318.381
10000004363193000003536.171
10000004215328000004701.591
10000002289036000009835.401
10000004649486000005328.041
10000006264133000002177.221
10000006256362000002803.901
10000003696959000003403.061
10000006264993000009240.501
10000004645971000007372.331
10000004182684000009038.771
10000003223025000004077.301
10000004507890000012428.861
10000006646787000002577.561
10000004143503000004413.261
10000003280140000001503.111
10000007632511000003378.441
10000003204182000002261.481
10000009016771000002415.551
10000003987580000005481.091
10000009029732000004722.451
10000001100266900008150.851
10000004653346000009081.081
10000001098349800003178.711
10000003309354000008846.101
10000006318732000001893.681
10000006211639000005192.30
10000003189128000001278.441
10000003304099000006772.951
10000001054587600000647.401
10000006228361000005011.021
10000002734304000002573.561
10000003217151000002259.331
10000003303976000008984.731
10000006215558000003756.471
10000006213643000004402.971
10000004522541000009886.811
10000000950712000004348.241
10000006215540000007432.011
10000000950994000006290.461
10000001867833000003875.311
10000001019564700006594.571
10000006214493000006302.061
10000002575386000004462.161
10000004451724000005427.541
10000004845266000010911.251
10000003188849000002485.441
10000006214526000008848.551
10000009333191000003962.611
10000001878020000002408.841
10000004782450000005403.441
10000001023195400002699.831
10000004092312000010094.171
10000004215419000010435.301
10000001875969000006094.991
10000004144709000007850.281
10000006263987000005064.441
10000004290205000009907.411
10000009770096000011568.711
10000008988393000002222.181
10000006229559000004806.001
10000003334517000002547.961
10000000952122000004492.241
10000006254530000007706.881
10000003985360000010872.451
10000006229567000002931.921
10000006229541000004713.201
