REMUNERACIONES AGOSTO/2016    0014231082016
10000003903776001193592.39000000000000000000
10000017150660000005540.401
10000016990629000011808.491
10000003304065000015283.621
10000006374396000006040.641
10000002643878000010527.301
10000017037040000003438.991
10000004144238000002960.741
10000002674443000012534.341
10000003280439000012657.261
10000011574452000005524.381
10000009376547000013136.321
10000002742505000005040.571
10000006214625000012688.011
10000006228741000005770.761
10000001515630000013456.031
10000009894614000007938.261
10000003364415000003654.441
10000004812504000012821.681
10000003943376000009170.711
10000003730153000016842.561
10000019879127000004355.601
10000002735758000006371.531
10000003252777000010921.831
10000003303934000007831.901
10000002732689000006247.171
10000007558337000008428.531
10000007820330000007195.061
10000008992691000007156.311
10000007739078000002622.431
10000003279614000005478.691
10000006318758000010467.401
10000004645830000009579.431
10000006586610000004492.481
10000002736011000004831.451
10000002738968000003430.861
10000017171103000005419.271
10000002738900000007657.531
10000006830603000008228.791
10000009024980000004718.781
10000006347278000006439.281
10000018921466000004564.281
10000002737564000004611.951
10000006255398000012795.901
10000006228973000008615.561
10000009922465000010335.861
10000002737499000007582.841
10000009015939000004215.321
10000006211291000006750.901
10000003280281000004045.631
10000010709456000005076.291
10000002741937000008275.621
10000010193013000009442.851
10000006983197000002931.481
10000003999197000010234.681
10000008990091000004982.651
10000002736293000004886.071
10000002733869000007847.591
10000019339501000004638.901
10000018737160000005579.221
10000002939920000003937.001
10000009871539000006974.091
10000003718505000006764.011
10000015442803000004440.641
10000015443257000005629.071
10000006233419000006045.851
10000006215566000007493.691
10000004649634000004617.901
10000008993178000004880.451
10000003304247000012479.671
10000000952495000006423.891
10000002284549000014167.661
10000009048162000012092.901
10000003328081000002113.551
10000003304073000014356.041
10000006214633000002618.131
10000016210564000029071.211
10000006229583000005080.151
10000006212463000008193.241
10000009006730000005862.331
10000015668095000007269.271
10000002733033000003466.201
10000002734362000008369.441
10000003188774000003381.261
10000002737209000003559.501
10000003468853000006976.721
10000006214732000028486.381
10000002738611000008724.801
10000018056669000013372.521
10000004913279000029945.741
10000002289036000015775.461
10000004649486000003586.021
10000006264133000004626.351
10000006256362000003390.941
10000017715084000004521.071
10000018179362000006075.461
10000003696959000006111.431
10000017707388000005016.491
10000006264993000012846.161
10000003223025000007345.281
10000015482817000005589.771
10000003984445000015054.391
10000006646787000004702.881
10000004143503000005860.291
10000018187084000021850.451
10000003280140000005589.981
10000003204182000004261.091
10000018130041000017646.991
10000009016771000002931.121
10000003987580000014792.031
10000009029732000005962.021
10000004653346000009980.421
10000010983498000002874.091
10000006318732000003503.871
10000006211639000011247.731
10000014224559000014795.231
10000003189128000006055.671
10000003304099000008898.311
10000017304994000020773.571
10000006228361000006848.151
10000002734304000003771.831
10000006213643000004831.391
10000004522541000012300.731
10000004222349000004358.351
10000006215540000026055.241
10000015444370000005665.651
10000006214493000007355.291
10000004451724000003924.081
10000004845266000014259.891
10000003188849000003534.171
10000009527471000031809.641
10000006214526000007293.711
10000009333191000005353.351
10000001878020000002801.431
10000011410482000008705.751
10000010231954000005765.931
10000004092312000012260.321
10000004215419000012920.221
10000006263987000003940.471
10000009770096000015194.781
10000006229559000008565.571
10000006229567000005307.911
10000006229541000006187.271
