BONOS SEPTIEMBRE/2015    0011516092015
10000003903776000040861.00
10000003304065000000387.501
10000004646234000000425.001
10000002643878000000325.001
10000004144238000000462.501
10000002674443000000462.501
10000003280439000000243.001
10000009376547000000437.501
10000002742505000000315.001
10000006214625000000437.501
10000006228741000000475.001
10000001515630000000362.501
10000003364415000000387.001
10000004812504000000270.001
10000003943376000000437.501
10000002735758000000270.001
10000003252777000000288.001
10000003303934000000437.501
10000002732689000000414.001
10000007558337000000360.001
10000007820330000000350.001
10000008992691000000400.001
10000007739078000000337.501
10000003279614000000468.001
10000006318758000000400.001
10000004645830000000450.001
10000006586610000000198.001
10000002736011000000315.001
10000002738968000000252.001
10000002738900000000171.001
10000006830603000000325.001
10000006347278000000412.501
10000002737564000000270.001
10000006255398000000337.501
10000006228973000000425.001
10000006782614000000450.001
10000009922465000000270.001
10000014024272000000475.001
10000002737499000000270.001
10000009015939000000279.001
10000006211291000000312.501
10000003280281000000297.001
10000010709456000000462.501
10000002741937000000450.001
10000010193013000000243.001
10000006983197000000362.501
10000003999197000000450.001
10000008990091000000437.501
10000002736293000000315.001
10000002733869000000468.001
10000003978084000000462.501
10000002939920000000324.001
10000009871539000000360.001
10000003718505000000412.501
10000006233419000000450.001
10000006215566000000300.001
10000004649634000000412.501
10000008993178000000387.001
10000003304247000000475.001
10000000952495000000500.001
10000002284549000000306.001
10000009048162000000275.001
10000003328081000000212.501
10000003304073000000437.501
10000006214633000000462.501
10000006229583000000387.501
10000006212463000000261.001
10000009006730000000387.001
10000002733033000000375.001
10000002734362000000324.001
10000003188774000000315.001
10000002737209000000396.001
10000003468853000000225.001
10000002738611000000504.001
10000003980047000000425.001
10000018056669000000126.001
10000002289036000000350.001
10000004649486000000475.001
10000006264133000000362.501
10000006256362000000387.501
10000003696959000000425.001
10000006264993000000126.001
10000004645971000000175.001
10000003223025000000287.501
10000006646787000000234.001
10000004143503000000475.001
10000003280140000000261.001
10000003204182000000198.001
10000009016771000000126.001
10000009029732000000288.001
10000004653346000000300.001
10000006318732000000306.001
10000014224559000000425.001
10000003189128000000153.001
10000003304099000000350.001
10000006228361000000475.001
10000002734304000000027.001
10000006215558000000450.001
10000006213643000000425.001
10000004522541000000216.001
10000000950994000000525.001
10000006214493000000437.501
10000004451724000000462.501
10000004845266000000500.001
10000003188849000000297.001
10000006214526000000150.001
10000009333191000000462.501
10000001878020000000450.001
10000010231954000000126.001
10000004092312000000450.001
10000004215419000000262.501
10000006263987000000425.001
10000009770096000000375.001
10000003985360000000350.001
10000006229567000000462.501
10000006229541000000475.001
