BONOS SEPTIEMBRE/2016    0019014102016
10000003903776000054890.0000000000000000
10000019990999000000329.001
10000016222428000000279.001
10000022730423000000047.001
10000018515847000000063.001
10000022749739000000063.001
10000007821544000000360.001
10000004649428000000313.001
10000022660836000000141.001
10000013624891000000047.001
10000018539962000000078.001
10000022112051000000306.001
10000011036072000000351.001
10000022419142000000188.001
10000016304812000000234.001
10000020100892000000198.001
10000004646755000000243.001
10000015052975000000351.001
10000013756701000000396.001
10000019158696000000219.001
10000020542193000000329.001
10000010914419000000219.001
10000020085862000000378.001
10000022508002000000351.001
10000016714540000000360.001
10000012464280000000219.001
10000019472799000000360.001
10000011049083000000306.001
10000021010537000000396.001
10000012192055000000171.001
10000003964190000000360.001
10000011169071000000157.001
10000012270041000000180.001
10000015463172000000204.001
10000018061626000000360.001
10000018733697000000235.001
10000004284943000000198.001
10000011151242000000313.001
10000019038872000000360.001
10000021452565000000396.001
10000020806135000000351.001
10000004144551000000313.001
10000014317809000000351.001
10000022357417000000360.001
10000011072331000000396.001
10000004653049000000305.001
10000010973936000000306.001
10000022577586000000360.001
10000019892400000000360.001
10000013535361000000313.001
10000019116884000000288.001
10000015550953000000204.001
10000020967440000000432.001
10000018527909000000342.001
10000020786824000000313.001
10000022588955000000359.001
10000010676506000000125.001
10000013488908000000360.001
10000021472919000000387.001
10000002993562000000306.001
10000007015022000000266.001
10000017657161000000351.001
10000014034528000000219.001
10000013071109000000298.001
10000003165657000000360.001
10000022358366000000360.001
10000013947681000000313.001
10000013244334000000235.001
10000010704422000000266.001
10000007704146000000351.001
10000011349657000000360.001
10000011587009000000358.001
10000020101212000000207.001
10000019241342000000282.001
10000016998392000000251.001
10000004358491000000251.001
10000018880745000000324.001
10000021157157000000282.001
10000021239012000000324.001
10000007033173000000252.001
10000017520714000000342.001
10000022643709000000204.001
10000007446574000000345.001
10000020129587000000141.001
10000014117663000000252.001
10000010208664000000251.001
10000016990653000000313.001
10000020108961000000298.001
10000022424414000000094.001
10000011353046000000063.001
10000017230446000000270.001
10000006214568000000188.001
10000010408040000000324.001
10000004284373000000235.001
10000013196965000000162.001
10000021557729000000251.001
10000022405977000000360.001
10000017200978000000345.001
10000008759140000000360.001
10000003716145000000251.001
10000019479183000000313.001
10000022723668000000047.001
10000022004216000000288.001
10000020109315000000360.001
10000006531152000000219.001
10000010658752000000196.001
10000017693800000000360.001
10000021784124000000313.001
10000015695212000000243.001
10000012165292000000282.001
10000014023208000000360.001
10000011005952000000270.001
10000021875006000000396.001
10000004649569000000149.001
10000016702016000000298.001
10000020088650000000258.001
10000014854231000000342.001
10000006427343000000266.001
10000013491274000000360.001
10000014480078000000360.001
10000021263706000000396.001
10000021579616000000360.001
10000010644818000000235.001
10000014617233000000324.001
10000020203167000000329.001
10000009502358000000313.001
10000021908063000000396.001
10000013532820000000360.001
10000004452839000000252.001
10000022513184000000378.001
10000003335523000000351.001
10000015464104000000360.001
10000016763943000000324.001
10000002273120000000305.001
10000019319438000000188.001
10000019596028000000360.001
10000018430996000000360.001
10000015444586000000351.001
10000017920261000000378.001
10000007687772000000351.001
10000002142317000000329.001
10000015667823000000313.001
10000004869563000000342.001
10000021178525000000360.001
10000018583084000000305.001
10000014798372000000298.001
10000012384058000000234.001
10000006121672000000360.001
10000019795571000000125.001
10000019568390000000360.001
10000004946436000000360.001
10000012791443000000298.001
10000013894303000000298.001
10000011059735000000172.001
10000013917808000000266.001
10000004003905000000342.001
10000015551521000000313.001
10000004302349000000298.001
10000019909461000000342.001
10000021728669000000298.001
10000019299086000000211.001
10000004649600000000351.001
10000005647223000000378.001
10000003622293000000180.001
10000018428751000000351.001
10000015404936000000360.001
10000017000956000000324.001
10000020227240000000306.001
10000017664091000000288.001
10000018083654000000324.001
10000022805606000000031.001
10000018416243000000313.001
10000010672405000000360.001
10000004146086000000234.001
10000004921496000000360.001
10000000951330000000243.001
10000003996086000000266.001
10000017012472000000288.001
10000020604258000000396.001
10000011049166000000305.001
10000022587022000000360.001
10000021237115000000251.001
10000016992336000000378.001
10000022396499000000063.001
10000011651771000000313.001
10000011055725000000235.001
10000004318403000000342.001
10000005439133000000157.001
10000003492539000000352.001
10000011579121000000360.001
10000010232621000000298.001
