BONOS OCTUBRE/2014    0003213112014
10000012028903000008115.6700000000000000
10000015870997000000219.241
10000004649618000000288.001
10000004768319000000078.301
10000011169071000000039.151
10000003979371000000328.861
10000004616766000000414.001
10000011664477000000384.521
10000010472657000000340.201
10000013053660000000046.981
10000013225821000000414.001
10000004530156000000367.861
10000010676506000000078.301
10000007033173000000315.001
10000007515824000000338.371
10000013097759000000062.641
10000004144072000000360.181
10000003422982000000378.001
10000006751734000000370.861
10000003978589000000408.181
10000012339251000000125.281
10000013968421000000360.181
10000002273120000000369.001
10000010930390000000101.791
10000011631658000000156.601
10000003304859000000270.001
10000004143800000000395.521
10000003622293000000062.641
10000017012472000000187.921
10000004653180000000306.001
10000005439133000000015.661
10000017713773000000422.821
10000011104762000000109.621
