REMUNERACIONES JULIO/2013    0016931072013
10000003903776000913477.59000000000000000000
10000003304065000004080.561
10000004646234000004323.861
10000002643878000007941.221
10000004144238000001754.811
10000003280439000008252.751
10000009376547000008290.581
10000002742505000003957.831
10000006214625000007817.511
10000004451667000003727.531
10000003217094000002208.171
10000006228741000002872.811
10000001515630000008535.121
10000002735592000004945.491
10000004144189000006534.141
10000004649444000005336.241
10000003364415000002491.971
10000004812504000006500.011
10000003943376000006829.791
10000002386832000003869.631
10000002947874000012524.681
10000003730153000009713.601
10000004038233000011064.801
10000002735758000005423.771
10000003252777000004792.081
10000003303934000005674.761
10000002732689000003409.201
10000006212405000008518.731
10000007558337000003695.271
10000007820330000008617.081
10000008992691000004428.061
10000007739078000003311.711
10000003279614000004371.491
10000006318758000004009.731
10000004645830000007197.561
10000006586610000003035.401
10000002736011000002318.921
10000004182808000010464.921
10000003370420000005819.341
10000002738968000003331.831
10000006256130000001958.541
10000006228642000002886.191
10000002738900000005925.491
10000004653049000005391.241
10000006830603000006329.321
10000006347278000004575.531
10000002737564000003352.411
10000006255398000009809.531
10000006228973000003620.441
10000004646292000005244.881
10000003217309000002681.391
10000006782614000004481.691
10000009922465000005840.491
10000006532986000009374.611
10000002737499000004342.171
10000009015939000002255.431
10000006211291000004122.381
10000003280281000001270.741
10000001070945600004277.211
10000002741937000005575.961
10000001019301300007412.451
10000002574726000003869.361
10000006983197000001700.521
10000003999197000003949.311
10000001051948300004696.951
10000008990091000004319.661
10000002736293000003391.261
10000006255687000006634.041
10000002733869000005090.771
10000002718449000003743.411
10000001055180700007708.251
10000003978084000006184.441
10000002939920000002189.831
10000009871539000005216.761
10000003693426000003373.391
10000004649585000003891.091
10000003718505000004675.391
10000001052526600010888.551
10000006233419000005642.471
10000006215566000004916.291
10000004649634000003725.031
10000008993178000003230.801
10000003304247000009383.811
10000009869104000013193.431
10000000952312000006201.611
10000000952495000004354.841
10000002284549000009144.891
10000009048162000009363.611
10000004004143000005641.441
10000003328081000002359.561
10000002058689000004025.141
10000003304073000009175.731
10000006214633000002682.821
10000004962672000008369.581
10000006229583000002768.051
10000006212463000006163.041
10000009006730000003001.341
10000002733033000002549.221
10000002734362000005428.991
10000001064702800001981.481
10000006755968000009208.311
10000003188774000001813.191
10000002737209000003191.581
10000003468853000004103.601
10000006214732000008293.491
10000002738611000006641.271
10000003980047000005147.041
10000003217648000003060.861
10000004363193000003491.281
10000002289036000010167.131
10000001303376100010761.651
10000004649486000005334.741
10000006264133000002026.871
10000006256362000002470.951
10000003696959000003321.261
10000006264993000009491.901
10000004645971000007366.121
10000003223025000004616.121
10000004507890000010430.921
10000006646787000002679.471
10000004143503000004337.461
10000003280140000001568.671
10000007632511000003471.791
10000003204182000001900.031
10000009016771000001551.491
10000003987580000005121.541
10000009029732000003855.301
10000001100266900008302.451
10000004653346000008933.801
10000001098349800003178.711
10000003309354000009156.751
10000006318732000002001.751
10000006211639000005454.68
10000003189128000001946.951
10000003304099000006877.011
10000006228361000005001.081
10000002734304000002603.151
10000003217151000002568.541
10000006215558000003601.021
10000006213643000004597.281
10000004522541000008777.151
10000000950712000004712.471
10000006215540000007465.291
10000000950994000006994.501
10000001867833000003988.661
10000001019564700006549.681
10000006214493000007123.911
10000002575386000004198.291
10000004451724000005310.441
10000004845266000010905.871
10000003188849000002543.581
10000006214526000009055.021
10000009333191000003962.611
10000001878020000002954.651
10000004782450000005427.541
10000001023195400002808.901
10000004092312000009901.501
10000004215419000010255.621
10000001875969000006202.671
10000004144709000007830.981
10000006263987000005173.241
10000009770096000011706.121
10000008988393000001454.981
10000006229559000004743.601
10000003334517000002547.961
10000000952122000005796.401
10000006254530000007977.131
10000003985360000010792.391
10000006229567000004148.351
10000006229541000004973.701
