BONOS MARZO/2015    0002321042015
10000004410085000007309.68000000000000000000
10000006423408000000396.001
10000010905814000000388.521
10000012084046000000383.691
10000013406736000000336.691
10000013947681000000395.521
10000009792652000000315.001
10000010960975000000062.641
10000010207640000000324.001
10000007636365000000344.521
10000008759140000000360.001
10000013878985000000108.001
10000004988678000000369.001
10000015761469000000387.001
10000004646268000000387.001
10000003335523000000070.471
10000007687772000000324.001
10000017594793000000396.001
10000008103339000000368.861
10000006229533000000243.001
10000016497716000000328.861
10000006211986000000377.861
10000010232621000000369.001
10000004645781000000274.051
