PRIMA ABRIL/2016    0010825042016
10000003903776001208079.51
10000003304065000011204.401
10000002643878000012645.121
10000004144238000007208.401
10000002674443000015620.561
10000003280439000018102.481
10000009376547000015921.681
10000002742505000009641.851
10000006214625000015176.481
10000006228741000011502.481
10000001515630000019423.561
10000003364415000007731.951
10000004812504000018847.681
10000003943376000011204.401
10000002735758000009360.221
10000003252777000012301.681
10000003303934000011204.401
10000002732689000010279.581
10000007558337000010456.801
10000007820330000014428.241
10000008992691000008755.401
10000007739078000007208.401
10000003279614000007992.031
10000006318758000014080.481
10000004645830000011204.401
10000006586610000006395.281
10000002736011000010837.731
10000002738968000009936.761
10000002738900000011090.091
10000006830603000017585.401
10000006347278000008800.001
10000002737564000007533.541
10000006255398000018231.241
10000006228973000019026.121
10000009922465000010456.801
10000002737499000011078.351
10000009015939000007618.541
10000006211291000014127.121
10000003280281000007774.191
10000010709456000008111.401
10000002741937000016319.121
10000010193013000012003.601
10000006983197000005275.401
10000003999197000012686.401
10000008990091000007208.401
10000002736293000008870.881
10000002733869000010325.791
10000002939920000007815.681
10000009871539000008600.401
10000003718505000008800.001
10000006233419000010044.401
10000006215566000009552.121
10000004649634000008111.401
10000008993178000006863.881
10000003304247000015176.481
10000000952495000008800.001
10000002284549000017585.401
10000009048162000014878.401
10000003328081000004501.401
10000003304073000017585.401
10000006214633000007607.681
10000006229583000008800.001
10000006212463000010044.401
10000009006730000006811.431
10000002733033000011485.121
10000002734362000013444.321
10000003188774000007376.221
10000002737209000008923.301
10000003468853000013782.401
10000002738611000011286.871
10000018056669000019249.001
10000002289036000019026.121
10000004649486000008755.401
10000006264133000008409.481
10000006256362000004501.401
10000003696959000011204.401
10000006264993000018596.001
10000003223025000011502.481
10000006646787000006395.281
10000004143503000007208.401
10000003280140000008898.481
10000003204182000007713.101
10000009016771000007871.991
10000009029732000008600.401
10000004653346000014878.401
10000010983498000005275.401
10000006318732000005544.681
10000014224559000017502.601
10000003189128000007922.911
10000003304099000011204.401
10000006228361000009053.481
10000002734304000011457.051
10000006213643000008005.121
10000004522541000014878.401
10000006214493000017157.121
10000004451724000008755.401
10000004845266000016360.401
10000003188849000008518.121
10000006214526000017554.561
10000009333191000006564.401
10000001878020000006716.121
10000010231954000005652.661
10000004092312000015716.401
10000004215419000015716.401
10000006263987000016716.561
10000009770096000018628.681
10000006229559000009444.001
10000006229567000008005.121
10000006229541000012247.681
