BONOS MARZO/2015    0011921042015
10000003903776000041611.6700000000000000
10000017150660000000407.161
10000016735380000000344.521
10000010474877000000328.861
10000006374396000000324.001
10000016222428000000396.001
10000017037040000000380.691
10000013331222000000344.521
10000018312764000000344.521
10000011574452000000396.001
10000018428983000000288.001
10000011049249000000387.001
10000004649428000000370.861
10000018539962000000306.001
10000004004218000000387.521
10000011036072000000378.001
10000004646755000000306.001
10000015052975000000378.001
10000013756701000000396.001
10000016714540000000396.001
10000011049083000000360.001
10000012192055000000339.371
10000012270041000000258.391
10000015463172000000250.561
10000018061626000000396.001
10000013534644000000344.521
10000004284943000000288.001
10000004144551000000321.031
10000014317809000000395.521
10000017171103000000414.001
10000010391972000000281.881
10000010973936000000387.001
10000009024980000000360.001
10000003644297000000387.001
10000013535361000000390.521
10000013350206000000245.241
10000013979163000000344.521
10000018527909000000126.001
10000013488908000000387.001
10000010556485000000315.881
10000017657161000000387.001
10000003165657000000396.001
10000004989840000000344.521
10000015668136000000315.001
10000010704422000000274.051
10000007704146000000348.371
10000011349657000000396.001
10000017520714000000351.001
10000010208664000000258.391
10000015442803000000344.521
10000017230446000000351.001
10000006214568000000378.001
10000010408040000000344.521
10000004807232000000304.051
10000015443257000000391.501
10000004284373000000215.921
10000014234079000000395.521
10000010658752000000266.221
10000017693800000000395.521
10000015695212000000297.001
10000012165292000000313.201
10000012121723000000396.001
10000004649569000000351.001
10000016702016000000395.521
10000015668095000000351.001
10000002745468000000306.001
10000010648034000000396.001
10000014854231000000387.001
10000006427343000000227.071
10000013491274000000344.521
10000014480078000000396.001
10000011072406000000376.861
10000014617233000000387.001
10000016166973000000313.201
10000013532820000000101.791
10000017715084000000369.001
10000018179362000000387.001
10000015464104000000396.001
10000016763943000000387.001
10000017707388000000396.001
10000003980196000000306.001
10000010489280000000270.001
10000010705553000000261.001
10000018430996000000261.561
10000015444586000000297.001
10000015667823000000396.001
10000015482817000000391.501
10000003984445000000378.001
10000014798372000000396.001
10000017599652000000387.001
10000007212248000000383.691
10000012791443000000336.691
10000011049778000000387.001
10000003702780000000369.001
10000015551521000000387.001
10000011063637000000321.031
10000004302349000000288.001
10000004649600000000360.001
10000005703984000000375.691
10000004222349000000351.001
10000004661620000000344.521
10000018428751000000224.581
10000017334644000000414.001
10000015404936000000369.001
10000018416243000000387.001
10000010672405000000369.001
10000015444370000000391.501
10000004921496000000396.001
10000003996086000000306.001
10000015473874000000378.001
10000011049166000000266.221
10000014143999000000369.001
10000011410482000000305.371
10000003718208000000396.001
10000015470044000000396.001
10000011651771000000396.001
10000010485402000000279.001
10000006531780000000306.001
10000011579121000000395.521
10000008237542000000351.001
