REMUNERACIONES OCTUBRE/2016    0014131102016
10000003903776001183256.51000000000000000000
10000017150660000005576.961
10000016990629000011808.491
10000003304065000015048.471
10000006374396000005981.491
10000002643878000010471.701
10000017037040000002975.191
10000004144238000002631.661
10000002674443000012533.241
10000003280439000012638.071
10000011574452000005483.881
10000009376547000013137.421
10000002742505000005371.941
10000006214625000012686.611
10000006228741000005406.701
10000001515630000013524.971
10000009894614000008019.891
10000003364415000003732.041
10000004812504000012815.491
10000003943376000009076.811
10000003730153000016226.921
10000019879127000004350.991
10000002735758000007617.961
10000003252777000010915.821
10000003303934000007736.251
10000002732689000005748.351
10000007558337000008421.951
10000007820330000006773.111
10000008992691000007014.531
10000007739078000002644.891
10000003279614000006118.721
10000006318758000010092.241
10000004645830000009764.731
10000006586610000004489.031
10000002736011000005528.351
10000002738968000003429.821
10000017171103000005720.051
10000002738900000007535.691
10000006830603000008436.171
10000009024980000004527.811
10000006347278000006437.581
10000018921466000004984.361
10000002737564000004613.381
10000006255398000012861.501
10000006228973000008754.091
10000009922465000008530.861
10000002737499000005145.631
10000009015939000004577.231
10000006211291000008099.011
10000003280281000005136.461
10000010709456000004633.241
10000002741937000007911.931
10000010193013000009422.021
10000006983197000002781.991
10000003999197000010229.281
10000008990091000005204.681
10000002736293000004845.711
10000002733869000007956.201
10000019339501000005624.121
10000018737160000006225.341
10000002939920000003904.661
10000009871539000006978.391
10000003718505000006764.511
10000015442803000004385.801
10000015443257000005467.271
10000006233419000005673.991
10000006215566000007778.721
10000004649634000004229.011
10000008993178000004482.031
10000003304247000012793.311
10000000952495000006423.891
10000002284549000013427.121
10000009048162000012277.481
10000003328081000001706.781
10000003304073000014059.841
10000006214633000002247.991
10000016210564000028316.361
10000006229583000005113.331
10000006212463000008194.241
10000009006730000005458.711
10000015668095000007127.181
10000002733033000003497.831
10000002734362000008374.441
10000003188774000003293.831
10000002737209000004069.771
10000003468853000007816.701
10000006214732000028486.381
10000002738611000008722.341
10000018056669000013220.801
10000004913279000029513.661
10000004649486000003200.071
10000006264133000004272.501
10000002289036000015302.661
10000006256362000003392.641
10000017715084000004804.911
10000018179362000006389.381
10000003696959000005791.981
10000017707388000004948.661
10000006264993000012825.161
10000003223025000007530.071
10000015482817000005516.641
10000003984445000015049.991
10000006646787000004607.481
10000004143503000005859.691
10000018187084000021850.451
10000003280140000005598.561
10000003204182000004522.791
10000018130041000017797.271
10000009016771000002269.941
10000003987580000014190.231
10000009029732000005968.801
10000004653346000009898.621
10000010983498000002525.671
10000006318732000003512.831
10000006211639000011301.461
10000014224559000014867.771
10000003189128000005778.291
10000003304099000008087.651
10000017304994000020582.771
10000002734304000005318.651
10000006213643000004500.681
10000004522541000012005.731
10000004222349000005332.611
10000006215540000024937.031
10000015444370000005626.331
10000006214493000006075.601
10000004451724000003528.131
10000004845266000014259.921
10000003188849000004198.701
10000009527471000032765.531
10000006214526000006924.181
10000009333191000005353.351
10000001878020000002964.051
10000011410482000008702.851
10000010231954000005765.881
10000004092312000012616.771
10000004215419000012918.521
10000006263987000003595.691
10000009770096000015191.081
10000006229559000008576.471
10000006229567000005363.291
10000006229541000008695.171
