REMUNERACIONES JULIO/2016    0014229072016
10000003903776001192592.56000000000000000000
10000017150660000005755.241
10000016990629000011808.491
10000003304065000015285.021
10000006374396000006042.871
10000002643878000010531.001
10000017037040000003383.231
10000004144238000002829.771
10000002674443000012311.871
10000003280439000012344.031
10000011574452000005712.381
10000009376547000013137.521
10000002742505000005533.051
10000006214625000012379.371
10000006228741000006113.211
10000001515630000013528.071
10000009894614000008019.891
10000003364415000003768.021
10000004812504000012821.841
10000003943376000009169.611
10000003730153000016826.811
10000019879127000004352.521
10000002735758000006489.201
10000003252777000010923.651
10000003303934000008129.901
10000002732689000005219.051
10000007558337000008429.701
10000007820330000007180.931
10000008992691000007014.531
10000007739078000002602.371
10000003279614000005599.861
10000006318758000010205.231
10000004645830000009443.081
10000006586610000004611.291
10000002736011000004611.401
10000002738968000003324.641
10000017171103000005380.871
10000002738900000007654.651
10000006830603000008509.761
10000009024980000004443.631
10000006347278000006437.981
10000018921466000004779.481
10000002737564000004623.621
10000006255398000012722.051
10000006228973000008808.591
10000009922465000008530.861
10000002737499000006331.291
10000009015939000004212.011
10000006211291000007433.361
10000003280281000003300.211
10000010709456000005204.641
10000002741937000008272.221
10000010193013000009748.121
10000006983197000002927.431
10000003999197000010229.581
10000008990091000005023.941
10000002736293000004877.041
10000002733869000008083.771
10000019339501000004510.011
10000018737160000006521.141
10000002939920000003928.421
10000009871539000006975.241
10000003718505000006763.111
10000015442803000004495.501
10000015443257000005703.141
10000006233419000006047.761
10000006215566000007499.191
10000004649634000004556.451
10000008993178000004537.711
10000003304247000012480.771
10000000952495000006166.391
10000002284549000014118.021
10000009048162000012238.071
10000003328081000002106.791
10000003304073000013673.391
10000006214633000002613.301
10000016210564000029186.191
10000006229583000004971.601
10000006212463000008193.441
10000009006730000005860.601
10000015668095000007067.611
10000002733033000003618.721
10000002734362000008365.731
10000003188774000003211.481
10000002737209000004211.421
10000003468853000007031.651
10000006214732000028486.381
10000002738611000008744.021
10000018056669000012977.801
10000004913279000029758.551
10000002289036000015769.561
10000004649486000004196.591
10000006264133000004265.861
10000006256362000003389.611
10000017715084000004521.071
10000018179362000006339.161
10000003696959000006401.711
10000017707388000005052.491
10000006264993000012851.061
10000003223025000007440.731
10000015482817000005503.831
10000003984445000015064.591
10000006646787000004631.781
10000004143503000005859.491
10000018187084000021850.451
10000003280140000005267.531
10000003204182000003560.731
10000018130041000017754.601
10000009016771000002656.501
10000003987580000014777.831
10000009029732000005961.841
10000004653346000009971.571
10000010983498000002910.741
10000006318732000003499.391
10000006211639000011220.871
10000014224559000015308.221
10000003189128000005722.661
10000003304099000009147.061
10000017304994000020773.571
10000006228361000006845.721
10000002734304000004269.111
10000006213643000004824.601
10000004522541000012301.331
10000004222349000004357.971
10000006215540000025337.781
10000015444370000005444.411
10000006214493000007324.671
10000004451724000003793.171
10000004845266000014259.841
10000003188849000003689.951
10000009527471000032765.531
10000006214526000007281.851
10000009333191000005353.351
10000001878020000002814.631
10000011410482000009496.691
10000010231954000005761.741
10000004092312000013339.101
10000004215419000012941.221
10000006263987000003928.251
10000009770096000015141.081
10000006229559000008567.171
10000006229567000005307.311
10000006229541000006181.671
