BONOS OCTUBRE/2015    0011412102015
10000003903776000044929.50
10000003304065000000350.001
10000004646234000000462.501
10000002643878000000400.001
10000004144238000000512.501
10000002674443000000487.501
10000003280439000000261.001
10000009376547000000462.501
10000002742505000000378.001
10000006214625000000400.001
10000006228741000000437.501
10000001515630000000487.501
10000003364415000000054.001
10000004812504000000306.001
10000003943376000000475.001
10000002735758000000243.001
10000003252777000000288.001
10000003303934000000525.001
10000002732689000000486.001
10000007558337000000324.001
10000007820330000000350.001
10000008992691000000350.001
10000007739078000000487.501
10000003279614000000468.001
10000006318758000000487.501
10000004645830000000425.001
10000006586610000000252.001
10000002736011000000360.001
10000002738968000000306.001
10000002738900000000306.001
10000006830603000000275.001
10000006347278000000425.001
10000002737564000000270.001
10000006255398000000275.001
10000006228973000000375.001
10000006782614000000325.001
10000009922465000000108.001
10000014024272000000500.001
10000002737499000000378.001
10000009015939000000369.001
10000006211291000000412.501
10000003280281000000351.001
10000010709456000000300.001
10000002741937000000462.501
10000010193013000000378.001
10000006983197000000487.501
10000003999197000000437.501
10000008990091000000525.001
10000002736293000000369.001
10000002733869000000486.001
10000003978084000000525.001
10000002939920000000360.001
10000009871539000000342.001
10000003718505000000512.501
10000006233419000000500.001
10000006215566000000475.001
10000004649634000000475.001
10000008993178000000333.001
10000003304247000000450.001
10000000952495000000550.001
10000002284549000000360.001
10000009048162000000425.001
10000003328081000000462.501
10000003304073000000437.501
10000006214633000000512.501
10000006229583000000200.001
10000006212463000000144.001
10000009006730000000378.001
10000002733033000000475.001
10000002734362000000378.001
10000003188774000000369.001
10000002737209000000486.001
10000003468853000000312.501
10000002738611000000288.001
10000003980047000000100.001
10000018056669000000144.001
10000002289036000000450.001
10000004649486000000512.501
10000006264133000000525.001
10000006256362000000387.501
10000003696959000000450.001
10000006264993000000243.001
10000003223025000000400.001
10000006646787000000234.001
10000004143503000000462.501
10000003280140000000324.001
10000003204182000000297.001
10000009016771000000486.001
10000009029732000000360.001
10000004653346000000500.001
10000006318732000000342.001
10000014224559000000362.501
10000003189128000000369.001
10000003304099000000275.001
10000006228361000000525.001
10000002734304000000342.001
10000006215558000000500.001
10000006213643000000437.501
10000004522541000000324.001
10000000950994000000650.001
10000006214493000000487.501
10000004451724000000500.001
10000004845266000000537.501
10000003188849000000342.001
10000006214526000000325.001
10000009333191000000525.001
10000001878020000000537.501
10000010231954000000306.001
10000004092312000000425.001
10000004215419000000412.501
10000006263987000000475.001
10000009770096000000525.001
10000003985360000000462.501
10000006229567000000225.001
10000006229541000000450.001
