BONOS MAYO/2015    0012514052015
10000003903776000049243.50
10000003304065000000325.001
10000004646234000000475.001
10000002643878000000425.001
10000004144238000000450.001
10000002674443000000525.001
10000003280439000000414.001
10000009376547000000487.501
10000002742505000000117.001
10000006214625000000450.001
10000006228741000000100.001
10000001515630000000200.001
10000002735592000000468.001
10000004144189000000351.001
10000003364415000000369.001
10000004812504000000351.001
10000003943376000000400.001
10000002735758000000360.001
10000003252777000000342.001
10000003303934000000400.001
10000002732689000000432.001
10000007558337000000324.001
10000007820330000000450.001
10000008992691000000425.001
10000007739078000000525.001
10000003279614000000090.001
10000006318758000000512.501
10000004645830000000412.501
10000006586610000000342.001
10000002736011000000108.001
10000004182808000000437.501
10000002738968000000306.001
10000002738900000000342.001
10000006830603000000400.001
10000006347278000000425.001
10000002737564000000207.001
10000006255398000000387.501
10000006228973000000437.501
10000006782614000000437.501
10000009922465000000378.001
10000014024272000000500.001
10000006532986000000412.501
10000002737499000000405.001
10000009015939000000396.001
10000006211291000000400.001
10000003280281000000162.001
10000010709456000000525.001
10000002741937000000375.001
10000010193013000000378.001
10000006983197000000487.501
10000003999197000000525.001
10000008990091000000525.001
10000002736293000000351.001
10000002733869000000486.001
10000003978084000000525.001
10000002939920000000369.001
10000009871539000000378.001
10000003693426000000378.001
10000003718505000000487.501
10000006233419000000500.001
10000006215566000000412.501
10000004649634000000512.501
10000008993178000000378.001
10000003304247000000487.501
10000000952495000000525.001
10000002284549000000351.001
10000009048162000000275.001
10000003328081000000325.001
10000003304073000000525.001
10000006214633000000500.001
10000006229583000000387.501
10000006212463000000342.001
10000009006730000000378.001
10000002733033000000525.001
10000002734362000000378.001
10000010647028000000261.001
10000006755968000000400.001
10000003188774000000378.001
10000002737209000000504.001
10000003468853000000412.501
10000002738611000000396.001
10000003980047000000262.501
10000018056669000000162.001
10000002289036000000525.001
10000004649486000000475.001
10000006264133000000487.501
10000006256362000000125.001
10000003696959000000525.001
10000006264993000000117.001
10000004645971000000500.001
10000003223025000000475.001
10000006646787000000216.001
10000004143503000000300.001
10000003280140000000342.001
10000003204182000000288.001
10000009016771000000441.001
10000009029732000000351.001
10000004653346000000500.001
10000010983498000000425.001
10000006318732000000189.001
10000014224559000000500.001
10000003189128000000360.001
10000003304099000000325.001
10000006228361000000500.001
10000002734304000000387.001
10000006215558000000500.001
10000006213643000000387.501
10000004522541000000297.001
10000000950994000000525.001
10000006214493000000500.001
10000004451724000000500.001
10000004845266000000525.001
10000003188849000000360.001
10000006214526000000450.001
10000001878020000000450.001
10000004782450000000425.001
10000010231954000000351.001
10000004092312000000437.501
10000004215419000000450.001
10000006263987000000437.501
10000009770096000000475.001
10000006229559000000075.001
10000003334517000000400.001
10000003985360000000400.001
10000006229567000000450.001
10000006229541000000462.501
