REMUNERACIONES JUNIO/2016    0005415062016
10000003903776000066940.00000000000000000000
10000004144238000000500.001
10000003280439000001840.001
10000001515630000002460.001
10000003364415000000700.001
10000004812504000003400.001
10000002735758000000880.001
10000003303934000001000.001
10000002732689000000800.001
10000007558337000000570.001
10000003279614000001000.001
10000006318758000000800.001
10000006586610000000700.001
10000002736011000001160.001
10000002738900000001000.001
10000006830603000001900.001
10000006347278000001250.001
10000002737564000000700.001
10000002737499000000880.001
10000009015939000000990.001
10000006211291000000700.001
10000003280281000000710.001
10000002741937000001630.001
10000002736293000000420.001
10000002733869000000880.001
10000003718505000000880.001
10000006215566000000700.001
10000000952495000001100.001
10000006214633000000500.001
10000006229583000000500.001
10000002733033000001000.001
10000002734362000001600.001
10000003188774000000720.001
10000002737209000000720.001
10000003468853000003400.001
10000006214732000002900.001
10000002738611000001010.001
10000006264993000002000.001
10000003223025000001650.001
10000006646787000000460.001
10000003280140000000940.001
10000003204182000000710.001
10000009016771000000890.001
10000003987580000002700.001
10000009029732000000500.001
10000006211639000001700.001
10000003189128000000720.001
10000002734304000001010.001
10000006215540000003300.001
10000006214493000000500.001
10000003188849000000720.001
10000006214526000001940.001
10000001878020000000400.001
10000006263987000002400.001
10000006229541000002500.001
