AGUINALDOS 2012    0019807122012
10000003903776001333379.8800000000000000
10000003304065000004935.001
10000002643878000006965.281
10000004144238000003575.001
10000003280439000013770.001
10000009805992000003948.061
10000009376547000007907.641
10000002742505000006565.531
10000006214625000009800.001
10000004451667000006818.891
10000006228717000004900.001
10000003217094000004605.741
10000006228741000006750.001
10000001515630000012478.331
10000007620623000006122.501
10000002735592000006586.121
10000003364415000005137.941
10000004812504000011350.001
10000002386832000007697.671
10000002947874000009148.441
10000003730153000011000.001
10000002735758000007618.981
10000007670933000006247.821
10000009337359000006227.781
10000003252777000009270.001
10000008973740000006945.561
10000003303934000007791.671
10000002732689000007252.901
10000006212405000012330.001
10000006131100000010404.171
10000007558337000005217.661
10000007820330000009625.001
10000007897628000004212.201
10000008992691000004950.001
10000009527455000009756.941
10000007739078000006420.421
10000009448213000001994.741
10000001007543500003810.861
10000003279614000005775.481
10000006318758000006250.001
10000000952437000006309.931
10000006586610000004500.001
10000002736011000007159.971
10000004182808000011000.001
10000003370420000004236.111
10000002738968000007114.271
10000009464368000003360.921
10000006256130000004508.331
10000006228642000005680.001
10000002738900000008384.631
10000004653049000006050.001
10000006830603000008500.001
10000004144741000010041.671
10000006347278000006400.001
10000002737564000005488.671
10000006255398000012330.001
10000006228973000012370.001
10000004646292000007279.861
10000003217309000002401.871
10000009922465000003924.331
10000008007945000002089.831
10000006532986000006084.861
10000002737499000007779.751
10000009015939000004119.631
10000006348763000006600.001
10000006211291000007380.001
10000003280281000004997.381
10000002741937000012370.001
10000001019301300004074.441
10000002574726000005819.251
10000006983197000003841.381
10000003999197000004491.671
10000004577900000007907.641
10000008990091000004950.001
10000005413426000004074.441
10000003308314000008097.221
10000002736293000005880.001
10000002733869000007697.471
10000004290594000004950.001
10000002718449000006343.311
10000004510893000006008.751
10000001431935000006844.361
10000001055180700007434.861
10000003978084000006966.671
10000009424304000003681.301
10000002939920000005670.001
10000009871539000003474.001
10000003693426000003713.631
10000004649585000004491.671
10000003718505000006201.671
10000007640986000004282.521
10000001052526600004062.501
10000006233419000007600.001
10000006215566000006420.001
10000008009280000002335.551
10000003303893000010650.001
10000004649634000004491.671
10000003622409000003833.501
10000008993178000003583.381
10000009014915000003602.021
10000009040332000006818.891
10000008955681000003745.571
10000003716145000013450.001
10000008018166000002066.831
10000007612919000003874.971
10000009869104000009860.001
10000000952312000009305.251
10000000951257000007091.781
10000000952495000006445.831
10000002284549000005859.031
10000008524353000003669.951
10000009048162000007791.671
10000004004143000006050.001
10000003328081000003628.501
10000008936938000003613.701
10000002058689000006546.671
10000006214633000005440.001
10000004962672000008845.831
10000006229583000006400.001
10000006212463000006966.671
10000009006730000003704.111
10000006214592000004600.001
10000002733033000007620.001
10000002734362000010140.001
10000003303992000004950.001
10000006755968000010372.641
10000003188774000005371.621
10000002737209000006588.291
10000009080536000003594.451
10000003468853000007791.671
10000006214732000012830.001
10000002738611000007971.531
10000009871993000002040.961
10000003217648000002753.761
10000004363193000004950.001
10000004215328000002957.551
10000002289036000009833.331
10000004649486000004950.001
10000006264133000004600.001
10000006256362000003300.001
10000003696959000004950.001
10000006264993000013500.001
10000003305691000007768.061
10000004182684000010183.471
10000003223025000008650.001
10000004507890000006433.331
10000006646787000004500.001
10000002267438000003978.331
10000003280140000004830.001
10000007632511000004211.701
10000003204182000005316.101
10000009016771000004373.151
10000003987580000012150.001
10000009029732000005940.001
10000004653346000010404.171
10000003309354000009625.001
10000006318732000003840.001
10000006211639000012370.001
10000003189128000005496.791
10000003304099000007791.671
10000006228361000005666.671
10000002734304000007747.631
10000003217151000003858.711
10000003303976000010404.171
10000006215558000006750.001
10000006213643000005920.001
10000004522541000010372.641
10000008083937000003687.351
10000000950712000008912.631
10000006215540000013600.001
10000000950994000009013.341
10000001867833000005940.001
10000001019564700004074.441
10000006214493000012370.001
10000002575386000006610.771
10000004845266000009027.781
10000003188849000005374.881
10000006214526000013020.001
10000009333191000004015.281
10000001878020000005310.001
10000004782450000006050.001
10000001023195400001910.701
10000004092312000011000.001
10000004215419000005266.671
10000001875969000011890.001
10000004144709000007279.861
10000006263987000012610.001
10000004290205000009300.691
10000009770096000007968.891
10000003344574000012329.171
10000004649501000006050.001
10000008988393000004605.741
10000003334517000003538.711
10000000952122000007754.701
10000006254530000013500.001
10000003985360000004950.001
10000006229567000005680.001
10000006229541000007140.001
10000007998541000004074.441
