AGUINALDOS 2011    0010519122011
10000003903776000736287.50
10000006265008000003671.491
10000003280439000012307.511
10000002742505000005721.011
10000006214625000006343.641
10000006228717000003161.241
10000006229335000006453.311
10000006253904000012298.381
10000006228741000006343.641
10000001515630000010574.711
10000002735592000006385.631
10000003364415000004518.951
10000004812504000003820.351
10000002386832000006303.151
10000004401547000014247.931
10000002735758000006634.741
10000003252777000007461.511
10000006265016000009823.751
10000002732689000005748.251
10000006212405000010578.751
10000006210938000010432.971
10000003279614000004957.721
10000006212538000006453.311
10000006318758000005214.641
10000000952437000005909.511
10000006586610000004004.681
10000002736011000006308.111
10000002735857000006108.981
10000006318774000010275.301
10000002738968000006142.811
10000006256130000003301.641
10000006228642000004915.991
10000002738900000006677.311
10000006830603000002271.721
10000004144741000009517.001
10000006347278000005982.101
10000002737564000004212.081
10000006255398000011155.641
10000006228973000011111.011
10000002737499000007293.091
10000006348763000004357.701
10000006211291000005294.341
10000003280281000004497.061
10000002741937000010504.011
10000002574726000005062.201
10000002736293000004913.121
10000002733869000005867.571
10000002718449000004946.591
10000000952635000007748.861
10000001431935000005894.571
10000003364506000007461.511
10000002939920000005002.441
10000003718505000005758.021
10000006233419000007110.481
10000006215566000005858.811
10000003303893000006331.001
10000003716145000012441.251
10000000952312000006417.841
10000000951257000006500.171
10000000952495000005876.901
10000002058689000006778.011
10000006214633000004915.991
10000006229583000005881.431
10000006214592000004094.761
10000002733033000007769.681
10000002734362000008901.611
10000003188774000004442.691
10000002737209000005991.581
10000006214732000011489.871
10000006255629000011244.571
10000002738611000007187.701
10000006313261000008283.011
10000006264133000004297.981
10000006256362000003798.321
10000006264993000012468.431
10000003223025000007610.311
10000002737374000004941.931
10000006646787000004175.921
10000003280140000004595.111
10000003204182000004742.941
10000004314865000009461.321
10000003987580000011083.671
10000006318732000003382.081
10000006211639000010945.681
10000003189128000004683.111
10000006228361000005323.641
10000006318766000011244.571
10000002734304000006630.651
10000006215558000006453.311
10000006213643000005490.041
10000000950712000006949.261
10000006215540000013450.001
10000000950994000007389.551
10000001867833000005098.651
10000006214493000010250.011
10000002575386000005056.171
10000003188849000004358.981
10000006214526000012728.381
10000004813065000004111.421
10000001878020000004225.501
10000001875969000010594.651
10000006263987000009578.041
10000000952122000007562.561
10000006254530000012468.431
10000006229567000005111.681
10000006229541000006556.321
