BONOS JUNIO/2016    0012715062016
10000003903776000046075.00
10000017150660000000450.001
10000003304065000000325.001
10000002643878000000225.001
10000017037040000000487.501
10000004144238000000487.501
10000002674443000000462.501
10000003280439000000360.001
10000011574452000000500.001
10000009376547000000337.501
10000002742505000000378.001
10000006214625000000462.501
10000006228741000000187.501
10000001515630000000225.001
10000009894614000000275.001
10000003364415000000288.001
10000004812504000000360.001
10000003943376000000425.001
10000019879127000000324.001
10000002735758000000324.001
10000003252777000000279.001
10000003303934000000437.501
10000002732689000000396.001
10000007558337000000360.001
10000007820330000000425.001
10000008992691000000175.001
10000007739078000000500.001
10000003279614000000450.001
10000006318758000000500.001
10000004645830000000400.001
10000006586610000000072.001
10000002736011000000216.001
10000002738968000000306.001
10000017171103000000351.001
10000002738900000000324.001
10000006830603000000350.001
10000009024980000000378.001
10000006347278000000475.001
10000018921466000000306.001
10000002737564000000252.001
10000006255398000000500.001
10000006228973000000412.501
10000009922465000000342.001
10000002737499000000288.001
10000009015939000000315.001
10000006211291000000312.501
10000003280281000000351.001
10000010709456000000500.001
10000002741937000000275.001
10000010193013000000342.001
10000006983197000000425.001
10000003999197000000351.001
10000008990091000000450.001
10000002736293000000351.001
10000002733869000000450.001
10000019339501000000360.001
10000018737160000000324.001
10000002939920000000360.001
10000009871539000000333.001
10000015442803000000378.001
10000015443257000000468.001
10000006215566000000350.001
10000004649634000000500.001
10000008993178000000378.001
10000003304247000000412.501
10000000952495000000500.001
10000002284549000000333.001
10000009048162000000462.501
10000003328081000000287.501
10000003304073000000375.001
10000006214633000000437.501
10000006229583000000375.001
10000006212463000000288.001
10000009006730000000180.001
10000015668095000000350.001
10000002733033000000425.001
10000002734362000000306.001
10000003188774000000288.001
10000002737209000000450.001
10000003468853000000475.001
10000002738611000000054.001
10000018056669000000036.001
10000002289036000000362.501
10000004649486000000487.501
10000006264133000000487.501
10000006256362000000175.001
10000017715084000000324.001
10000018179362000000351.001
10000003696959000000450.001
10000017707388000000333.001
10000006264993000000207.001
10000003223025000000425.001
10000015482817000000486.001
10000003984445000000250.001
10000006646787000000252.001
10000004143503000000500.001
10000003280140000000333.001
10000003204182000000333.001
10000009016771000000504.001
10000009029732000000360.001
10000004653346000000362.501
10000010983498000000312.501
10000006318732000000360.001
10000014224559000000275.001
10000003189128000000324.001
10000003304099000000450.001
10000006228361000000462.501
10000002734304000000315.001
10000006213643000000450.001
10000004522541000000325.001
10000004222349000000126.001
10000015444370000000450.001
10000006214493000000450.001
10000004451724000000487.501
10000004845266000000500.001
10000003188849000000315.001
10000006214526000000250.001
10000009333191000000425.001
10000001878020000000500.001
10000011410482000000300.001
10000010231954000000252.001
10000004092312000000425.001
10000004215419000000387.501
10000006263987000000375.001
10000009770096000000462.501
10000006229559000000200.001
10000006229567000000462.501
10000006229541000000462.501
