BONOS FEBRERO/2015    0011524032015
10000003903776000030183.1800000000000000
10000017150660000000328.861
10000016735380000000281.881
10000010474877000000234.901
10000006374396000000315.001
10000016222428000000324.001
10000017037040000000280.561
10000013331222000000281.881
10000018312764000000250.561
10000011574452000000281.881
10000015856640000000219.241
10000011049249000000324.001
10000004649428000000274.051
10000004004218000000216.001
10000011036072000000323.881
10000004646755000000266.221
10000015052975000000324.001
10000013756701000000281.881
10000016714540000000315.001
10000011049083000000306.001
10000012192055000000209.921
10000012270041000000172.261
10000015463172000000093.961
10000018061626000000306.001
10000013534644000000281.881
10000017611167000000046.981
10000004284943000000153.001
10000004144551000000274.051
10000014317809000000323.881
10000017171103000000342.001
10000010973936000000315.001
10000009024980000000360.001
10000003644297000000306.001
10000013535361000000281.881
10000013350206000000258.391
10000013979163000000250.561
10000013488908000000324.001
10000010556485000000234.901
10000017657161000000308.051
10000003165657000000281.881
10000004989840000000266.221
10000015668136000000261.001
10000010704422000000219.241
10000007704146000000234.001
10000011349657000000324.001
10000017520714000000323.881
10000010208664000000117.451
10000015442803000000281.881
10000017230446000000274.051
10000006214568000000306.001
10000010408040000000306.001
10000004807232000000180.001
10000015443257000000344.521
10000004284373000000108.001
10000014234079000000266.221
10000017693800000000306.001
10000015695212000000231.581
10000012165292000000135.001
10000014023208000000323.881
10000012121723000000306.001
10000004649569000000162.001
10000016702016000000281.881
10000015668095000000250.241
10000002745468000000203.581
10000010648034000000180.001
10000014854231000000144.001
10000006427343000000266.221
10000013491274000000252.001
10000014480078000000306.001
10000011072406000000252.001
10000014617233000000315.001
10000016166973000000281.881
10000017715084000000306.001
10000018179362000000324.001
10000015464104000000281.881
10000016763943000000324.001
10000017707388000000306.001
10000003980196000000125.281
10000010489280000000054.001
10000010705553000000207.001
10000015444586000000270.001
10000015667823000000315.001
10000015482817000000328.861
10000003984445000000234.001
10000014798372000000281.881
10000017599652000000306.001
10000007212248000000234.001
10000012791443000000274.051
10000011049778000000306.001
10000003702780000000216.001
10000015551521000000306.001
10000014005165000000054.001
10000011063637000000258.391
10000004302349000000203.581
10000004649600000000288.001
10000005703984000000305.221
10000003671620000000288.001
10000004661620000000187.921
10000017334644000000324.001
10000015404936000000281.881
10000018416243000000203.581
10000010672405000000274.051
10000015444370000000328.861
10000004921496000000315.001
10000003996086000000216.001
10000015473874000000306.001
10000014143999000000281.881
10000011410482000000200.091
10000012665127000000187.921
10000003718208000000324.001
10000015470044000000314.881
10000011651771000000323.881
10000010485402000000216.001
10000006531780000000288.001
10000011579121000000324.001
10000008237542000000324.001
