BONOS JUNIO/2015    0002417072015
10000004410085000006562.00000000000000000000
10000006423408000000369.001
10000010905814000000359.001
10000006615138000000351.001
10000010999601000000016.001
10000012084046000000378.001
10000013406736000000251.001
10000013947681000000369.001
10000009792652000000378.001
10000010960975000000016.001
10000010207640000000360.001
10000007636365000000329.001
10000008759140000000360.001
10000004988678000000378.001
10000015761469000000266.001
10000004646268000000369.001
10000003335523000000047.001
10000010930390000000149.001
10000007687772000000360.001
10000017594793000000288.001
10000008103339000000369.001
10000006229533000000078.001
10000016497716000000305.001
10000006211986000000378.001
10000004645781000000039.001
