BONOS ABRIL/2016    0014217052016
10000003903776000040991.0000000000000000
10000016735380000000329.001
10000019990999000000078.001
10000016222428000000360.001
10000009803540000000125.001
10000007821544000000329.001
10000011049249000000378.001
10000004649428000000378.001
10000018539962000000157.001
10000011036072000000351.001
10000016304812000000141.001
10000020100892000000099.001
10000004646755000000252.001
10000015052975000000378.001
10000013756701000000329.001
10000019158696000000369.001
10000010705727000000298.001
10000020085862000000351.001
10000016714540000000369.001
10000011049083000000378.001
10000021010537000000216.001
10000012192055000000244.001
10000003964190000000373.001
10000012270041000000172.001
10000015463172000000117.001
10000018061626000000378.001
10000018733697000000313.001
10000004284943000000153.001
10000021452565000000180.001
10000004144551000000329.001
10000014317809000000360.001
10000015621316000000266.001
10000011072331000000234.001
10000004653049000000360.001
10000010973936000000333.001
10000019892400000000234.001
10000013535361000000329.001
10000019116884000000219.001
10000020967440000000450.001
10000013979163000000329.001
10000018527909000000360.001
10000020786824000000342.001
10000019340219000000321.001
10000013488908000000360.001
10000021472919000000090.001
10000002993562000000324.001
10000017657161000000369.001
10000003165657000000378.001
10000013947681000000321.001
10000010704422000000235.001
10000007704146000000342.001
10000011349657000000378.001
10000020101212000000108.001
10000019241342000000313.001
10000016998392000000321.001
10000018880745000000378.001
10000021157157000000251.001
10000021239012000000378.001
10000007033173000000342.001
10000017520714000000378.001
10000007446574000000329.001
10000020129587000000288.001
10000010208664000000141.001
10000016990653000000329.001
10000020108961000000321.001
10000017230446000000270.001
10000006214568000000282.001
10000010408040000000282.001
10000004807232000000279.001
10000004284373000000279.001
10000003716145000000298.001
10000019479183000000329.001
10000020109315000000321.001
10000006531152000000172.001
10000010658752000000235.001
10000017693800000000351.001
10000015695212000000160.001
10000012165292000000313.001
10000005878076000000031.001
10000014023208000000360.001
10000004649569000000282.001
10000016702016000000313.001
10000020088650000000313.001
10000014854231000000274.001
10000006427343000000188.001
10000013491274000000342.001
10000014480078000000369.001
10000011072406000000360.001
10000010644818000000313.001
10000014617233000000378.001
10000020203167000000329.001
10000013532820000000288.001
10000003335523000000378.001
10000015464104000000360.001
10000019258149000000329.001
10000016763943000000378.001
10000003980196000000157.001
10000019319438000000235.001
10000010489280000000342.001
10000021037945000000329.001
10000010705553000000023.001
10000018430996000000341.001
10000015444586000000219.001
10000004807761000000144.001
10000007687772000000324.001
10000015667823000000329.001
10000004869563000000219.001
10000021178525000000360.001
10000018583084000000282.001
10000014798372000000329.001
10000007212248000000243.001
10000019795571000000329.001
10000012791443000000266.001
10000011059735000000094.001
10000015551521000000268.001
10000004302349000000251.001
10000019909461000000360.001
10000019299086000000252.001
10000004649600000000378.001
10000005647223000000333.001
10000018428751000000378.001
10000015404936000000378.001
10000017000956000000306.001
10000018083654000000180.001
10000018965406000000235.001
10000018416243000000329.001
10000010672405000000369.001
10000004146086000000360.001
10000004921496000000369.001
10000000951330000000219.001
10000003996086000000270.001
10000020604258000000378.001
10000011049166000000321.001
10000020967341000000378.001
10000021237115000000172.001
10000016992336000000378.001
10000012665127000000108.001
10000011651771000000369.001
10000011055725000000031.001
10000020745698000000378.001
10000004318403000000252.001
10000019059993000000157.001
10000011579121000000378.001
