BONOS ENERO/2016    0010819012016
10000003903776000042973.00
10000003304065000000450.001
10000002643878000000375.001
10000004144238000000537.501
10000002674443000000512.501
10000003280439000000378.001
10000009376547000000425.001
10000002742505000000216.001
10000006214625000000412.501
10000006228741000000500.001
10000001515630000000525.001
10000003364415000000360.001
10000004812504000000243.001
10000003943376000000412.501
10000002735758000000387.001
10000003252777000000324.001
10000003303934000000525.001
10000002732689000000468.001
10000007558337000000288.001
10000007820330000000437.501
10000008992691000000312.501
10000007739078000000450.001
10000003279614000000468.001
10000006318758000000512.501
10000004645830000000487.501
10000006586610000000252.001
10000002736011000000378.001
10000002738968000000315.001
10000002738900000000180.001
10000006830603000000337.501
10000006347278000000500.001
10000002737564000000324.001
10000006255398000000250.001
10000006228973000000500.001
10000009922465000000288.001
10000002737499000000243.001
10000009015939000000189.001
10000006211291000000350.001
10000003280281000000378.001
10000010709456000000487.501
10000002741937000000425.001
10000010193013000000369.001
10000006983197000000437.501
10000003999197000000525.001
10000008990091000000512.501
10000002736293000000369.001
10000002733869000000468.001
10000002939920000000396.001
10000009871539000000396.001
10000003718505000000462.501
10000006233419000000525.001
10000006215566000000425.001
10000004649634000000362.501
10000008993178000000396.001
10000003304247000000387.501
10000000952495000000550.001
10000002284549000000324.001
10000009048162000000400.001
10000003328081000000262.501
10000003304073000000475.001
10000006214633000000425.001
10000006229583000000450.001
10000006212463000000252.001
10000009006730000000396.001
10000002733033000000450.001
10000002734362000000396.001
10000003188774000000405.001
10000002737209000000450.001
10000003468853000000500.001
10000002738611000000450.001
10000018056669000000216.001
10000002289036000000462.501
10000004649486000000525.001
10000006264133000000537.501
10000006256362000000200.001
10000003696959000000500.001
10000006264993000000234.001
10000003223025000000200.001
10000006646787000000144.001
10000004143503000000525.001
10000003280140000000396.001
10000003204182000000396.001
10000009016771000000450.001
10000009029732000000342.001
10000004653346000000400.001
10000010983498000000462.501
10000006318732000000243.001
10000014224559000000362.501
10000003189128000000360.001
10000003304099000000362.501
10000006228361000000525.001
10000002734304000000342.001
10000006213643000000437.501
10000004522541000000279.001
10000000950994000000675.001
10000006214493000000525.001
10000004451724000000550.001
10000004845266000000500.001
10000003188849000000387.001
10000006214526000000350.001
10000009333191000000550.001
10000010231954000000288.001
10000004092312000000262.501
10000004215419000000437.501
10000006263987000000425.001
10000009770096000000525.001
10000006229559000000225.001
10000006229567000000550.001
10000006229541000000200.001
