BONOS SEPTIEMBRE/2014    0002116102014
10000013881102000005119.0700000000000000
10000015614006000000270.001
10000016513801000000125.281
10000016676972000000078.301
10000013071109000000140.941
10000009542015000000054.811
10000002902505000000378.001
10000003311375000000342.001
10000011353046000000360.001
10000016075588000000219.241
10000010644818000000355.201
10000003999048000000109.621
10000004452839000000365.031
10000005003673000000250.561
10000015426914000000258.391
10000011054173000000328.861
10000015473171000000360.001
10000013917808000000378.001
10000007738947000000369.001
10000014315514000000109.621
10000017011846000000156.601
10000017149233000000109.621
