BONOS JUNIO/2015    0013817072015
10000003903776000042418.0000000000000000
10000017150660000000125.001
10000016735380000000298.001
10000010474877000000266.001
10000006374396000000369.001
10000018859914000000372.001
10000016222428000000377.001
10000017037040000000351.001
10000013331222000000329.001
10000011574452000000378.001
10000018428983000000329.001
10000007821544000000125.001
10000011049249000000378.001
10000004649428000000369.001
10000018539962000000110.001
10000004004218000000255.001
10000011036072000000369.001
10000009894614000000298.001
10000016304812000000324.001
10000004646755000000297.001
10000015052975000000288.001
10000013756701000000329.001
10000019158696000000189.001
10000010705727000000204.001
10000016714540000000378.001
10000011049083000000378.001
10000012192055000000235.001
10000012270041000000086.001
10000015463172000000078.001
10000018061626000000378.001
10000013534644000000329.001
10000018733697000000251.001
10000004284943000000108.001
10000004144551000000329.001
10000014317809000000378.001
10000015621316000000235.001
10000017171103000000360.001
10000010391972000000329.001
10000010973936000000378.001
10000009024980000000324.001
10000013535361000000227.001
10000013350206000000324.001
10000018921466000000378.001
10000019116884000000144.001
10000013979163000000219.001
10000018527909000000357.001
10000013488908000000378.001
10000017657161000000378.001
10000003165657000000378.001
10000004989840000000282.001
10000010704422000000243.001
10000007704146000000333.001
10000011349657000000378.001
10000019241342000000094.001
10000018880745000000378.001
10000018737160000000378.001
10000017520714000000378.001
10000010208664000000094.001
10000016990653000000378.001
10000015442803000000360.001
10000017230446000000378.001
10000006214568000000342.001
10000010408040000000243.001
10000004807232000000279.001
10000015443257000000407.001
10000004284373000000180.001
10000018850326000000369.001
10000014234079000000378.001
10000010658752000000063.001
10000017693800000000360.001
10000015695212000000288.001
10000012165292000000329.001
10000012121723000000369.001
10000004649569000000235.001
10000016702016000000378.001
10000015668095000000270.001
10000010648034000000324.001
10000014854231000000360.001
10000006427343000000110.001
10000013491274000000369.001
10000014480078000000378.001
10000019104186000000216.001
10000011072406000000360.001
10000014617233000000378.001
10000016166973000000329.001
10000013532820000000378.001
10000017715084000000378.001
10000018179362000000360.001
10000015464104000000378.001
10000016763943000000369.001
10000017707388000000360.001
10000003980196000000107.001
10000010705553000000306.001
10000018430996000000378.001
10000015444586000000270.001
10000015667823000000378.001
10000015482817000000423.001
10000003984445000000219.001
10000004620353000000329.001
10000004869563000000126.001
10000018700315000000378.001
10000014798372000000329.001
10000007212248000000369.001
10000018897592000000378.001
10000005689134000000313.001
10000012791443000000313.001
10000013894303000000198.001
10000011049778000000378.001
10000003702780000000216.001
10000015551521000000234.001
10000011063637000000274.001
10000004302349000000324.001
10000004649600000000288.001
10000005703984000000266.001
10000004222349000000108.001
10000004661620000000329.001
10000018428751000000378.001
10000017334644000000324.001
10000015404936000000369.001
10000018965406000000288.001
10000018416243000000360.001
10000010672405000000369.001
10000015444370000000423.001
10000004921496000000378.001
10000003996086000000266.001
10000011049166000000305.001
10000014143999000000378.001
10000016992336000000369.001
10000011410482000000298.001
10000017678406000000378.001
10000003718208000000378.001
10000015470044000000378.001
10000011651771000000369.001
10000010485402000000378.001
10000004318403000000399.001
10000006531780000000117.001
10000019059993000000252.001
10000011579121000000378.001
10000008237542000000378.001
