BONOS MAYO/2015    0012822062015
10000003903776000038982.00000000000000000000
10000017150660000000407.001
10000016735380000000341.001
10000010474877000000274.001
10000006374396000000360.001
10000018859914000000351.001
10000016222428000000333.001
10000017037040000000351.001
10000013331222000000298.001
10000011574452000000360.001
10000018428983000000360.001
10000011049249000000333.001
10000004649428000000342.001
10000018539962000000266.001
10000004004218000000291.001
10000011036072000000333.001
10000009894614000000063.001
10000016304812000000270.001
10000004646755000000261.001
10000015052975000000333.001
10000013756701000000360.001
10000010705727000000219.001
10000016714540000000351.001
10000011049083000000342.001
10000012192055000000270.001
10000012270041000000110.001
10000015463172000000172.001
10000018061626000000351.001
10000013534644000000298.001
10000018733697000000266.001
10000004284943000000144.001
10000004144551000000313.001
10000014317809000000333.001
10000015621316000000298.001
10000017171103000000279.001
10000010391972000000298.001
10000010973936000000342.001
10000009024980000000315.001
10000013535361000000235.001
10000013350206000000333.001
10000018921466000000216.001
10000013979163000000298.001
10000018527909000000351.001
10000013488908000000333.001
10000017657161000000351.001
10000003165657000000333.001
10000004989840000000282.001
10000010704422000000235.001
10000007704146000000219.001
10000011349657000000342.001
10000018880745000000262.001
10000018737160000000351.001
10000017520714000000267.001
10000010208664000000235.001
10000016990653000000333.001
10000015442803000000313.001
10000017230446000000288.001
10000006214568000000360.001
10000010408040000000298.001
10000004807232000000140.001
10000015443257000000376.001
10000004284373000000188.001
10000018850326000000414.001
10000014234079000000360.001
10000010658752000000313.001
10000017693800000000333.001
10000015695212000000234.001
10000012165292000000251.001
10000012121723000000351.001
10000004649569000000251.001
10000016702016000000333.001
10000015668095000000268.001
10000010648034000000324.001
10000014854231000000342.001
10000006427343000000204.001
10000013491274000000324.001
10000014480078000000324.001
10000011072406000000342.001
10000014617233000000342.001
10000016166973000000282.001
10000013532820000000351.001
10000017715084000000243.001
10000018179362000000333.001
10000015464104000000333.001
10000016763943000000342.001
10000017707388000000243.001
10000003980196000000342.001
10000010705553000000180.001
10000018430996000000351.001
10000015444586000000342.001
10000015667823000000270.001
10000015482817000000391.001
10000003984445000000270.001
10000004620353000000360.001
10000018700315000000360.001
10000014798372000000351.001
10000007212248000000218.001
10000018897592000000342.001
10000012791443000000274.001
10000011049778000000342.001
10000003702780000000234.001
10000015551521000000360.001
10000011063637000000251.001
10000004302349000000315.001
10000004649600000000342.001
10000005703984000000360.001
10000004222349000000315.001
10000004661620000000274.001
10000018428751000000351.001
10000017334644000000297.001
10000015404936000000342.001
10000018965406000000219.001
10000018416243000000298.001
10000010672405000000324.001
10000015444370000000376.001
10000004921496000000333.001
10000003996086000000360.001
10000011049166000000305.001
10000014143999000000360.001
10000016992336000000360.001
10000011410482000000172.001
10000017678406000000355.001
10000003718208000000351.001
10000015470044000000360.001
10000011651771000000342.001
10000010485402000000252.001
10000006531780000000315.001
10000011579121000000360.001
10000008237542000000342.001
