BONOS ENERO/2016    0011218022016
10000003903776000021019.0000000000000000
10000016735380000000172.001
10000016222428000000198.001
10000013331222000000172.001
10000007821544000000094.001
10000011049249000000298.001
10000004649428000000298.001
10000018539962000000251.001
10000011036072000000324.001
10000009894614000000180.001
10000016304812000000162.001
10000004646755000000016.001
10000015052975000000219.001
10000013756701000000282.001
10000019158696000000125.001
10000010705727000000141.001
10000020085862000000198.001
10000016714540000000324.001
10000011049083000000298.001
10000012270041000000251.001
10000018061626000000198.001
10000013534644000000125.001
10000018733697000000047.001
10000004144551000000235.001
10000014317809000000288.001
10000015621316000000172.001
10000011072331000000090.001
10000004653049000000179.001
10000010973936000000251.001
10000019892400000000054.001
10000013535361000000266.001
10000019116884000000078.001
10000011069312000000171.001
10000020967440000000090.001
10000013979163000000172.001
10000018527909000000162.001
10000020786824000000180.001
10000019340219000000063.001
10000013488908000000219.001
10000002993562000000162.001
10000017657161000000125.001
10000003165657000000251.001
10000013947681000000251.001
10000010704422000000235.001
10000007704146000000290.001
10000011349657000000219.001
10000020101212000000162.001
10000016998392000000016.001
10000018880745000000102.001
10000007033173000000078.001
10000017520714000000072.001
10000007446574000000047.001
10000016990653000000188.001
10000020108961000000172.001
10000017230446000000252.001
10000006214568000000219.001
10000010408040000000172.001
10000004807232000000252.001
10000018850326000000179.001
10000019479183000000219.001
10000020109315000000188.001
10000006531152000000047.001
10000010658752000000063.001
10000017693800000000342.001
10000012165292000000282.001
10000014023208000000162.001
10000016702016000000298.001
10000020088650000000298.001
10000014854231000000342.001
10000006427343000000094.001
10000013491274000000198.001
10000014480078000000288.001
10000011072406000000252.001
10000014617233000000157.001
10000020203167000000094.001
10000013532820000000298.001
10000003335523000000162.001
10000015464104000000188.001
10000016763943000000219.001
10000010489280000000252.001
10000010705553000000157.001
10000018430996000000204.001
10000007687772000000234.001
10000015667823000000219.001
10000004869563000000219.001
10000014798372000000298.001
10000007212248000000180.001
10000019795571000000141.001
10000012791443000000188.001
10000011059735000000141.001
10000015551521000000298.001
10000004302349000000094.001
10000019909461000000162.001
10000019299086000000110.001
10000004649600000000125.001
10000018428751000000188.001
10000015404936000000325.001
10000017000956000000141.001
10000018965406000000110.001
10000018416243000000172.001
10000010672405000000342.001
10000004146086000000108.001
10000004921496000000298.001
10000000951330000000016.001
10000020604258000000090.001
10000011049166000000172.001
10000020967341000000090.001
10000016992336000000216.001
10000012665127000000172.001
10000011651771000000282.001
10000020745698000000047.001
10000019059993000000252.001
10000011579121000000298.001
