REMUNERACIONES ENERO/2016    0014329012016
10000003903776001133081.47000000000000000000
10000017150660000001462.691
10000003304065000009261.621
10000006374396000004050.261
10000002643878000010438.421
10000017037040000002474.961
10000004144238000002667.591
10000002674443000012658.231
10000003280439000012262.531
10000011574452000004050.261
10000009376547000012947.441
10000002742505000005662.071
10000006214625000011850.981
10000006228741000006166.481
10000001515630000013374.371
10000003364415000003331.791
10000004812504000012703.591
10000003943376000008576.871
10000003730153000016713.621
10000019879127000001484.971
10000002735758000006484.741
10000003252777000010538.701
10000003303934000007791.631
10000002732689000006067.251
10000007558337000008279.091
10000007820330000006966.041
10000008992691000006972.221
10000007739078000003253.011
10000003279614000006357.651
10000006318758000010164.801
10000004645830000009561.721
10000006586610000004514.491
10000002736011000005755.661
10000002738968000004372.861
10000017171103000001755.241
10000002738900000007894.051
10000006830603000007464.931
10000009024980000001484.971
10000006347278000006407.721
10000018921466000001484.971
10000002737564000003747.981
10000006255398000012912.321
10000006228973000008884.101
10000009922465000008512.271
10000002737499000006374.581
10000009015939000003872.321
10000006211291000008000.861
10000003280281000003180.671
10000010709456000005134.211
10000002741937000009010.651
10000010193013000009721.261
10000006983197000002283.981
10000003999197000010117.091
10000008990091000005408.711
10000002736293000004842.521
10000002733869000007985.741
10000019339501000001484.971
10000018737160000002205.301
10000002939920000003814.691
10000009871539000006717.151
10000003718505000006847.841
10000015442803000001053.141
10000010525266000022052.381
10000015443257000001462.691
10000006233419000005703.331
10000006215566000007591.691
10000004649634000004711.531
10000008993178000004989.041
10000003304247000012295.281
10000000952495000006518.361
10000002284549000014054.941
10000009048162000012281.941
10000003328081000002052.911
10000003304073000014336.551
10000006214633000003091.121
10000016210564000028963.641
10000006229583000005030.961
10000006212463000008174.921
10000009006730000005540.721
10000006082634000010455.091
10000015668095000002475.251
10000002733033000003735.231
10000002734362000008565.471
10000003188774000003411.861
10000002737209000003850.851
10000003468853000006705.591
10000006214732000028266.791
10000002738611000008941.871
10000018056669000013303.471
10000004913279000029773.511
10000002289036000011870.241
10000004649486000003872.161
10000006264133000004154.491
10000006256362000003092.011
10000017715084000001484.971
10000018179362000004575.741
10000003696959000006234.011
10000017707388000001484.971
10000006264993000013458.721
10000003223025000006575.171
10000015482817000001462.691
10000003984445000009781.531
10000006646787000003835.411
10000004143503000005841.181
10000018187084000021850.451
10000003280140000005188.391
10000003204182000004113.171
10000018130041000017435.001
10000009016771000002964.681
10000003987580000014253.321
10000009029732000005917.891
10000004653346000009773.291
10000010983498000002858.241
10000006318732000003456.821
10000006211639000011269.091
10000014224559000015000.191
10000003189128000005664.541
10000003304099000009220.441
10000017304994000020651.771
10000006228361000006821.881
10000002734304000004511.191
10000006213643000004214.141
10000004522541000012282.941
10000004222349000001484.971
10000006215540000026838.281
10000000950994000008875.961
10000015444370000000877.611
10000006214493000008869.601
10000004451724000003607.571
10000004845266000014240.751
10000003188849000003774.381
10000009527471000032730.501
10000006214526000007997.071
10000009333191000005334.731
10000001878020000002930.981
10000011410482000003187.831
10000010231954000003967.671
10000004092312000012484.101
10000004215419000012921.631
10000006263987000006635.871
10000009770096000015087.741
10000006229559000008368.061
10000006229567000005448.791
10000006229541000006086.851
