BONOS SEPTIEMBRE/2016    0001714102016
10000004410085000004372.0000000000000000
10000002288955000000207.001
10000006423408000000360.001
10000010905814000000342.001
10000011095648000000141.001
10000010999601000000054.001
10000020480757000000110.001
10000012084046000000360.001
10000010960975000000110.001
10000010207640000000360.001
10000013878985000000198.001
10000010930390000000243.001
10000008103339000000360.001
10000002281082000000360.001
10000020536229000000329.001
10000020511586000000337.001
10000006211986000000313.001
10000004645781000000188.001
