BONOS NOVIEMBRE/2014    0003211122014
10000004410085000008301.2500000000000000
10000006423408000000306.001
10000010905814000000315.001
10000004649593000000324.001
10000010999601000000093.961
10000012084046000000342.001
10000007085405000000144.001
10000004649452000000342.001
10000017852795000000172.261
10000014016435000000342.001
10000009761029000000219.241
10000013406736000000281.881
10000014314285000000125.281
10000009792652000000342.001
10000010960975000000108.001
10000010207640000000322.881
10000007636365000000342.001
10000006214568000000342.001
10000008759140000000324.001
10000013878985000000054.001
10000004988678000000342.001
10000015761469000000341.541
10000004646268000000303.221
10000003335523000000071.641
10000007687772000000252.001
10000017594793000000342.001
10000008103339000000338.541
10000015212256000000234.901
10000006229533000000109.621
10000016497716000000289.711
10000006211986000000333.001
10000010232621000000297.001
10000004645781000000203.581
