REMUNERACIONES JULIO/2015    0013831072015
10000003903776001734573.84000000000000000000
10000003304065000013587.771
10000004646234000006244.711
10000002643878000014181.161
10000004144238000005906.921
10000002674443000017576.291
10000003280439000018167.951
10000009376547000018144.001
10000002742505000009316.441
10000006214625000017482.681
10000006228741000010352.471
10000001515630000019358.901
10000002735592000009581.981
10000004144189000016491.901
10000003364415000005932.031
10000004812504000019829.841
10000003943376000012684.361
10000003730153000015489.741
10000002735758000009568.881
10000003252777000015353.701
10000003303934000011565.141
10000002732689000008839.371
10000007558337000012464.741
10000007820330000012866.991
10000008992691000010139.181
10000007739078000006065.961
10000003279614000008653.701
10000006318758000015882.971
10000004645830000013917.611
10000006586610000006511.661
10000002736011000008018.841
10000004182808000020612.881
10000002738968000006779.371
10000002738900000011361.431
10000006830603000014645.411
10000006347278000008998.331
10000002737564000006350.811
10000006255398000019640.771
10000006228973000015011.961
10000006782614000011216.841
10000009922465000012477.401
10000014024272000020703.501
10000006532986000017352.651
10000002737499000010001.271
10000009015939000006608.741
10000006211291000011906.301
10000003280281000006636.521
10000010709456000008111.801
10000002741937000014175.201
10000010193013000014381.341
10000006983197000005704.811
10000003999197000013140.131
10000008990091000007923.261
10000002736293000008426.371
10000002733869000011485.701
10000003978084000008906.951
10000002939920000006810.051
10000009871539000010002.761
10000003693426000007698.051
10000003718505000009467.441
10000010525266000021118.661
10000006233419000011825.661
10000006215566000010846.991
10000004649634000007580.921
10000008993178000007225.041
10000003304247000017657.761
10000000952495000008962.271
10000002284549000020633.141
10000009048162000017822.661
10000003328081000004319.911
10000003304073000020524.771
10000006214633000005783.861
10000016210564000028924.741
10000006229583000007434.991
10000006212463000012005.931
10000009006730000008362.711
10000002733033000008639.401
10000002734362000013123.481
10000010647028000018627.131
10000006755968000017680.851
10000003188774000005857.541
10000002737209000007634.231
10000003468853000011266.771
10000006214732000027932.811
10000002738611000012648.441
10000003980047000010435.321
10000018056669000013246.541
10000004913279000029743.861
10000002289036000021648.311
10000004649486000007290.831
10000006264133000007066.741
10000006256362000005026.901
10000003696959000010632.971
10000006264993000019842.001
10000004645971000014217.731
10000003223025000011029.061
10000006646787000005797.861
10000004143503000008567.561
10000018187084000020904.311
10000003280140000008408.321
10000003204182000006475.911
10000018130041000015746.801
10000009016771000005504.221
10000003987580000013802.941
10000009029732000009343.481
10000004653346000015196.331
10000010983498000004769.891
10000006318732000005094.221
10000006211639000015256.591
10000014224559000021672.271
10000003189128000008115.881
10000003304099000013169.361
10000017304994000019558.091
10000006228361000009871.821
10000002734304000008037.221
10000006215558000018066.491
10000006213643000006653.511
10000004522541000017941.001
10000006215540000026270.381
10000000950994000009439.971
10000006214493000013633.791
10000004451724000009916.331
10000004845266000020679.951
10000003188849000006964.251
10000009527471000031752.891
10000006214526000014415.621
10000009333191000007808.441
10000001878020000004853.971
10000004782450000010643.331
10000010231954000006201.731
10000004092312000018179.931
10000004215419000018411.131
10000006263987000011260.791
10000009770096000021800.631
10000006229559000011277.561
10000006254530000019672.661
10000003985360000013988.711
10000006229567000007759.681
10000006229541000010351.191
