REMUNERACIONES DICIEMBRE/2014    0003023122014
10000012028903000150523.5800000000000000
10000015870997000003123.901
10000004649618000007548.001
10000011169071000003207.601
10000003979371000005086.801
10000004616766000005746.201
10000011664477000004795.201
10000010472657000005248.801
10000013053660000007548.001
10000013225821000003551.101
10000004530156000006672.601
10000010676506000002930.401
10000007033173000005682.601
10000013097759000005187.601
10000004144072000007683.601
10000003422982000006681.381
10000006751734000004498.951
10000003978589000006634.801
10000012339251000004351.201
10000013968421000004098.451
10000002273120000006475.201
10000010930390000002930.401
10000011631658000006748.801
10000003304859000006494.401
10000004143800000006672.601
10000003622293000002930.401
10000017012472000002559.601
10000004653180000005266.801
10000005439133000002930.401
10000017713773000001555.201
10000011104762000005682.601
