BONOS SEPTIEMBRE/2014    0003016102014
10000004410085000009149.0200000000000000
10000006423408000000369.001
10000010905814000000372.861
10000004649593000000375.861
10000010999601000000144.001
10000012084046000000378.001
10000007085405000000360.001
10000004649452000000315.001
10000014016435000000342.001
10000009761029000000297.541
10000013406736000000266.221
10000009792652000000378.001
10000010960975000000015.661
10000010207640000000378.001
10000007636365000000378.001
10000006214568000000369.001
10000008759140000000369.001
10000013878985000000034.321
10000004988678000000378.001
10000015761469000000369.001
10000004646268000000342.001
10000003335523000000054.001
10000013907643000000140.941
10000007687772000000360.001
10000008103339000000324.001
10000015212256000000368.861
10000006229533000000288.001
10000016497716000000356.031
10000006211986000000369.001
10000010232621000000378.001
10000004645781000000278.731
