REMUNERACIONES FEBRERO/2016    0014429022016
10000003903776001218524.93000000000000000000
10000017150660000005341.551
10000003304065000009626.021
10000006374396000006017.381
10000002643878000010396.271
10000017037040000003712.431
10000004144238000002715.071
10000002674443000012599.391
10000003280439000012275.511
10000011574452000006075.381
10000009376547000012944.341
10000002742505000007026.211
10000006214625000011823.551
10000006228741000006244.271
10000001515630000013375.671
10000009894614000008550.931
10000003364415000004539.521
10000004812504000012701.281
10000003943376000008918.341
10000003730153000016477.591
10000019879127000004454.931
10000002735758000006776.091
10000003252777000010552.011
10000003303934000007786.841
10000002732689000006437.861
10000007558337000008234.441
10000007820330000006964.561
10000008992691000007075.321
10000007739078000003288.081
10000003279614000005831.581
10000006318758000010165.471
10000004645830000009694.771
10000006586610000004514.491
10000002736011000006076.361
10000002738968000004239.111
10000017171103000005265.691
10000002738900000007850.991
10000006830603000008211.171
10000009024980000004454.931
10000006347278000006405.521
10000018921466000004454.931
10000002737564000003753.011
10000006255398000012460.691
10000006228973000009179.391
10000009922465000008512.271
10000002737499000006017.981
10000009015939000004861.401
10000006211291000008035.811
10000003280281000003330.131
10000010709456000005219.861
10000002741937000009041.851
10000010193013000009649.051
10000006983197000002299.591
10000003999197000010114.441
10000008990091000005512.281
10000002736293000004824.481
10000002733869000007046.061
10000019339501000004454.931
10000018737160000006615.881
10000002939920000003828.131
10000009871539000006714.601
10000003718505000006846.941
10000015442803000004241.841
10000010525266000022052.381
10000015443257000005375.391
10000006233419000005951.481
10000006215566000007615.451
10000004649634000004724.851
10000008993178000005993.281
10000003304247000012293.551
10000000952495000006518.361
10000002284549000014145.971
10000009048162000012282.241
10000003328081000002109.891
10000003304073000014122.861
10000006214633000003120.141
10000016210564000028993.151
10000006229583000005141.561
10000006212463000008171.521
10000009006730000007076.411
10000006082634000011357.361
10000015668095000007425.751
10000002733033000003574.061
10000002734362000008572.801
10000003188774000004905.101
10000002737209000004082.211
10000003468853000006379.391
10000006214732000028432.261
10000002738611000009074.491
10000018056669000013347.251
10000004913279000026783.111
10000002289036000011880.471
10000004649486000003912.091
10000006264133000004236.441
10000006256362000003093.351
10000017715084000004454.931
10000018179362000006863.601
10000003696959000006409.611
10000017707388000004454.931
10000003980196000005346.541
10000006264993000013478.521
10000003223025000006838.231
10000015482817000005447.611
10000003984445000015090.091
10000006646787000003868.641
10000004143503000005844.081
10000018187084000021850.451
10000003280140000005187.811
10000003204182000004125.861
10000018130041000017460.151
10000009016771000003104.731
10000003987580000014485.871
10000009029732000005934.471
10000004653346000009927.061
10000010983498000002879.861
10000006318732000003468.011
10000006211639000011639.331
10000014224559000015290.641
10000003189128000005737.481
10000003304099000009151.891
10000017304994000020773.571
10000006228361000006798.951
10000002734304000004670.871
10000006213643000004212.571
10000004522541000012280.841
10000004222349000004454.931
10000006215540000025933.791
10000015444370000005230.961
10000006214493000008822.381
10000004451724000003689.491
10000004845266000014240.421
10000003188849000003733.341
10000009527471000032730.501
10000006214526000008037.191
10000009333191000005334.731
10000001878020000002902.921
10000011410482000009563.491
10000010231954000003969.391
10000004092312000013358.471
10000004215419000012914.331
10000006263987000006283.381
10000009770096000015013.501
10000006229559000008364.961
10000006229567000005439.131
10000006229541000006029.381
