BONOS FEBRERO/2014    0001827062014
10000012028903000004266.0000000000000000
10000003979371000000081.001
10000010472657000000072.001
10000013225821000000360.001
10000004530156000000333.001
10000003311375000000306.001
10000007515824000000360.001
10000004144072000000243.001
10000003422982000000306.001
10000006751734000000360.001
10000003978589000000360.001
10000012339251000000126.001
10000012022103000000090.001
10000011631658000000252.001
10000003304859000000018.001
10000010209464000000135.001
10000004143800000000342.001
10000003622293000000162.001
10000004653180000000360.001
