REMUNERACIONES AGOSTO/2015    0013831082015
10000003903776001235183.96000000000000000000
10000003304065000009193.051
10000004646234000003468.441
10000002643878000009944.151
10000004144238000003182.801
10000002674443000012341.501
10000003280439000011359.121
10000009376547000012483.241
10000002742505000005760.591
10000006214625000011820.031
10000006228741000006204.851
10000001515630000013372.071
10000002735592000007078.401
10000004144189000011241.801
10000003364415000003835.081
10000004812504000012719.841
10000003943376000008647.141
10000003730153000015428.431
10000002735758000006262.181
10000003252777000010535.771
10000003303934000007301.961
10000002732689000005067.361
10000007558337000008362.751
10000007820330000007648.651
10000008992691000006881.791
10000007739078000003351.561
10000003279614000005939.801
10000006318758000010647.791
10000004645830000009207.561
10000006586610000004514.491
10000002736011000005460.231
10000004182808000014359.381
10000002738968000003664.701
10000002738900000007887.311
10000006830603000007782.731
10000006347278000006406.321
10000002737564000003865.841
10000006255398000012945.471
10000006228973000008238.361
10000006782614000007672.171
10000009922465000008512.271
10000014024272000013993.011
10000006532986000011699.091
10000002737499000006115.371
10000009015939000003868.121
10000006211291000007632.271
10000003280281000005006.961
10000010709456000005006.181
10000002741937000008535.201
10000010193013000009781.261
10000006983197000003679.681
10000003999197000010114.911
10000008990091000005201.721
10000002736293000005464.811
10000002733869000007921.191
10000003978084000005245.081
10000002939920000004058.191
10000009871539000006720.371
10000003693426000004849.061
10000003718505000006772.851
10000010525266000021118.661
10000006233419000005515.191
10000006215566000007610.951
10000004649634000004513.721
10000008993178000005090.121
10000003304247000012000.961
10000000952495000006518.361
10000002284549000013699.321
10000009048162000012036.311
10000003328081000002660.961
10000003304073000014270.911
10000006214633000003396.511
10000016210564000028931.351
10000006229583000005118.471
10000006212463000008171.521
10000009006730000006186.201
10000002733033000004651.681
10000002734362000008549.761
10000010647028000012694.331
10000006755968000012070.341
10000003188774000003842.391
10000002737209000004923.491
10000003468853000006615.071
10000006214732000027933.711
10000002738611000009043.501
10000003980047000006722.521
10000018056669000013037.341
10000004913279000029748.871
10000002289036000015009.921
10000004649486000003972.981
10000006264133000003847.051
10000006256362000003365.281
10000003696959000005875.201
10000006264993000013478.521
10000004645971000009718.571
10000003223025000006270.371
10000006646787000003756.671
10000004143503000005849.281
10000018187084000020904.311
10000003280140000005159.731
10000003204182000003829.581
10000018130041000015763.431
10000009016771000002819.621
10000003987580000013288.321
10000009029732000006074.991
10000004653346000009522.961
10000010983498000002807.181
10000006318732000003434.621
10000006211639000015270.781
10000014224559000015074.391
10000003189128000006291.581
10000003304099000009130.341
10000017304994000019559.141
10000006228361000007158.661
10000002734304000004196.501
10000006215558000011847.421
10000006213643000004185.481
10000004522541000012281.141
10000006215540000026477.571
10000000950994000007058.611
10000006214493000007083.221
10000004451724000004310.891
10000004845266000014126.851
10000003188849000003695.261
10000009527471000032024.761
10000006214526000008445.391
10000009333191000005334.731
10000001878020000002890.881
10000004782450000006652.881
10000010231954000003956.051
10000004092312000012091.131
10000004215419000012276.481
10000006263987000005683.451
10000009770096000015095.841
10000006229559000008370.761
10000006254530000019683.871
10000003985360000009542.571
10000006229567000005639.641
10000006229541000006064.321
