BONOS OCTUBRE/2015    0016119112015
10000003903776000049842.0000000000000000
10000017150660000000391.001
10000016735380000000345.001
10000019990999000000063.001
10000006374396000000396.001
10000016222428000000378.001
10000017037040000000396.001
10000013331222000000345.001
10000011574452000000378.001
10000007821544000000345.001
10000011049249000000351.001
10000004649428000000396.001
10000018539962000000086.001
10000011036072000000396.001
10000009894614000000269.001
10000016304812000000306.001
10000020100892000000094.001
10000004646755000000180.001
10000015052975000000306.001
10000013756701000000396.001
10000019158696000000387.001
10000010705727000000180.001
10000019879127000000378.001
10000020085862000000387.001
10000016714540000000288.001
10000019472799000000396.001
10000011049083000000306.001
10000003312414000000078.001
10000012192055000000252.001
10000019391460000000385.001
10000012270041000000110.001
10000015463172000000070.001
10000018061626000000387.001
10000013534644000000345.001
10000018733697000000157.001
10000004284943000000162.001
10000004144551000000329.001
10000014317809000000396.001
10000015621316000000266.001
10000017171103000000360.001
10000011072331000000306.001
10000004653049000000313.001
10000010391972000000345.001
10000010973936000000396.001
10000009024980000000324.001
10000019892400000000378.001
10000013535361000000282.001
10000013350206000000396.001
10000018921466000000306.001
10000019116884000000270.001
10000011069312000000324.001
10000013979163000000345.001
10000018527909000000377.001
10000019340219000000297.001
10000013488908000000369.001
10000002993562000000360.001
10000017657161000000387.001
10000003165657000000378.001
10000004989840000000337.001
10000010704422000000266.001
10000007704146000000306.001
10000011349657000000378.001
10000014598615000000110.001
10000020101212000000108.001
10000019241342000000378.001
10000019339501000000378.001
10000016998392000000266.001
10000018880745000000396.001
10000018737160000000378.001
10000017520714000000360.001
10000020129587000000180.001
10000010208664000000110.001
10000016990653000000337.001
10000015442803000000345.001
10000017230446000000324.001
10000004694316000000387.001
10000006214568000000285.001
10000010408040000000305.001
10000004807232000000270.001
10000015443257000000391.001
10000004284373000000149.001
10000013196965000000396.001
10000018850326000000387.001
10000019479183000000337.001
10000014234079000000396.001
10000020109315000000153.001
10000010658752000000031.001
10000017693800000000396.001
10000015695212000000234.001
10000017637709000000306.001
10000012165292000000329.001
10000012121723000000387.001
10000004649569000000164.001
10000016702016000000345.001
10000015668095000000305.001
10000020088650000000157.001
10000014854231000000387.001
10000006427343000000196.001
10000013491274000000387.001
10000014480078000000378.001
10000019104186000000396.001
10000011072406000000369.001
10000014617233000000297.001
10000020203167000000063.001
10000013532820000000393.001
10000017936036000000282.001
10000017715084000000324.001
10000018179362000000378.001
10000015464104000000396.001
10000016763943000000360.001
10000017707388000000324.001
10000003980196000000157.001
10000019319438000000235.001
10000010705553000000211.001
10000018430996000000396.001
10000015444586000000342.001
10000015667823000000234.001
10000015482817000000407.001
10000003984445000000396.001
10000004869563000000342.001
10000018700315000000396.001
10000014798372000000378.001
10000007212248000000180.001
10000019795571000000266.001
10000005689134000000345.001
10000012791443000000329.001
10000013894303000000391.001
10000011059735000000094.001
10000011049778000000306.001
10000003702780000000117.001
10000015551521000000387.001
10000004302349000000188.001
10000019909461000000387.001
10000019299086000000333.001
10000004649600000000188.001
10000005703984000000370.001
10000004222349000000306.001
10000004661620000000395.001
10000018428751000000394.001
10000017334644000000378.001
10000015404936000000361.001
10000017000956000000345.001
10000018965406000000164.001
10000018416243000000378.001
10000010672405000000387.001
10000015444370000000423.001
10000004146086000000378.001
10000004921496000000396.001
10000003996086000000258.001
10000011049166000000329.001
10000014143999000000031.001
10000016992336000000376.001
10000011410482000000252.001
10000012665127000000378.001
10000003718208000000387.001
10000015470044000000396.001
10000011651771000000306.001
10000004318403000000387.001
10000019059993000000306.001
10000011579121000000387.001
10000008237542000000387.001
10000019444087000000396.001
