BONOS ABRIL/2015    0002221052015
10000012028903000006351.0000000000000000
10000004649618000000313.001
10000015614006000000211.001
10000011169071000000258.001
10000003979371000000290.001
10000011664477000000258.001
10000010472657000000279.001
10000013053660000000135.001
10000013225821000000360.001
10000004530156000000360.001
10000010676506000000235.001
10000007033173000000360.00
10000014117663000000329.001
10000011353046000000324.001
10000006751734000000342.001
10000013968421000000329.001
10000002273120000000360.001
10000017739729000000324.001
10000003304859000000133.001
10000004143800000000360.001
10000003622293000000288.001
10000004653180000000252.001
10000005439133000000251.001
