REMUNERACIONES DICIEMBRE/2013    0002320122013
10000003903776000103348.88
10000004451667000006840.001
10000003217094000002970.001
10000002386832000004005.001
10000006131100000005675.001
10000009527455000003888.891
10000004144741000005000.001
10000003217309000002673.331
10000002574726000003510.001
10000003308314000005250.001
10000002718449000003510.001
10000000952312000004860.001
10000003303992000002700.001
10000003217648000002970.001
10000004215328000003050.001
10000004182684000003783.331
10000003309354000007000.001
10000003217151000002673.331
10000000950712000004860.001
10000001867833000004860.001
10000002575386000004410.001
10000001875969000010215.001
10000004290205000005675.001
10000008988393000002970.001
