BONOS ENERO/2015    0012719012015
10000003903776000050509.00
10000003304065000000387.501
10000004646234000000475.001
10000002643878000000437.501
10000004144238000000512.501
10000002674443000000362.501
10000003280439000000261.001
10000009376547000000487.501
10000002742505000000342.001
10000006214625000000500.001
10000006228741000000537.501
10000001515630000000512.501
10000002735592000000450.001
10000004144189000000288.001
10000003364415000000351.001
10000004812504000000306.001
10000003943376000000500.001
10000002735758000000162.001
10000003252777000000360.001
10000003303934000000525.001
10000002732689000000090.001
10000006212405000000550.001
10000007558337000000387.001
10000007820330000000500.001
10000008992691000000300.001
10000007739078000000450.001
10000003279614000000432.001
10000006318758000000537.501
10000004645830000000362.501
10000006586610000000396.001
10000002736011000000243.001
10000004182808000000225.001
10000002738968000000297.001
10000002738900000000441.001
10000006830603000000262.501
10000006347278000000525.001
10000002737564000000270.001
10000006255398000000325.001
10000006228973000000525.001
10000006782614000000312.501
10000009922465000000396.001
10000014024272000000550.001
10000006532986000000200.001
10000002737499000000414.001
10000009015939000000414.001
10000006211291000000387.501
10000003280281000000414.001
10000010709456000000525.001
10000002741937000000375.001
10000010193013000000414.001
10000006983197000000487.501
10000003999197000000537.501
10000008990091000000500.001
10000002736293000000288.001
10000002733869000000450.001
10000003978084000000400.001
10000002939920000000396.001
10000009871539000000396.001
10000003693426000000378.001
10000003718505000000050.001
10000006233419000000425.001
10000006215566000000462.501
10000004649634000000450.001
10000008993178000000423.001
10000003304247000000487.501
10000000952495000000550.001
10000002284549000000234.001
10000009048162000000312.501
10000004004143000000225.001
10000003328081000000287.501
10000003304073000000500.001
10000006229583000000425.001
10000006212463000000324.001
10000009006730000000432.001
10000002733033000000462.501
10000002734362000000396.001
10000010647028000000306.001
10000006755968000000450.001
10000003188774000000342.001
10000002737209000000450.001
10000003468853000000437.501
10000002738611000000468.001
10000003980047000000412.501
10000018056669000000054.001
10000002289036000000550.001
10000004649486000000537.501
10000006264133000000537.501
10000006256362000000275.001
10000003696959000000550.001
10000006264993000000252.001
10000004645971000000450.001
10000003223025000000400.001
10000006646787000000234.001
10000004143503000000375.001
10000003280140000000306.001
10000003204182000000180.001
10000009016771000000450.001
10000009029732000000378.001
10000004653346000000462.501
10000010983498000000400.001
10000006318732000000342.001
10000014224559000000525.001
10000003189128000000324.001
10000003304099000000475.001
10000006228361000000512.501
10000002734304000000198.001
10000006215558000000412.501
10000006213643000000437.501
10000004522541000000396.001
10000000950994000000550.001
10000006214493000000525.001
10000004451724000000525.001
10000004845266000000537.501
10000003188849000000315.001
10000006214526000000450.001
10000009333191000000550.001
10000001878020000000350.001
10000004782450000000350.001
10000010231954000000369.001
10000004092312000000475.001
10000004215419000000325.001
10000006263987000000350.001
10000009770096000000462.501
10000006229559000000200.001
10000003334517000000562.501
10000003985360000000550.001
10000006229567000000100.001
10000006229541000000525.001
