REMUNERACIONES MAYO/2016    0014331052016
10000003903776001244382.70000000000000000000
10000017150660000005701.741
10000003304065000014606.841
10000006374396000007699.681
10000002643878000011068.061
10000017037040000003281.431
10000004144238000002845.551
10000002674443000013435.701
10000003280439000012482.321
10000011574452000006018.821
10000009376547000013195.121
10000002742505000007117.071
10000006214625000012266.681
10000006228741000006255.481
10000001515630000014147.701
10000009894614000008550.931
10000003364415000003453.261
10000004812504000013196.011
10000003943376000009195.631
10000003730153000016864.471
10000019879127000004405.411
10000002735758000006731.231
10000003252777000010745.741
10000003303934000008221.771
10000002732689000006552.671
10000007558337000008503.761
10000007820330000007417.451
10000008992691000006712.731
10000007739078000005425.841
10000003279614000005960.471
10000006318758000010362.511
10000004645830000009478.481
10000006586610000004988.341
10000002736011000005083.891
10000002738968000004747.291
10000017171103000005746.541
10000002738900000008272.741
10000006830603000008596.011
10000009024980000004801.771
10000006347278000007064.871
10000018921466000005157.211
10000002737564000003954.231
10000006255398000012437.131
10000006228973000009296.411
10000009922465000008605.361
10000002737499000006827.101
10000009015939000004578.911
10000006211291000007776.461
10000003280281000004124.221
10000010709456000005136.031
10000002741937000008787.301
10000010193013000009809.011
10000006983197000002994.061
10000003999197000010299.751
10000008990091000005851.321
10000002736293000005126.741
10000002733869000008809.611
10000019339501000004459.591
10000018737160000006615.881
10000002939920000004173.351
10000009871539000007048.151
10000003718505000007564.091
10000015442803000004424.641
10000010525266000022132.241
10000015443257000005835.221
10000006233419000006194.191
10000006215566000008030.281
10000004649634000005061.031
10000008993178000004939.431
10000003304247000012648.981
10000000952495000006626.561
10000002284549000014238.941
10000009048162000012300.751
10000003328081000002167.991
10000003304073000014427.721
10000006214633000002980.331
10000016210564000029173.041
10000006229583000005699.891
10000006212463000008265.311
10000009006730000005919.321
10000015668095000007270.071
10000002733033000003794.391
10000002734362000008854.571
10000021263706000005265.691
10000003188774000003356.441
10000002737209000003739.111
10000003468853000007098.801
10000006214732000028703.021
10000002738611000008240.011
10000018056669000013343.491
10000004913279000029748.521
10000002289036000016270.051
10000004649486000004242.641
10000006264133000004347.311
10000006256362000003538.921
10000017715084000004584.871
10000018179362000006338.461
10000003696959000006275.561
10000017707388000004622.001
10000006264993000013598.931
10000003223025000007414.581
10000015482817000005542.681
10000003984445000015057.891
10000006646787000005026.291
10000004143503000005934.771
10000018187084000021850.451
10000003280140000005412.381
10000003204182000003970.691
10000018130041000017726.191
10000009016771000003079.161
10000003987580000014901.571
10000009029732000006033.331
10000004653346000010027.881
10000010983498000002975.681
10000006318732000003877.561
10000006211639000011637.061
10000014224559000015384.981
10000003189128000005927.031
10000003304099000009291.331
10000017304994000020773.571
10000006228361000007011.341
10000002734304000004780.931
10000006213643000005477.481
10000004522541000012373.711
10000004222349000004401.781
10000006215540000026505.861
10000015444370000005592.051
10000006214493000007482.451
10000004451724000003849.961
10000004845266000013973.811
10000003188849000003821.021
10000009527471000032905.801
10000006214526000007872.931
10000009333191000005427.821
10000001878020000003328.271
10000011410482000009563.491
10000010231954000005830.461
10000004092312000012966.051
10000004215419000013011.501
10000006263987000004500.271
10000009770096000015247.711
10000006229559000009362.551
10000006229567000005781.051
10000006229541000006536.721
