BONOS ENERO/2016    0002317022016
10000012028903000007029.0000000000000000
10000002288955000000266.001
10000006423408000000342.001
10000010905814000000342.001
10000020542193000000298.001
10000010999601000000281.001
10000020480757000000298.001
10000012084046000000298.001
10000013406736000000298.001
10000009792652000000298.001
10000010960975000000342.001
10000010207640000000342.001
10000008759140000000333.001
10000013878985000000172.001
10000004988678000000324.001
10000015761469000000342.001
10000004646268000000342.001
10000010930390000000298.001
10000008103339000000342.001
10000020536229000000298.001
10000020511586000000298.001
10000016497716000000298.001
10000006211986000000342.001
10000004645781000000235.001
