BONOS DICIEMBRE/2015    0010711122015
10000003903776000039804.00
10000003304065000000350.001
10000002643878000000350.001
10000004144238000000487.501
10000002674443000000487.501
10000003280439000000369.001
10000009376547000000412.501
10000002742505000000351.001
10000006214625000000437.501
10000006228741000000500.001
10000001515630000000287.501
10000003364415000000351.001
10000004812504000000315.001
10000003943376000000250.001
10000002735758000000387.001
10000003252777000000198.001
10000003303934000000475.001
10000002732689000000432.001
10000007558337000000243.001
10000007820330000000425.001
10000008992691000000200.001
10000007739078000000475.001
10000003279614000000432.001
10000006318758000000475.001
10000004645830000000362.501
10000006586610000000288.001
10000002736011000000333.001
10000002738968000000198.001
10000002738900000000252.001
10000006830603000000375.001
10000006347278000000375.001
10000002737564000000270.001
10000006255398000000300.001
10000006228973000000487.501
10000009922465000000351.001
10000002737499000000387.001
10000009015939000000279.001
10000006211291000000387.501
10000003280281000000351.001
10000010709456000000500.001
10000002741937000000150.001
10000010193013000000297.001
10000006983197000000362.501
10000003999197000000475.001
10000008990091000000487.501
10000002736293000000288.001
10000002733869000000432.001
10000002939920000000360.001
10000009871539000000360.001
10000003718505000000475.001
10000006233419000000500.001
10000004649634000000462.501
10000008993178000000360.001
10000003304247000000500.001
10000000952495000000475.001
10000002284549000000333.001
10000009048162000000350.001
10000003328081000000162.501
10000003304073000000400.001
10000006214633000000337.501
10000006229583000000337.501
10000006212463000000234.001
10000009006730000000369.001
10000002733033000000425.001
10000002734362000000360.001
10000003188774000000297.001
10000002737209000000432.001
10000003468853000000350.001
10000002738611000000486.001
10000018056669000000126.001
10000002289036000000287.501
10000004649486000000487.501
10000006264133000000487.501
10000006256362000000262.501
10000003696959000000475.001
10000006264993000000315.001
10000003223025000000375.001
10000006646787000000252.001
10000004143503000000462.501
10000003280140000000252.001
10000003204182000000342.001
10000009016771000000486.001
10000009029732000000315.001
10000004653346000000337.501
10000010983498000000487.501
10000006318732000000333.001
10000014224559000000312.501
10000003189128000000351.001
10000003304099000000475.001
10000006228361000000487.501
10000002734304000000342.001
10000004522541000000252.001
10000000950994000000650.001
10000006214493000000450.001
10000004451724000000475.001
10000004845266000000450.001
10000003188849000000306.001
10000006214526000000350.001
10000009333191000000487.501
10000001878020000000337.501
10000010231954000000387.001
10000004092312000000375.001
10000004215419000000275.001
10000006263987000000387.501
10000009770096000000400.001
10000006229559000000150.001
10000006229567000000500.001
10000006229541000000475.001
