BONOS JULIO/2014    0002819082014
10000004410085000009293.74000000000000000000
10000006423408000000360.181
10000010905814000000409.181
10000004649593000000324.001
10000012084046000000414.001
10000007085405000000360.001
10000004649452000000344.521
10000014016435000000344.521
10000009761029000000203.581
10000013406736000000360.181
10000009792652000000414.001
10000010960975000000072.001
10000010207640000000414.001
10000007636365000000387.181
10000006214568000000414.001
10000008759140000000403.351
10000013878985000000036.001
10000004988678000000412.181
10000015761469000000336.691
10000003335523000000072.001
10000013907643000000405.001
10000007687772000000360.001
10000008103339000000414.001
10000015212256000000404.181
10000006229533000000216.001
10000016497716000000396.001
10000006211986000000405.001
10000010232621000000414.001
10000004645781000000198.001
