BONOS JUNIO/2016    0001815072016
10000004410085000004805.0000000000000000
10000002288955000000086.001
10000006423408000000378.001
10000010905814000000360.001
10000010999601000000110.001
10000020480757000000016.001
10000012084046000000360.001
10000010960975000000110.001
10000010207640000000360.001
10000008759140000000270.001
10000013878985000000234.001
10000004646268000000342.001
10000010930390000000188.001
10000008103339000000378.001
10000002281082000000378.001
10000020536229000000329.001
10000020511586000000329.001
10000006211986000000342.001
10000004645781000000235.001
