REMUNERACIONES ABRIL/2016    0014429042016
10000003903776001220079.85000000000000000000
10000017150660000005614.901
10000003304065000011817.481
10000006374396000006045.261
10000002643878000010391.971
10000017037040000003678.811
10000004144238000002718.171
10000002674443000011093.991
10000003280439000012282.941
10000011574452000006061.581
10000009376547000012641.821
10000002742505000006667.221
10000006214625000012065.031
10000006228741000006076.091
10000001515630000013373.671
10000009894614000008550.931
10000003364415000003185.841
10000004812504000012701.991
10000003943376000008872.891
10000003730153000016783.361
10000019879127000004421.191
10000002735758000007810.151
10000003252777000010536.161
10000003303934000007992.431
10000002732689000006363.641
10000007558337000008408.451
10000007820330000007095.721
10000008992691000006753.651
10000007739078000003280.031
10000003279614000005903.301
10000006318758000010169.341
10000004645830000009381.021
10000006586610000004514.491
10000002736011000004617.671
10000002738968000004411.261
10000017171103000005479.601
10000002738900000007896.401
10000006830603000008505.051
10000009024980000004512.611
10000006347278000006408.121
10000018921466000004566.301
10000002737564000003732.821
10000006255398000012404.131
10000006228973000009071.171
10000009922465000008512.271
10000002737499000008290.861
10000009015939000005280.971
10000006211291000008275.661
10000003280281000003239.441
10000010709456000005175.011
10000002741937000009054.251
10000010193013000009725.421
10000006983197000002897.471
10000003999197000009975.951
10000008990091000005646.651
10000002736293000004865.701
10000002733869000008519.981
10000019339501000004566.301
10000018737160000006615.881
10000002939920000003837.041
10000009871539000006951.411
10000003718505000006826.041
10000015442803000004424.641
10000010525266000022052.381
10000015443257000005628.621
10000006233419000005913.891
10000006215566000007617.551
10000004649634000004987.841
10000008993178000004636.141
10000003304247000012526.131
10000000952495000006518.361
10000002284549000014223.011
10000009048162000012215.681
10000003328081000002079.781
10000003304073000014336.751
10000006214633000003161.481
10000016210564000028994.551
10000006229583000005224.421
10000006212463000008176.121
10000009006730000005398.531
10000006082634000011797.191
10000015668095000007412.151
10000002733033000003803.041
10000002734362000008576.631
10000021263706000006349.911
10000003188774000002715.641
10000002737209000002643.851
10000003468853000007119.431
10000006214732000028432.261
10000002738611000008774.621
10000018056669000010965.511
10000004913279000029746.641
10000002289036000013511.681
10000004649486000004103.251
10000006264133000004263.971
10000006256362000003331.601
10000017715084000004587.191
10000018179362000006529.281
10000003696959000006231.371
10000017707388000004806.841
10000006264993000013453.021
10000003223025000006985.961
10000015482817000005757.511
10000003984445000015056.191
10000006646787000003878.231
10000004143503000005843.881
10000018187084000021850.451
10000003280140000005207.161
10000003204182000004121.071
10000018130041000017483.301
10000009016771000002745.371
10000003987580000014488.041
10000009029732000005936.771
10000004653346000009939.851
10000010983498000002883.821
10000006318732000003473.451
10000006211639000011602.661
10000014224559000014566.461
10000003189128000005015.271
10000003304099000009201.141
10000017304994000020773.571
10000006228361000006827.521
10000002734304000005330.481
10000006213643000003749.691
10000004522541000012282.041
10000004222349000004425.501
10000006215540000027030.271
10000015444370000005688.931
10000006214493000007506.281
10000004451724000003903.301
10000004845266000014239.751
10000003188849000003801.851
10000009527471000032730.501
10000006214526000007861.871
10000009333191000005334.731
10000001878020000002945.541
10000011410482000009198.291
10000010231954000004854.371
10000004092312000012253.241
10000004215419000012922.531
10000006263987000004878.191
10000009770096000015039.841
10000006229559000008368.161
10000006229567000005393.101
10000006229541000006317.851
