BONOS OCTUBRE/2014    0013313112014
10000003903776000042666.0200000000000000
10000017150660000000407.161
10000016735380000000360.181
10000006553718000000108.001
10000010474877000000313.201
10000006374396000000396.351
10000014015601000000216.001
10000004495475000000297.541
10000016222428000000387.001
10000011574452000000387.001
10000015856640000000225.001
10000011049249000000405.001
10000004649428000000396.001
10000004004218000000306.001
10000011036072000000405.001
10000004646755000000252.001
10000015052975000000252.001
10000013756701000000414.001
10000004029191000000207.001
10000010914419000000219.241
10000016714540000000414.001
10000011049083000000414.001
10000012192055000000288.001
10000017759701000000093.961
10000012270041000000125.281
10000015463172000000156.601
10000010644446000000135.001
10000013534644000000328.861
10000003986508000000369.001
10000017611167000000321.881
10000016735885000000360.181
10000004284943000000414.001
10000004144551000000321.031
10000014317809000000405.001
10000017171103000000342.001
10000010973936000000387.001
10000013820663000000093.961
10000009024980000000360.001
10000003644297000000344.521
10000013535361000000352.351
10000013350206000000396.001
10000013979163000000360.181
10000013488908000000405.001
10000010556485000000368.031
10000017657161000000266.221
10000014034528000000324.001
10000003165657000000360.001
10000014314285000000140.941
10000004989840000000258.391
10000015668136000000413.181
10000013947681000000405.001
10000010704422000000274.051
10000007704146000000324.001
10000011349657000000414.001
10000011436272000000342.001
10000017520714000000360.001
10000010208664000000187.921
10000015442803000000360.181
10000017230446000000342.001
10000010659495000000203.581
10000010408040000000360.001
10000004807232000000187.431
10000015443257000000422.821
10000004284373000000179.601
10000014234079000000405.001
10000004456427000000396.001
10000006531152000000396.001
10000017693800000000198.001
10000015695212000000189.001
10000017637709000000261.001
10000012165292000000390.181
10000014023208000000396.001
10000006901777000000093.961
10000012121723000000405.001
10000004649569000000203.581
10000016702016000000405.001
10000015668095000000289.711
10000011696256000000054.001
10000015685792000000396.001
10000010648034000000414.001
10000014854231000000396.001
10000006427343000000313.201
10000013491274000000393.521
10000014480078000000405.001
10000011072406000000414.001
10000014617233000000414.001
10000011419880000000093.961
10000016166973000000352.351
10000017715084000000422.821
10000004782012000000093.961
10000015464104000000414.001
10000016763943000000301.221
10000017707388000000422.821
10000017718484000000187.921
10000003980196000000413.181
10000015444586000000405.001
10000015667823000000405.001
10000015482817000000391.501
10000003984445000000252.001
10000014798372000000414.001
10000017599652000000438.481
10000007212248000000162.001
10000012791443000000344.521
10000015608554000000352.351
10000011049778000000405.001
10000003702780000000270.001
10000015551521000000396.001
10000014005165000000414.001
10000011063637000000378.001
10000004649600000000396.001
10000005703984000000310.881
10000004661620000000274.051
10000017334644000000360.001
10000015404936000000401.181
10000010672405000000387.001
10000015444370000000407.161
10000004921496000000396.001
10000010557904000000078.301
10000003996086000000342.001
10000015473874000000413.181
10000011049166000000352.351
10000014143999000000395.521
10000016992336000000333.001
10000011410482000000172.261
10000012665127000000258.391
10000003718208000000411.181
10000015470044000000404.351
10000011651771000000414.001
10000010485402000000031.321
10000006531780000000378.001
10000003492539000000414.001
10000009895620000000093.961
10000011579121000000414.001
10000008237542000000234.901
