REMUNERACIONES DICIEMBRE/2015    0002523122015
10000004410085000151466.6100000000000000
10000002288955000001426.441
10000006423408000010665.121
10000010905814000004672.971
10000006615138000004690.421
10000010999601000003197.701
10000012084046000008820.911
10000013406736000007590.061
10000013947681000006183.351
10000009792652000010113.001
10000010960975000003197.701
10000010207640000006316.361
10000007636365000011304.781
10000008759140000005524.121
10000013878985000003646.041
10000004988678000009043.821
10000015761469000008199.011
10000004646268000006985.571
10000003335523000003876.441
10000010930390000002286.671
10000007687772000006381.701
10000008103339000004543.611
10000016497716000007753.881
10000008724185000002981.281
10000006211986000008853.441
10000004645781000003212.221
