REMUNERACIONES DICIEMBRE/2014    0011823122014
10000003903776000523074.37000000000000000000
10000017150660000001860.301
10000016735380000002483.101
10000006553718000002930.401
10000010474877000005459.401
10000006374396000004351.201
10000014015601000005121.001
10000004495475000007165.501
10000016222428000003077.101
10000011574452000005248.801
10000015856640000004941.001
10000011049249000003722.401
10000004649428000005416.801
10000011036072000003951.601
10000004646755000006494.401
10000013756701000004543.941
10000004029191000004174.801
10000010914419000004499.831
10000016714540000002776.801
10000011049083000006019.201
10000012192055000006406.801
10000012270041000002999.701
10000015463172000002871.001
10000010644446000003463.201
10000013534644000004263.901
10000003986508000006672.601
10000017611167000001765.801
10000016735885000003403.801
10000004284943000006406.801
10000004144551000004633.931
10000014317809000004792.651
10000017171103000001775.551
10000010973936000005416.801
10000009024980000001556.101
10000003644297000001053.001
10000013535361000003307.501
10000013350206000004600.801
10000013979163000002483.101
10000013488908000005416.801
10000010556485000004762.801
10000014034528000003169.001
10000003165657000004078.801
10000014314285000004471.201
10000004989840000008569.201
10000015668136000004374.001
10000013947681000005214.361
10000010704422000008500.001
10000007704146000004795.201
10000011349657000005416.801
10000011436272000004795.201
10000017520714000003507.151
10000010208664000005142.301
10000015442803000003720.601
10000017230446000001999.201
10000010408040000004785.001
10000004807232000005075.311
10000015443257000003837.601
10000004284373000005563.801
10000014234079000004341.601
10000004456427000006406.801
10000006531152000005860.801
10000015695212000004374.001
10000012165292000005400.001
10000014023208000004779.301
10000012121723000003311.101
10000004649569000006552.001
10000016702016000002776.801
10000015668095000004374.001
10000011696256000003484.801
10000015685792000004050.001
10000010648034000004552.201
10000014854231000004795.201
10000006427343000008500.001
10000013491274000004795.201
10000014480078000004367.251
10000011072406000003951.601
10000014617233000004924.801
10000016166973000003204.601
10000017715084000000970.201
10000015464104000002871.001
10000016763943000002997.001
10000017707388000000970.201
10000003980196000006224.401
10000015444586000004130.701
10000015667823000004050.001
10000015482817000003837.601
10000003984445000003155.551
10000014798372000004050.001
10000017599652000001158.301
10000007212248000002930.401
10000012791443000005416.801
10000015608554000004050.001
10000011049778000006019.201
10000003702780000008500.001
10000015551521000006748.801
10000014005165000003531.601
10000011063637000006672.601
10000004649600000005563.801
10000005703984000004795.201
10000004661620000005221.201
10000017334644000001556.101
10000015404936000005380.201
10000010672405000005860.801
10000015444370000003837.601
10000004921496000005197.201
10000010557904000001782.001
10000003996086000007165.501
10000015473874000004584.601
10000011049166000004454.451
10000014143999000003385.801
10000016992336000002070.901
10000011410482000004870.801
10000003718208000005416.801
10000015470044000004160.101
10000011651771000004468.801
10000006531780000005563.801
10000003492539000005346.001
10000011579121000005416.801
10000008237542000004584.601
