REMUNERACIONES MAYO/2014    0014430052014
10000003903776001048827.15000000000000000000
10000003304065000007431.781
10000004646234000004264.111
10000002643878000006752.191
10000004144238000003114.421
10000002674443000011413.091
10000003280439000009283.051
10000009376547000010593.011
10000002742505000004933.241
10000006214625000008604.051
10000006228741000004978.181
10000001515630000010543.731
10000002735592000005751.171
10000004144189000009761.691
10000003364415000002456.481
10000004812504000009639.381
10000003943376000007170.371
10000003730153000010044.461
10000004038233000011978.75
10000002735758000005965.511
10000003252777000009108.391
10000003303934000006076.751
10000002732689000005636.691
10000006212405000010945.721
10000007558337000003889.891
10000007820330000010195.301
10000008992691000006137.171
10000007739078000004149.741
10000003279614000004848.561
10000006318758000007481.211
10000004645830000007974.121
10000006586610000003836.361
10000002736011000003803.031
10000004182808000011699.131
10000002738968000002676.191
10000002738900000007596.321
10000006830603000004888.491
10000006347278000006488.231
10000002737564000004134.121
10000006255398000010165.801
10000006228973000006660.561
10000006782614000006156.491
10000009922465000006947.771
10000014024272000012627.591
10000006532986000009442.231
10000002737499000005844.661
10000009015939000003347.451
10000006211291000007001.901
10000003280281000001988.711
10000010709456000002128.021
10000002741937000007154.541
10000010193013000008011.011
10000006983197000001842.941
10000003999197000005606.221
10000010519483000004770.701
10000008990091000004262.781
10000002736293000004848.351
10000002733869000007388.741
10000010551807000012103.971
10000003978084000006954.621
10000002939920000003476.331
10000009871539000005638.441
10000003693426000004998.021
10000003718505000006767.911
10000010525266000012644.191
10000006233419000006412.631
10000006215566000007074.601
10000004649634000003538.451
10000008993178000003718.451
10000003304247000010480.821
10000000952495000005990.271
10000002284549000010044.851
10000009048162000010220.821
10000004004143000006397.871
10000003328081000002312.211
10000002058689000006440.351
10000003304073000010017.511
10000006214633000002927.491
10000004962672000009317.151
10000016210564000010922.681
10000006229583000004315.591
10000006212463000006881.311
10000009006730000004866.631
10000002733033000004042.001
10000002734362000007576.821
10000010647028000010700.011
10000006755968000010248.471
10000003188774000002748.461
10000002737209000003564.581
10000003468853000006522.391
10000006214732000026573.271
10000002738611000008567.061
10000003980047000006023.221
10000002289036000012509.401
10000004649486000006030.391
10000006264133000003629.811
10000006256362000002659.021
10000003696959000004598.781
10000006264993000012251.101
10000004645971000008001.321
10000003223025000004881.351
10000004507890000011211.901
10000006646787000003492.231
10000004143503000004715.851
10000003280140000004195.581
10000007632511000003906.601
10000003204182000003694.241
10000009016771000002594.541
10000003987580000014497.321
10000009029732000004426.541
10000004653346000010265.871
10000010983498000002809.591
10000006318732000002803.851
10000006211639000007023.961
10000014224559000015395.591
10000003189128000003879.071
10000003304099000007707.281
10000006228361000005611.611
10000002734304000004555.061
10000006215558000009884.771
10000006213643000004219.101
10000004522541000010394.751
10000006215540000026514.941
10000000950994000007659.511
10000010195647000006933.001
10000006214493000008353.811
10000004451724000005477.611
10000004845266000011991.511
10000003188849000002730.281
10000009527471000026894.651
10000006214526000007216.701
10000009333191000004525.061
10000001878020000003922.931
10000004782450000007024.401
10000010231954000003281.561
10000004092312000011150.771
10000004215419000010362.721
10000006263987000007400.971
10000009770096000013258.711
10000006229559000008331.581
10000003334517000003807.031
10000006254530000018500.181
10000003985360000008247.291
10000006229567000004903.321
10000006229541000005022.181
