BONOS JUNIO/2015    0002317072015
10000012028903000006312.0000000000000000
10000018515847000000378.001
10000004649618000000329.001
10000015614006000000333.001
10000011169071000000157.001
10000003979371000000298.001
10000011664477000000243.001
10000010472657000000162.001
10000013053660000000110.001
10000013225821000000351.001
10000004530156000000342.001
10000010676506000000110.001
10000007033173000000243.00
10000014117663000000378.001
10000011353046000000369.001
10000006751734000000332.001
10000013968421000000329.001
10000002273120000000342.001
10000017739729000000360.001
10000003304859000000197.001
10000004143800000000360.001
10000003622293000000078.001
10000004653180000000378.001
10000005439133000000133.001
