REMUNERACIONES DICIEMBRE/2015    0014224122015
10000003903776000767518.9000000000000000
10000017150660000003301.681
10000016735380000005675.481
10000006374396000005203.281
10000016222428000004555.781
10000017037040000004802.361
10000013331222000006325.901
10000011574452000006325.901
10000007821544000003421.331
10000011049249000007710.321
10000004649428000007732.101
10000018539962000003179.561
10000011036072000005756.321
10000009894614000004682.821
10000016304812000004597.421
10000004646755000008050.861
10000015052975000006343.721
10000013756701000005066.711
10000019158696000004890.711
10000010705727000006423.451
10000019879127000001544.331
10000020085862000001455.251
10000016714540000005213.571
10000019472799000002191.791
10000011049083000007732.101
10000012192055000008050.861
10000019391460000003522.851
10000012270041000003876.441
10000015463172000003713.111
10000018061626000006325.901
10000013534644000007146.351
10000018733697000004704.331
10000004284943000008075.941
10000004144551000005213.571
10000014317809000005756.321
10000015621316000003353.781
10000017171103000004951.651
10000004653049000003762.081
10000010391972000004811.251
10000010973936000007166.481
10000009024980000004352.331
10000019892400000001377.031
10000013535361000005756.321
10000013350206000005684.401
10000018921466000002921.361
10000019116884000003421.331
10000011069312000003152.601
10000013979163000005213.571
10000018527909000004495.111
10000019340219000001781.941
10000013488908000007753.881
10000017657161000004581.521
10000003165657000007732.101
10000004989840000011177.401
10000010704422000008828.361
10000007704146000006325.901
10000011349657000007732.101
10000014598615000003321.541
10000019241342000003350.061
10000019339501000002123.461
10000016998392000006292.531
10000018880745000007324.221
10000018737160000004330.131
10000017520714000012258.001
10000010208664000006482.041
10000016990653000004472.681
10000015442803000004212.001
10000017230446000005756.321
10000004694316000003332.001
10000006214568000010253.911
10000010408040000007288.571
10000004807232000005723.981
10000015443257000004212.001
10000004284373000007013.341
10000013196965000001853.221
10000018850326000003568.731
10000019479183000002393.081
10000017693800000005110.771
10000015695212000005720.041
10000017637709000003082.761
10000012165292000007065.831
10000004649569000012162.151
10000016702016000005198.881
10000015668095000005702.221
10000014854231000005755.681
10000006427343000008828.361
10000013491274000005702.221
10000014480078000005756.321
10000019104186000003492.611
10000011072406000005198.881
10000014617233000006325.901
10000013532820000004953.811
10000017936036000002138.331
10000017715084000003339.111
10000018179362000005066.711
10000015464104000003876.441
10000016763943000007753.881
10000017707388000003578.671
10000003980196000008075.941
10000019319438000003321.541
10000010705553000006857.831
10000018430996000003168.671
10000015444586000005737.861
10000015667823000005951.691
10000015482817000004212.001
10000003984445000011686.131
10000004869563000007079.101
10000014798372000007166.481
10000007212248000003854.671
10000019795571000001995.781
10000012791443000007166.481
10000013894303000003925.461
10000011059735000001872.891
10000011049778000007688.541
10000003702780000008828.361
10000015551521000008903.601
10000004302349000010158.381
10000019909461000001746.311
10000019299086000003082.761
10000005703984000006325.901
10000004222349000004951.651
10000004661620000008828.361
10000018428751000003168.671
10000017334644000004275.121
10000015404936000007753.881
10000017000956000003152.601
10000018965406000006423.451
10000018416243000004662.751
10000010672405000007753.881
10000015444370000004212.001
10000004146086000002209.611
10000004921496000007753.881
10000003996086000009004.051
10000011049166000003716.831
10000016992336000002940.001
10000011410482000006991.561
10000012665127000001746.311
10000003718208000007753.881
10000011651771000006343.721
10000004318403000005890.501
10000019059993000003563.891
10000011579121000007753.881
10000019444087000001589.781
