BONOS SEPTIEMBRE/2015    0002122102015
10000004410085000006473.00000000000000000000
10000002288955000000323.001
10000006423408000000360.001
10000010905814000000369.001
10000006615138000000342.001
10000012084046000000378.001
10000013406736000000196.001
10000013947681000000234.001
10000009792652000000358.001
10000010207640000000329.001
10000007636365000000313.001
10000008759140000000378.001
10000013878985000000170.001
10000004988678000000313.001
10000015761469000000207.001
10000004646268000000360.001
10000003335523000000297.001
10000007687772000000283.001
10000008103339000000362.001
10000016497716000000338.001
10000006211986000000360.001
10000004645781000000203.001
