BONOS FEBRERO/2014    0007927062014
10000003903776000023787.0000000000000000
10000006553718000000126.001
10000010474877000000126.001
10000006374396000000360.001
10000014015601000000360.001
10000004495475000000342.001
10000011574452000000360.001
10000015856640000000162.001
10000011036072000000360.001
10000004646755000000324.001
10000013756701000000360.001
10000010914419000000324.001
10000012192055000000252.001
10000012270041000000198.001
10000010618136000000360.001
10000010644446000000234.001
10000003986508000000351.001
10000004284943000000324.001
10000004144551000000360.001
10000014317809000000360.001
10000010973936000000360.001
10000013488908000000369.001
10000014034528000000360.001
10000014314285000000360.001
10000013947681000000351.001
10000010704422000000306.001
10000007704146000000306.001
10000011349657000000369.001
10000011288243000000198.001
10000011436272000000342.001
10000007033173000000360.001
10000010208664000000324.001
10000015442803000000216.001
10000010659495000000243.001
10000010408040000000279.001
10000004807232000000216.001
10000015443257000000360.001
10000004284373000000324.001
10000014234079000000315.001
10000004456427000000342.001
10000006531152000000315.001
10000010658752000000324.001
10000012165292000000351.001
10000014023208000000360.001
10000013947615000000360.001
10000003300237000000261.001
10000011696256000000198.001
10000010648034000000360.001
10000014854231000000090.001
10000006427343000000360.001
10000014480078000000288.001
10000011072406000000360.001
10000013497884000000360.001
10000003980196000000306.001
10000010489280000000225.001
10000009027950000000360.001
10000010705553000000144.001
10000015482817000000360.001
10000007212248000000108.001
10000012791443000000360.001
10000011049778000000036.001
10000003702780000000360.001
10000011412264000000342.001
10000011063637000000360.001
10000004649600000000342.001
10000005703984000000252.001
10000010672405000000387.001
10000015444370000000360.001
10000004921496000000387.001
10000002982359000000288.001
10000003996086000000360.001
10000011049166000000351.001
10000003718208000000369.001
10000011651771000000036.001
10000010485402000000324.001
10000006531780000000360.001
10000007097450000000234.001
10000003492539000000306.001
10000011579121000000360.001
10000011104762000000180.001
