BONOS SEPTIEMBRE/2016    0012919092016
10000003903776000052993.00
10000017150660000000522.001
10000003304065000000375.001
10000006374396000000550.001
10000002643878000000325.001
10000017037040000000450.001
10000004144238000000525.001
10000002674443000000550.001
10000003280439000000360.001
10000011574452000000525.001
10000009376547000000487.501
10000002742505000000450.001
10000006214625000000550.001
10000006228741000000500.001
10000001515630000000312.501
10000009894614000000350.001
10000003364415000000432.001
10000004812504000000387.001
10000003943376000000537.501
10000019879127000000414.001
10000002735758000000414.001
10000003252777000000324.001
10000003303934000000525.001
10000002732689000000468.001
10000007558337000000279.001
10000007820330000000537.501
10000008992691000000300.001
10000007739078000000512.501
10000003279614000000414.001
10000006318758000000575.001
10000004645830000000325.001
10000006586610000000306.001
10000002736011000000297.001
10000002738968000000270.001
10000017171103000000414.001
10000002738900000000360.001
10000006830603000000300.001
10000009024980000000342.001
10000006347278000000525.001
10000018921466000000315.001
10000002737564000000216.001
10000006255398000000375.001
10000006228973000000512.501
10000009922465000000297.001
10000002737499000000234.001
10000009015939000000369.001
10000006211291000000487.501
10000003280281000000315.001
10000010709456000000512.501
10000002741937000000312.501
10000010193013000000333.001
10000006983197000000375.001
10000003999197000000405.001
10000008990091000000437.501
10000002736293000000324.001
10000002733869000000342.001
10000019339501000000405.001
10000018737160000000396.001
10000002939920000000324.001
10000009871539000000360.001
10000003718505000000512.501
10000015442803000000396.001
10000015443257000000468.001
10000006233419000000512.501
10000006215566000000350.001
10000004649634000000437.501
10000008993178000000369.001
10000003304247000000537.501
10000000952495000000575.001
10000002284549000000369.001
10000009048162000000500.001
10000003328081000000250.001
10000003304073000000412.501
10000006214633000000550.001
10000006229583000000537.501
10000006212463000000261.001
10000009006730000000414.001
10000015668095000000500.001
10000002733033000000500.001
10000002734362000000360.001
10000003188774000000288.001
10000002737209000000234.001
10000003468853000000450.001
10000002738611000000360.001
10000018056669000000144.001
10000002289036000000437.501
10000004649486000000550.001
10000006264133000000500.001
10000006256362000000350.001
10000017715084000000387.001
10000018179362000000396.001
10000003696959000000487.501
10000017707388000000387.001
10000006264993000000225.001
10000003223025000000450.001
10000015482817000000504.001
10000003984445000000325.001
10000006646787000000270.001
10000004143503000000575.001
10000003280140000000180.001
10000003204182000000378.001
10000009016771000000468.001
10000009029732000000306.001
10000004653346000000550.001
10000010983498000000500.001
10000006318732000000414.001
10000014224559000000450.001
10000003189128000000279.001
10000003304099000000550.001
10000002734304000000108.001
10000006213643000000562.501
10000004522541000000412.501
10000004222349000000333.001
10000015444370000000522.001
10000006214493000000500.001
10000004451724000000537.501
10000004845266000000562.501
10000003188849000000279.001
10000006214526000000312.501
10000009333191000000562.501
10000001878020000000550.001
10000011410482000000550.001
10000010231954000000306.001
10000004092312000000462.501
10000004215419000000175.001
10000006263987000000475.001
10000009770096000000562.501
10000006229559000000175.001
10000006229567000000562.501
10000006229541000000537.501
