REMUNERACIONES DICIEMBRE/2015    0015620012016
10000003903776000051151.00
10000017150660000000391.001
10000016735380000000345.001
10000019990999000000031.001
10000006374396000000387.001
10000016222428000000369.001
10000017037040000000378.001
10000013331222000000345.001
10000011574452000000396.001
10000007821544000000345.001
10000011049249000000396.001
10000004649428000000378.001
10000018539962000000196.001
10000011036072000000395.001
10000009894614000000360.001
10000016304812000000288.001
10000020100892000000216.001
10000004646755000000211.001
10000015052975000000252.001
10000013756701000000396.001
10000019158696000000298.001
10000010705727000000274.001
10000019879127000000443.001
10000020085862000000387.001
10000016714540000000396.001
10000019472799000000360.001
10000011049083000000378.001
10000012192055000000288.001
10000019391460000000381.001
10000012270041000000110.001
10000015463172000000196.001
10000018061626000000351.001
10000013534644000000345.001
10000018733697000000243.001
10000004284943000000054.001
10000004144551000000329.001
10000014317809000000396.001
10000015621316000000345.001
10000017171103000000442.001
10000011072331000000443.001
10000004653049000000204.001
10000010391972000000063.001
10000010973936000000396.001
10000009024980000000442.001
10000019892400000000443.001
10000013535361000000282.001
10000018921466000000444.001
10000019116884000000345.001
10000011069312000000360.001
10000013979163000000345.001
10000018527909000000393.001
10000019340219000000396.001
10000013488908000000315.001
10000002993562000000436.001
10000017657161000000396.001
10000003165657000000396.001
10000019398648000000396.001
10000004989840000000305.001
10000010704422000000274.001
10000007704146000000157.001
10000011349657000000396.001
10000014598615000000172.001
10000020101212000000216.001
10000019241342000000297.001
10000019339501000000437.001
10000016998392000000149.001
10000018880745000000360.001
10000018737160000000433.001
10000017520714000000286.001
10000007446574000000282.001
10000020129587000000243.001
10000010208664000000157.001
10000016990653000000329.001
10000015442803000000345.001
10000017230446000000378.001
10000004694316000000333.001
10000006214568000000211.001
10000010408040000000258.001
10000004807232000000321.001
10000015443257000000376.001
10000004284373000000204.001
10000013196965000000378.001
10000018850326000000378.001
10000019479183000000282.001
10000020109315000000387.001
10000010658752000000039.001
10000017693800000000387.001
10000015695212000000172.001
10000017637709000000315.001
10000012165292000000321.001
10000004649569000000282.001
10000016702016000000345.001
10000015668095000000204.001
10000020088650000000337.001
10000014854231000000387.001
10000006427343000000188.001
10000013491274000000369.001
10000014480078000000396.001
10000019104186000000313.001
10000011072406000000378.001
10000014617233000000396.001
10000020203167000000204.001
10000013532820000000378.001
10000017936036000000337.001
10000017715084000000405.001
10000018179362000000387.001
10000015464104000000396.001
10000016763943000000342.001
10000017707388000000444.001
10000003980196000000360.001
10000019319438000000141.001
10000010489280000000396.001
10000010705553000000342.001
10000018430996000000396.001
10000015444586000000261.001
10000015667823000000360.001
10000015482817000000423.001
10000003984445000000290.001
10000004869563000000329.001
10000014798372000000396.001
10000007212248000000349.001
10000019795571000000345.001
10000012791443000000345.001
10000013894303000000387.001
10000011059735000000204.001
10000011049778000000396.001
10000003702780000000207.001
10000015551521000000306.001
10000004302349000000243.001
10000019909461000000387.001
10000019299086000000207.001
10000005703984000000333.001
10000004222349000000424.001
10000004661620000000342.001
10000018428751000000333.001
10000017334644000000444.001
10000015404936000000279.001
10000017000956000000315.001
10000020227240000000378.001
10000018965406000000274.001
10000018416243000000396.001
10000010672405000000270.001
10000015444370000000391.001
10000004146086000000443.001
10000004921496000000333.001
10000000951330000000345.001
10000003996086000000333.001
10000011049166000000337.001
10000016992336000000378.001
10000011410482000000219.001
10000012665127000000396.001
10000003718208000000378.001
10000011651771000000333.001
10000004318403000000315.001
10000019059993000000387.001
10000011579121000000396.001
10000019444087000000387.001
