BONOS MARZO/2015    0012512032015
10000003903776000043156.50
10000003304065000000350.001
10000004646234000000362.501
10000002643878000000362.501
10000004144238000000437.501
10000002674443000000450.001
10000003280439000000306.001
10000009376547000000450.001
10000002742505000000315.001
10000006214625000000450.001
10000006228741000000450.001
10000001515630000000350.001
10000004144189000000279.001
10000003364415000000315.001
10000004812504000000306.001
10000003943376000000162.501
10000002735758000000234.001
10000003252777000000180.001
10000003303934000000400.001
10000002732689000000450.001
10000007558337000000243.001
10000007820330000000387.501
10000008992691000000250.001
10000007739078000000362.501
10000003279614000000450.001
10000006318758000000350.001
10000004645830000000450.001
10000006586610000000306.001
10000002736011000000270.001
10000004182808000000387.501
10000002738968000000270.001
10000002738900000000234.001
10000006830603000000275.001
10000006347278000000400.001
10000002737564000000162.001
10000006255398000000275.001
10000006228973000000425.001
10000006782614000000425.001
10000009922465000000297.001
10000014024272000000425.001
10000006532986000000250.001
10000002737499000000306.001
10000009015939000000315.001
10000006211291000000375.001
10000003280281000000324.001
10000010709456000000412.501
10000002741937000000337.501
10000010193013000000306.001
10000006983197000000337.501
10000003999197000000400.001
10000008990091000000412.501
10000002736293000000027.001
10000002733869000000324.001
10000003978084000000425.001
10000002939920000000297.001
10000009871539000000144.001
10000003693426000000306.001
10000003718505000000425.001
10000006233419000000425.001
10000006215566000000425.001
10000004649634000000337.501
10000008993178000000324.001
10000003304247000000450.001
10000000952495000000450.001
10000002284549000000288.001
10000009048162000000287.501
10000004004143000000425.001
10000003328081000000212.501
10000003304073000000425.001
10000006214633000000450.001
10000006229583000000412.501
10000006212463000000180.001
10000009006730000000351.001
10000002733033000000412.501
10000002734362000000306.001
10000010647028000000180.001
10000006755968000000350.001
10000003188774000000279.001
10000002737209000000450.001
10000003468853000000375.001
10000002738611000000450.001
10000003980047000000387.501
10000018056669000000126.001
10000002289036000000400.001
10000004649486000000450.001
10000006264133000000412.501
10000006256362000000150.001
10000003696959000000387.501
10000006264993000000198.001
10000004645971000000300.001
10000003223025000000400.001
10000006646787000000270.001
10000004143503000000400.001
10000003280140000000270.001
10000003204182000000261.001
10000009016771000000342.001
10000009029732000000279.001
10000004653346000000325.001
10000010983498000000325.001
10000006318732000000324.001
10000014224559000000450.001
10000003189128000000261.001
10000003304099000000337.501
10000006228361000000450.001
10000002734304000000342.001
10000006215558000000437.501
10000006213643000000400.001
10000004522541000000270.001
10000000950994000000537.501
10000006214493000000362.501
10000004451724000000437.501
10000004845266000000425.001
10000003188849000000036.001
10000006214526000000325.001
10000009333191000000450.001
10000001878020000000425.001
10000004782450000000350.001
10000010231954000000216.001
10000004092312000000387.501
10000004215419000000450.001
10000006263987000000450.001
10000009770096000000400.001
10000003334517000000437.501
10000003985360000000412.501
10000006229567000000425.001
10000006229541000000450.001
