REMUNERACIONES JUNIO/2015    0013830062015
10000003903776001158368.37000000000000000000
10000003304065000008307.021
10000004646234000002966.491
10000002643878000009335.791
10000004144238000002680.571
10000002674443000011468.041
10000003280439000010417.931
10000009376547000011555.961
10000002742505000005034.191
10000006214625000010921.491
10000006228741000005569.201
10000001515630000010871.931
10000002735592000006187.151
10000004144189000010368.851
10000003364415000002817.431
10000004812504000011534.171
10000003943376000008189.391
10000003730153000015501.031
10000002735758000007877.771
10000003252777000009751.471
10000003303934000006785.081
10000002732689000005028.991
10000007558337000007674.391
10000007820330000006728.931
10000008992691000006556.971
10000007739078000002899.111
10000003279614000005524.881
10000006318758000009786.821
10000004645830000008590.821
10000006586610000004167.241
10000002736011000004585.351
10000004182808000013343.381
10000002738968000003129.541
10000002738900000007319.991
10000006830603000006718.711
10000006347278000005975.321
10000002737564000003405.511
10000006255398000011835.261
10000006228973000007082.621
10000006782614000007087.361
10000009922465000007816.071
10000014024272000012879.811
10000006532986000010749.301
10000002737499000007989.131
10000009015939000003466.811
10000006211291000005713.091
10000003280281000004232.351
10000010709456000004499.381
10000002741937000007595.491
10000010193013000009026.151
10000006983197000002482.081
10000003999197000005842.731
10000008990091000004747.881
10000002736293000004985.441
10000002733869000007082.031
10000003978084000004573.961
10000002939920000003687.701
10000009871539000006172.191
10000003693426000004411.361
10000003718505000006247.611
10000010525266000021118.661
10000006233419000007243.601
10000006215566000007084.241
10000004649634000004019.631
10000008993178000004892.841
10000003304247000011055.491
10000000952495000006091.211
10000002284549000013014.891
10000009048162000011227.641
10000003328081000002385.391
10000003304073000013172.051
10000006214633000002833.231
10000016210564000028329.701
10000006229583000004689.291
10000006212463000007539.951
10000009006730000005524.911
10000002733033000004131.841
10000002734362000007796.731
10000010647028000011349.071
10000006755968000011186.661
10000003188774000002266.381
10000002737209000004049.361
10000003468853000005758.881
10000006214732000028117.031
10000002738611000008425.671
10000003980047000006213.321
10000018056669000013256.081
10000004913279000029810.401
10000002289036000013898.601
10000004649486000003419.411
10000006264133000003384.051
10000006256362000003090.201
10000003696959000004389.701
10000006264993000012409.461
10000004645971000009022.681
10000003223025000006270.091
10000006646787000003500.081
10000004143503000005395.091
10000018187084000020862.911
10000003280140000004620.901
10000003204182000003742.121
10000018130041000015739.251
10000009016771000002630.031
10000003987580000017384.801
10000009029732000005538.921
10000004653346000008616.481
10000010983498000002476.611
10000006318732000003155.941
10000006211639000015177.271
10000014224559000013569.871
10000003189128000005025.851
10000003304099000008507.521
10000017304994000019557.371
10000006228361000006227.311
10000002734304000004124.801
10000006215558000010768.841
10000006213643000003779.071
10000004522541000011337.101
10000006215540000026460.091
10000000950994000007692.871
10000006214493000006752.071
10000004451724000006039.041
10000004845266000013027.541
10000003188849000003458.441
10000009527471000031835.531
10000006214526000007457.381
10000009333191000004927.381
10000001878020000002688.191
10000004782450000006177.221
10000010231954000004997.891
10000004092312000011907.221
10000004215419000011642.041
10000006263987000005334.371
10000009770096000013975.841
10000006229559000007880.501
10000006254530000017026.851
10000003985360000008838.681
10000006229567000004901.071
10000006229541000005359.001
