BONOS FEBRERO/2015    0002423032015
10000004410085000006055.89000000000000000000
10000006423408000000324.001
10000010905814000000324.001
10000004649593000000172.261
10000010999601000000015.661
10000012084046000000323.881
10000013406736000000250.561
10000013947681000000306.001
10000009792652000000324.001
10000010960975000000031.321
10000010207640000000315.001
10000007636365000000266.221
10000008759140000000306.001
10000013878985000000046.981
10000004988678000000324.001
10000015761469000000274.051
10000004646268000000324.001
10000007687772000000288.001
10000017594793000000324.001
10000008103339000000324.001
10000006229533000000148.771
10000016497716000000274.051
10000006211986000000281.881
10000010232621000000315.001
10000004645781000000172.261
