REMUNERACIONES JUNIO/2013    0017401072013
10000003903776000959267.81000000000000000000
10000003304065000004224.061
10000004646234000004196.901
10000002643878000007995.821
10000004144238000001769.901
10000003280439000008245.091
10000009805992000005309.891
10000009376547000008288.281
10000002742505000004129.421
10000006214625000007818.211
10000004451667000003726.281
10000003217094000002097.891
10000006228741000002872.691
10000001515630000008510.021
10000002735592000004847.211
10000004144189000006535.541
10000004649444000005308.741
10000003364415000002593.591
10000004812504000006453.711
10000003943376000006829.491
10000002386832000003613.501
10000002947874000012526.481
10000003730153000009655.901
10000004038233000011089.301
10000002735758000005610.191
10000003252777000004615.191
10000003303934000005718.981
10000002732689000002963.221
10000006212405000008519.531
10000006131100000009869.611
10000007558337000003951.851
10000007820330000008618.481
10000008992691000004428.061
10000007739078000003311.711
10000003279614000004605.921
10000006318758000004060.771
10000004645830000007194.861
10000006586610000003035.401
10000002736011000002815.691
10000004182808000010464.921
10000003370420000010911.251
10000002738968000003439.201
10000006256130000001858.331
10000006228642000002866.611
10000002738900000005793.661
10000004653049000005390.141
10000006830603000006362.711
10000006347278000004575.731
10000002737564000002944.921
10000006255398000010111.431
10000006228973000003656.851
10000004646292000005607.401
10000003217309000002351.211
10000006782614000004482.091
10000009922465000005704.761
10000006532986000009362.111
10000002737499000004031.971
10000009015939000001991.401
10000006211291000003883.981
10000003280281000001398.421
10000001070945600003992.061
10000002741937000005829.691
10000001019301300007412.451
10000002574726000003893.311
10000006983197000001627.921
10000003999197000003949.211
10000001051948300004695.091
10000008990091000004147.961
10000003308314000008675.851
10000002736293000003389.311
10000006255687000006634.041
10000002733869000005734.751
10000002718449000003627.391
10000001055180700007713.691
10000003978084000006184.441
10000002939920000002195.521
10000009871539000005216.541
10000003693426000003442.001
10000004649585000003905.171
10000003718505000004930.021
10000001052526600010889.851
10000006233419000005696.381
10000006215566000004867.691
10000004649634000003705.251
10000008993178000003438.371
10000003304247000009336.521
10000009869104000013191.631
10000000952312000006155.291
10000000952495000004346.111
10000002284549000009170.481
10000009048162000009292.171
10000004004143000005673.341
10000003328081000002359.561
10000002058689000004046.351
10000003304073000008986.561
10000006214633000002671.641
10000004962672000008358.401
10000006229583000002743.931
10000006212463000006158.841
10000009006730000003145.931
10000002733033000002613.451
10000002734362000005427.111
10000003303992000004406.561
10000006755968000009233.511
10000003188774000001788.891
10000002737209000003019.511
10000003468853000004027.571
10000006214732000008295.131
10000002738611000006871.101
10000003980047000005090.441
10000003217648000003114.741
10000004363193000003538.771
10000004215328000004203.121
10000002289036000010116.131
10000001303376100010253.611
10000004649486000005332.141
10000006264133000001993.291
10000006256362000002465.921
10000003696959000003183.601
10000006264993000009492.801
10000004645971000007257.561
10000003223025000004435.381
10000004507890000010438.121
10000006646787000002677.051
10000004143503000004359.861
10000003280140000002768.491
10000007632511000003626.971
10000003204182000002059.221
10000009016771000001125.791
10000003987580000005000.581
10000009029732000003857.351
10000001100266900008214.251
10000004653346000009091.301
10000001098349800003178.711
10000003309354000009026.701
10000006318732000002004.651
10000006211639000005271.99
10000003189128000001835.001
10000003304099000006950.351
10000006228361000004995.081
10000002734304000003033.551
10000003217151000002105.251
10000006215558000003716.061
10000006213643000004594.081
10000004522541000009269.031
10000000950712000004786.441
10000006215540000007464.161
10000000950994000006928.131
10000001867833000003990.061
10000001019564700006634.041
10000006214493000006397.361
10000002575386000004333.211
10000004451724000005361.541
10000004845266000010906.191
10000003188849000002716.351
10000006214526000009007.321
10000009333191000003962.611
10000001878020000002903.651
10000004782450000005427.541
10000001023195400002805.941
10000004092312000010234.081
10000004215419000010411.201
10000001875969000006234.541
10000004144709000007831.181
10000006263987000005270.161
10000004290205000009907.411
10000009770096000011705.221
10000008988393000001258.851
10000006229559000004767.901
10000003334517000002884.991
10000000952122000005306.051
10000006254530000007973.591
10000003985360000010871.151
10000006229567000004083.891
10000006229541000004966.141
