REMUNERACIONES DICIEMBRE/2015    0012230122015
10000003903776001074060.87000000000000000000
10000003304065000008051.141
10000002643878000010392.971
10000004144238000002690.351
10000002674443000012656.521
10000003280439000012259.341
10000009376547000012490.221
10000002742505000005277.281
10000006214625000011823.201
10000006228741000006155.781
10000001515630000013375.671
10000003364415000003208.531
10000004812504000012698.901
10000003943376000008923.011
10000003730153000015935.961
10000002735758000006411.551
10000003252777000010542.071
10000003303934000007794.281
10000002732689000006317.721
10000007558337000008270.661
10000007820330000007002.931
10000008992691000006547.281
10000007739078000003137.061
10000003279614000005829.691
10000006318758000010152.191
10000004645830000009241.571
10000006586610000004514.491
10000002736011000005131.071
10000002738968000004301.991
10000002738900000008363.711
10000006830603000007471.271
10000006347278000006404.421
10000002737564000003795.001
10000006255398000012672.481
10000006228973000008323.371
10000009922465000008512.271
10000002737499000006422.341
10000009015939000006216.351
10000006211291000007990.821
10000003280281000003036.941
10000010709456000005160.831
10000002741937000008972.591
10000010193013000009781.261
10000006983197000002516.861
10000003999197000010115.681
10000008990091000005464.681
10000002736293000004896.611
10000002733869000007990.361
10000002939920000003757.751
10000009871539000006715.511
10000003718505000006821.241
10000010525266000022052.381
10000006233419000005193.441
10000006215566000007588.791
10000004649634000004698.741
10000008993178000004834.761
10000003304247000012279.101
10000000952495000006301.911
10000002284549000014109.421
10000009048162000012219.581
10000003328081000002022.171
10000003304073000013608.181
10000006214633000003079.951
10000016210564000028957.871
10000006229583000005079.801
10000006212463000008163.921
10000009006730000006070.221
10000006082634000011026.241
10000002733033000003723.341
10000002734362000008559.401
10000003188774000003018.741
10000002737209000003645.501
10000003468853000006308.531
10000006214732000028250.031
10000002738611000008811.361
10000018056669000012820.901
10000004913279000029464.251
10000002289036000011850.791
10000004649486000003861.321
10000006264133000004076.851
10000006256362000002814.041
10000003696959000006039.811
10000006264993000013456.821
10000003223025000006782.881
10000006646787000003806.381
10000004143503000005839.281
10000018187084000021746.051
10000003280140000005174.171
10000003204182000004075.311
10000018130041000017317.581
10000009016771000002855.601
10000003987580000014224.031
10000009029732000005530.061
10000004653346000009885.941
10000010983498000002539.201
10000006318732000003452.711
10000006211639000011979.721
10000014224559000015284.141
10000003189128000005629.701
10000003304099000009155.691
10000017304994000020773.571
10000006228361000006668.681
10000002734304000005445.981
10000006213643000004208.801
10000004522541000012281.241
10000006215540000026816.581
10000000950994000007701.371
10000006214493000006937.531
10000004451724000003596.791
10000004845266000014172.901
10000003188849000004231.781
10000009527471000032425.901
10000006214526000007977.191
10000009333191000005334.731
10000001878020000002944.541
10000010231954000003971.231
10000004092312000012938.411
10000004215419000012915.331
10000006263987000005774.801
10000009770096000015090.041
10000006229559000008363.361
10000006229567000005653.871
10000006229541000006033.901
