BONOS FEBRERO/2014    0014008042014
10000003903776000054093.00
10000003304065000000487.501
10000004646234000000500.001
10000002643878000000450.001
10000004144238000000475.001
10000003280439000000342.001
10000009376547000000525.001
10000002742505000000414.001
10000006214625000000525.001
10000006228741000000512.501
10000001515630000000300.001
10000002735592000000396.001
10000004144189000000324.001
10000003364415000000333.001
10000004812504000000500.001
10000003943376000000475.001
10000002947874000000500.001
10000003730153000000425.001
10000004038233000000275.001
10000002735758000000351.001
10000003252777000000342.001
10000003303934000000525.001
10000002732689000000342.001
10000006212405000000350.001
10000007558337000000396.001
10000007820330000000475.001
10000008992691000000324.001
10000007739078000000450.001
10000003279614000000468.001
10000006318758000000487.501
10000004645830000000412.501
10000006586610000000252.001
10000002736011000000351.001
10000004182808000000225.001
10000002738968000000324.001
10000002738900000000306.001
10000006830603000000400.001
10000006347278000000512.501
10000002737564000000306.001
10000006255398000000337.501
10000006228973000000350.001
10000006782614000000525.001
10000009922465000000252.001
10000014024272000000525.001
10000006532986000000525.001
10000009015939000000324.001
10000006211291000000375.001
10000003280281000000306.001
10000010709456000000525.001
10000002741937000000325.001
10000010193013000000288.001
10000006983197000000387.501
10000003999197000000500.001
10000010519483000000525.001
10000008990091000000400.001
10000002736293000000369.001
10000002733869000000180.001
10000010551807000000375.001
10000003978084000000425.001
10000002939920000000387.001
10000009871539000000180.001
10000003693426000000324.001
10000003718505000000350.001
10000010525266000000375.001
10000006233419000000512.501
10000006215566000000360.001
10000004649634000000325.001
10000008993178000000216.001
10000003304247000000525.001
10000009869104000000400.001
10000000952495000000050.001
10000002284549000000400.001
10000009048162000000200.001
10000004004143000000350.001
10000003328081000000487.501
10000002058689000000150.001
10000003304073000000362.501
10000006214633000000462.501
10000004962672000000237.501
10000006229583000000425.001
10000009006730000000270.001
10000002733033000000512.501
10000002734362000000162.001
10000006755968000000325.001
10000003188774000000288.001
10000002737209000000558.001
10000003468853000000500.001
10000006214732000000450.001
10000002738611000000324.001
10000003980047000000525.001
10000002289036000000050.001
10000004649486000000525.001
10000006264133000000525.001
10000006256362000000100.001
10000003696959000000375.001
10000006264993000000234.001
10000004645971000000525.001
10000003223025000000175.001
10000004507890000000234.001
10000006646787000000252.001
10000004143503000000325.001
10000003280140000000378.001
10000007632511000000342.001
10000003204182000000297.001
10000009016771000000378.001
10000003987580000000362.501
10000009029732000000378.001
10000004653346000000400.001
10000010983498000000425.001
10000006318732000000342.001
10000006211639000000462.501
10000014224559000000487.501
10000003189128000000396.001
10000003304099000000450.001
10000006228361000000500.001
10000006215558000000300.001
10000006213643000000500.001
10000004522541000000234.001
10000006215540000000475.001
10000000950994000000650.001
10000010195647000000414.001
10000006214493000000487.501
10000004451724000000525.001
10000004845266000000525.001
10000003188849000000297.001
10000006214526000000275.001
10000009333191000000462.501
10000001878020000000525.001
10000004782450000000200.001
10000010231954000000333.001
10000004092312000000450.001
10000004215419000000525.001
10000004144709000000525.001
10000006263987000000487.501
10000009770096000000525.001
10000006229559000000100.001
10000003334517000000362.501
10000006254530000000400.001
10000003985360000000512.501
10000006229567000000525.001
10000006229541000000387.501
