BONOS JULIO/2015    0002319082015
10000012028903000006706.0000000000000000
10000018515847000000412.001
10000004649618000000378.001
10000015614006000000270.001
10000011169071000000133.001
10000003979371000000157.001
10000011664477000000290.001
10000010472657000000172.001
10000013053660000000078.001
10000013225821000000298.001
10000004530156000000315.001
10000010676506000000125.001
10000007033173000000369.00
10000014117663000000410.001
10000011353046000000387.001
10000006751734000000321.001
10000013968421000000414.001
10000002273120000000378.001
10000017739729000000351.001
10000003304859000000387.001
10000004143800000000395.001
10000003622293000000086.001
10000004653180000000369.001
10000005439133000000211.001
