BONOS ABRIL/2016    0001717052016
10000004410085000004771.0000000000000000
10000002288955000000204.001
10000006423408000000369.001
10000010905814000000342.001
10000020542193000000329.001
10000010999601000000102.001
10000020480757000000063.001
10000010207640000000306.001
10000008759140000000342.001
10000013878985000000198.001
10000004646268000000378.001
10000010930390000000251.001
10000008103339000000378.001
10000002281082000000342.001
10000020536229000000329.001
10000020511586000000329.001
10000006211986000000305.001
10000004645781000000204.001
