BONOS DICIEMBRE/2014    0012910122014
10000003903776000045783.50
10000003304065000000437.501
10000004646234000000250.001
10000002643878000000300.001
10000004144238000000437.501
10000002674443000000437.501
10000003280439000000342.001
10000009376547000000450.001
10000002742505000000351.001
10000006214625000000375.001
10000006228741000000475.001
10000001515630000000200.001
10000002735592000000396.001
10000004144189000000252.001
10000003364415000000297.001
10000004812504000000324.001
10000003943376000000375.001
10000002735758000000288.001
10000003252777000000198.001
10000003303934000000437.501
10000002732689000000270.001
10000006212405000000275.001
10000007558337000000261.001
10000007820330000000312.501
10000008992691000000337.501
10000007739078000000425.001
10000003279614000000522.001
10000006318758000000275.001
10000004645830000000400.001
10000006586610000000072.001
10000002736011000000297.001
10000004182808000000162.501
10000002738968000000252.001
10000002738900000000360.001
10000006830603000000150.001
10000006347278000000462.501
10000002737564000000270.001
10000006255398000000275.001
10000006228973000000412.501
10000006782614000000150.001
10000009922465000000234.001
10000014024272000000475.001
10000006532986000000412.501
10000002737499000000117.001
10000009015939000000135.001
10000006211291000000325.001
10000003280281000000306.001
10000010709456000000412.501
10000002741937000000337.501
10000010193013000000351.001
10000006983197000000425.001
10000003999197000000475.001
10000010519483000000437.501
10000008990091000000450.001
10000002736293000000324.001
10000002733869000000342.001
10000010551807000000375.001
10000003978084000000475.001
10000002939920000000261.001
10000009871539000000306.001
10000003693426000000297.001
10000003718505000000387.501
10000006233419000000462.501
10000006215566000000387.501
10000004649634000000425.001
10000008993178000000405.001
10000003304247000000475.001
10000000952495000000475.001
10000002284549000000261.001
10000009048162000000400.001
10000004004143000000400.001
10000003328081000000387.501
10000003304073000000475.001
10000006214633000000450.001
10000006229583000000325.001
10000006212463000000288.001
10000009006730000000351.001
10000002733033000000375.001
10000002734362000000324.001
10000010647028000000270.001
10000006755968000000350.001
10000003188774000000261.001
10000002737209000000540.001
10000003468853000000275.001
10000002738611000000306.001
10000003980047000000437.501
10000002289036000000462.501
10000004649486000000475.001
10000006264133000000462.501
10000006256362000000325.001
10000003696959000000312.501
10000006264993000000207.001
10000004645971000000337.501
10000003223025000000400.001
10000006646787000000270.001
10000004143503000000475.001
10000003280140000000342.001
10000003204182000000279.001
10000009016771000000270.001
10000009029732000000324.001
10000004653346000000375.001
10000010983498000000375.001
10000006318732000000324.001
10000014224559000000425.001
10000003189128000000279.001
10000003304099000000437.501
10000006228361000000437.501
10000002734304000000342.001
10000006215558000000375.001
10000006213643000000387.501
10000004522541000000171.001
10000000950994000000575.001
10000006214493000000475.001
10000004451724000000437.501
10000004845266000000462.501
10000003188849000000342.001
10000006214526000000350.001
10000009333191000000375.001
10000001878020000000337.501
10000004782450000000400.001
10000010231954000000315.001
10000004092312000000412.501
10000004215419000000387.501
10000006263987000000387.501
10000009770096000000412.501
10000006229559000000075.001
10000003334517000000475.001
10000003985360000000450.001
10000006229567000000450.001
10000006229541000000462.501
