REMUNERACIONES FEBRERO/2015    0014127022015
10000003903776001156085.83000000000000000000
10000003304065000007567.741
10000004646234000002933.541
10000002643878000007249.381
10000004144238000003269.691
10000002674443000011238.001
10000003280439000010344.961
10000009376547000011884.121
10000002742505000005446.611
10000006214625000010808.811
10000006228741000005341.891
10000001515630000010484.081
10000002735592000006736.441
10000004144189000010927.561
10000003364415000003246.811
10000004812504000011582.461
10000003943376000008456.831
10000003730153000015310.461
10000002735758000005437.161
10000003252777000009712.381
10000003303934000006463.051
10000002732689000005275.601
10000006212405000011568.271
10000007558337000007652.771
10000007820330000006626.421
10000008992691000006562.661
10000007739078000002734.631
10000003279614000005242.371
10000006318758000007768.911
10000004645830000008960.691
10000006586610000003756.821
10000002736011000004074.311
10000004182808000013204.741
10000002738968000002994.371
10000002738900000007062.081
10000006830603000006523.521
10000006347278000005682.601
10000002737564000003296.641
10000006255398000011193.411
10000006228973000007609.161
10000006782614000006991.611
10000009922465000007829.601
10000014024272000013061.911
10000006532986000010555.471
10000002737499000005743.511
10000009015939000004036.641
10000006211291000005515.651
10000003280281000002220.331
10000010709456000004435.801
10000002741937000006945.481
10000010193013000008999.181
10000006983197000002142.981
10000003999197000005810.901
10000008990091000004396.991
10000002736293000004991.851
10000002733869000007150.791
10000003978084000004397.081
10000002939920000004037.641
10000009871539000006153.161
10000003693426000004599.841
10000003718505000005965.091
10000010525266000021090.691
10000006233419000006765.001
10000006215566000006867.621
10000004649634000003697.321
10000008993178000004601.431
10000003304247000010992.631
10000000952495000005808.391
10000002284549000013033.211
10000009048162000011151.331
10000004004143000006917.241
10000003328081000002259.251
10000003304073000011183.991
10000006214633000002771.721
10000016210564000030392.511
10000006229583000003538.161
10000006212463000007505.961
10000009006730000005875.281
10000002733033000003943.201
10000002734362000007613.431
10000010647028000011563.041
10000006755968000010976.191
10000003188774000002941.911
10000002737209000004076.451
10000003468853000005620.321
10000006214732000027256.401
10000002738611000008157.861
10000003980047000006183.101
10000018056669000011289.881
10000004913279000030263.651
10000002289036000013286.651
10000004649486000003383.691
10000006264133000003489.361
10000006256362000002768.031
10000003696959000004614.221
10000006264993000012137.801
10000004645971000008989.991
10000003223025000006322.651
10000006646787000003344.781
10000004143503000005288.511
10000018187084000020904.311
10000003280140000004558.151
10000003204182000003390.541
10000018130041000015244.171
10000009016771000002590.071
10000003987580000016462.891
10000009029732000005502.081
10000004653346000008589.521
10000010983498000002439.761
10000006318732000002720.301
10000006211639000015288.141
10000014224559000013630.761
10000003189128000004364.651
10000003304099000008168.601
10000017304994000019554.331
10000006228361000006228.851
10000002734304000003906.781
10000006215558000010587.331
10000006213643000003592.141
10000004522541000011311.331
10000006215540000027737.281
10000000950994000006260.431
10000006214493000006738.301
10000004451724000006007.871
10000004845266000013113.011
10000003188849000002926.041
10000009527471000032308.091
10000006214526000007224.651
10000009333191000004900.401
10000001878020000003517.061
10000004782450000005988.871
10000010231954000005036.461
10000004092312000011167.371
10000004215419000010843.741
10000006263987000006964.401
10000009770096000013829.201
10000006229559000007593.041
10000003334517000003627.271
10000006254530000016774.091
10000003985360000008949.111
10000006229567000004445.591
10000006229541000004922.581
