BONOS JUNIO/2016    0015715072016
10000003903776000048892.0000000000000000
10000016735380000000282.001
10000019990999000000378.001
10000016222428000000360.001
10000018515847000000288.001
10000009803540000000377.001
10000007821544000000329.001
10000011049249000000378.001
10000004649428000000333.001
10000018539962000000063.001
10000011036072000000378.001
10000016304812000000252.001
10000020100892000000141.001
10000004646755000000369.001
10000015052975000000378.001
10000013756701000000378.001
10000019158696000000235.001
10000020542193000000110.001
10000010914419000000063.001
10000020085862000000360.001
10000016714540000000378.001
10000019472799000000378.001
10000011049083000000324.001
10000021010537000000378.001
10000012192055000000304.001
10000003964190000000360.001
10000011169071000000219.001
10000012270041000000188.001
10000015463172000000157.001
10000018061626000000378.001
10000018733697000000329.001
10000004284943000000144.001
10000021452565000000360.001
10000020806135000000288.001
10000004144551000000313.001
10000014317809000000378.001
10000011072331000000378.001
10000004653049000000316.001
10000010973936000000378.001
10000019892400000000378.001
10000013535361000000282.001
10000019116884000000360.001
10000020967440000000486.001
10000013979163000000329.001
10000018527909000000342.001
10000020786824000000333.001
10000010676506000000157.001
10000013488908000000369.001
10000021472919000000378.001
10000002993562000000324.001
10000017657161000000378.001
10000003165657000000329.001
10000013947681000000378.001
10000010704422000000298.001
10000007704146000000378.001
10000011349657000000378.001
10000020101212000000162.001
10000019241342000000360.001
10000016998392000000172.001
10000004358491000000251.001
10000018880745000000252.001
10000021157157000000288.001
10000021239012000000377.001
10000007033173000000162.001
10000017520714000000288.001
10000007446574000000329.001
10000020129587000000301.001
10000014117663000000284.001
10000010208664000000141.001
10000016990653000000329.001
10000020108961000000378.001
10000011353046000000251.001
10000017230446000000298.001
10000006214568000000306.001
10000010408040000000313.001
10000004284373000000204.001
10000021557729000000329.001
10000017200978000000378.001
10000003716145000000329.001
10000019479183000000321.001
10000020109315000000378.001
10000006531152000000204.001
10000010658752000000164.001
10000017693800000000369.001
10000021784124000000298.001
10000015695212000000252.001
10000012165292000000282.001
10000005878076000000324.001
10000014023208000000369.001
10000021875006000000270.001
10000004649569000000313.001
10000016702016000000329.001
10000020088650000000329.001
10000014854231000000369.001
10000006427343000000329.001
10000013491274000000369.001
10000014480078000000378.001
10000021579616000000378.001
10000010644818000000378.001
10000014617233000000342.001
10000020203167000000329.001
10000009502358000000313.001
10000021908063000000342.001
10000013532820000000378.001
10000003335523000000360.001
10000015464104000000360.001
10000019258149000000086.001
10000016763943000000378.001
10000002273120000000317.001
10000003980196000000329.001
10000019319438000000251.001
10000019596028000000270.001
10000021037945000000378.001
10000018430996000000378.001
10000015444586000000288.001
10000017920261000000378.001
10000007687772000000378.001
10000015667823000000266.001
10000004869563000000369.001
10000021178525000000378.001
10000018583084000000227.001
10000014798372000000321.001
10000019795571000000219.001
10000019568390000000378.001
10000012791443000000378.001
10000011059735000000110.001
10000004003905000000378.001
10000015551521000000306.001
10000004302349000000243.001
10000019909461000000374.001
10000021728669000000329.001
10000019299086000000188.001
10000004649600000000360.001
10000005647223000000360.001
10000003622293000000180.001
10000018428751000000378.001
10000015404936000000360.001
10000017000956000000342.001
10000020227240000000288.001
10000018083654000000378.001
10000018965406000000219.001
10000018416243000000329.001
10000010672405000000378.001
10000004146086000000324.001
10000004921496000000378.001
10000000951330000000204.001
10000003996086000000378.001
10000020604258000000378.001
10000011049166000000329.001
10000020967341000000378.001
10000021237115000000157.001
10000016992336000000378.001
10000011651771000000378.001
10000011055725000000282.001
10000020745698000000378.001
10000004318403000000378.001
10000005439133000000141.001
10000011579121000000378.001
