BONOS JULIO/2015    0012516072015
10000003903776000046909.50
10000003304065000000212.501
10000004646234000000375.001
10000002643878000000312.501
10000004144238000000487.501
10000002674443000000500.001
10000003280439000000369.001
10000009376547000000475.001
10000002742505000000387.001
10000006214625000000387.501
10000006228741000000525.001
10000001515630000000350.001
10000002735592000000468.001
10000004144189000000315.001
10000003364415000000342.001
10000004812504000000270.001
10000003943376000000475.001
10000002735758000000378.001
10000003252777000000252.001
10000003303934000000425.001
10000002732689000000432.001
10000007558337000000378.001
10000007820330000000400.001
10000008992691000000375.001
10000007739078000000350.001
10000003279614000000414.001
10000006318758000000525.001
10000004645830000000500.001
10000006586610000000216.001
10000002736011000000378.001
10000004182808000000450.001
10000002738968000000288.001
10000002738900000000342.001
10000006830603000000312.501
10000006347278000000312.501
10000002737564000000207.001
10000006255398000000362.501
10000006228973000000312.501
10000006782614000000512.501
10000009922465000000144.001
10000014024272000000500.001
10000006532986000000362.501
10000002737499000000324.001
10000009015939000000333.001
10000006211291000000475.001
10000003280281000000306.001
10000010709456000000512.501
10000002741937000000437.501
10000010193013000000369.001
10000006983197000000500.001
10000003999197000000450.001
10000008990091000000525.001
10000002736293000000333.001
10000002733869000000432.001
10000003978084000000500.001
10000002939920000000360.001
10000009871539000000378.001
10000003693426000000378.001
10000003718505000000225.001
10000006233419000000512.501
10000006215566000000525.001
10000004649634000000500.001
10000008993178000000378.001
10000003304247000000475.001
10000000952495000000525.001
10000002284549000000279.001
10000009048162000000437.501
10000003328081000000200.001
10000003304073000000462.501
10000006214633000000362.501
10000006229583000000325.001
10000006212463000000270.001
10000009006730000000315.001
10000002733033000000400.001
10000002734362000000216.001
10000010647028000000198.001
10000006755968000000412.501
10000003188774000000234.001
10000002737209000000378.001
10000003468853000000375.001
10000002738611000000486.001
10000003980047000000487.501
10000018056669000000180.001
10000002289036000000300.001
10000004649486000000525.001
10000006264133000000500.001
10000006256362000000062.501
10000003696959000000487.501
10000006264993000000144.001
10000004645971000000500.001
10000003223025000000450.001
10000006646787000000162.001
10000004143503000000525.001
10000003280140000000252.001
10000003204182000000288.001
10000009016771000000342.001
10000009029732000000360.001
10000004653346000000425.001
10000010983498000000337.501
10000006318732000000306.001
10000014224559000000400.001
10000003189128000000342.001
10000003304099000000487.501
10000006228361000000450.001
10000002734304000000378.001
10000006215558000000525.001
10000006213643000000525.001
10000004522541000000378.001
10000000950994000000275.001
10000006214493000000487.501
10000004451724000000387.501
10000004845266000000237.501
10000003188849000000360.001
10000006214526000000200.001
10000009333191000000175.001
10000001878020000000350.001
10000004782450000000375.001
10000010231954000000333.001
10000004092312000000387.501
10000004215419000000275.001
10000006263987000000525.001
10000009770096000000375.001
10000006229559000000050.001
10000003985360000000500.001
10000006229567000000525.001
10000006229541000000487.501
