BONOS AGOSTO/2015    0002325092015
10000012028903000005864.0000000000000000
10000018515847000000342.001
10000004649618000000324.001
10000015614006000000234.001
10000011169071000000133.001
10000003979371000000290.001
10000011664477000000172.001
10000010472657000000251.001
10000013053660000000063.001
10000013225821000000342.001
10000004530156000000279.001
10000010676506000000180.001
10000007033173000000290.00
10000014117663000000342.001
10000011353046000000270.001
10000006751734000000298.001
10000013968421000000298.001
10000002273120000000322.001
10000017739729000000342.001
10000003304859000000298.001
10000004143800000000288.001
10000003622293000000070.001
10000004653180000000342.001
10000005439133000000094.001
