PRIMA MAYO/2015    0013201072015
10000003903776001294499.72
10000003304065000010314.001
10000004646234000006559.001
10000002643878000011566.801
10000004144238000006631.001
10000002674443000011907.001
10000003280439000016655.991
10000009376547000013933.871
10000002742505000008782.721
10000006214625000013285.871
10000006228741000010573.201
10000001515630000016070.401
10000002735592000008000.321
10000004144189000012618.001
10000003364415000006936.321
10000004812504000017303.991
10000003943376000010242.001
10000003730153000008784.001
10000002735758000008596.311
10000003252777000011309.991
10000003303934000010314.001
10000002732689000008779.521
10000007558337000009625.191
10000007820330000013251.601
10000008992691000008057.001
10000007739078000006631.001
10000003279614000007315.961
10000006318758000012949.201
10000004645830000010242.001
10000006586610000005481.631
10000002736011000010567.761
10000004182808000015973.201
10000002738968000008853.831
10000002738900000011439.141
10000006830603000016195.001
10000006347278000007981.001
10000002737564000006491.651
10000006255398000016454.201
10000006228973000017447.801
10000006782614000007837.901
10000009922465000009625.191
10000014024272000015979.001
10000006532986000013700.001
10000002737499000009940.181
10000009015939000006868.551
10000006211291000011566.801
10000003280281000006945.011
10000010709456000007463.001
10000002741937000014952.801
10000010193013000011050.791
10000006983197000004849.001
10000003999197000007463.001
10000008990091000006631.001
10000002736293000008108.411
10000002733869000009191.461
10000003978084000009245.001
10000002939920000006915.221
10000009871539000007914.011
10000003693426000008060.931
10000003718505000007981.001
10000010525266000009684.001
10000006233419000009245.001
10000006215566000008715.801
10000004649634000007463.001
10000008993178000006397.101
10000003304247000013959.201
10000000952495000007981.001
10000002284549000016195.001
10000009048162000013700.001
10000003328081000004136.001
10000003304073000013556.001
10000006214633000006944.191
10000006229583000007981.001
10000006212463000009245.001
10000009006730000006803.241
10000002733033000010497.801
10000002734362000012303.591
10000010647028000011236.671
10000006755968000013700.001
10000003188774000006863.611
10000002737209000008064.991
10000003468853000012690.001
10000006214732000000497.401
10000002738611000010068.911
10000003980047000008612.281
10000002289036000017447.801
10000004649486000008057.001
10000006264133000007722.231
10000006256362000004136.001
10000003696959000007463.001
10000006264993000017010.001
10000004645971000010242.001
10000003223025000010573.201
10000006646787000005827.231
10000004143503000006487.001
10000003280140000008173.211
10000003204182000006958.201
10000009016771000006906.201
10000003987580000002577.271
10000009029732000007914.011
10000004653346000013700.001
10000010983498000004705.001
10000006318732000004697.601
10000006211639000009151.201
10000014224559000015979.001
10000003189128000007031.231
10000003304099000010314.001
10000006228361000007722.201
10000002734304000010099.641
10000006215558000015240.181
10000006213643000007289.801
10000004522541000013700.001
10000006215540000000490.201
10000000950994000008926.911
10000006214493000015467.471
10000004451724000007985.001
10000004845266000015066.001
10000003188849000006980.721
10000006214526000016070.401
10000009333191000006037.071
10000001878020000006101.801
10000004782450000009245.001
10000010231954000004920.031
10000004092312000014472.001
10000004215419000014472.001
10000006263987000015298.401
10000009770096000017102.201
10000006229559000008575.001
10000003334517000004706.131
10000006254530000004029.301
10000003985360000010314.001
10000006229567000006944.201
10000006229541000011221.201
