BONOS MARZO/2015    0002221042015
10000012028903000006620.1500000000000000
10000004649618000000328.861
10000015614006000000360.001
10000011169071000000234.001
10000003979371000000336.691
10000011664477000000305.371
10000010472657000000234.001
10000013053660000000070.471
10000013225821000000396.001
10000004530156000000378.001
10000010676506000000162.001
10000007033173000000369.00
10000014117663000000344.521
10000011353046000000336.691
10000006751734000000360.031
10000013968421000000344.521
10000002273120000000369.861
10000017739729000000387.001
10000003304859000000342.001
10000004143800000000270.001
10000003622293000000184.261
10000004653180000000281.881
10000005439133000000225.001
