BONOS NOVIEMBRE/2014    0013113112014
10000003903776000053346.00
10000003304065000000387.501
10000004646234000000350.001
10000002643878000000425.001
10000004144238000000512.501
10000002674443000000500.001
10000003280439000000414.001
10000009376547000000325.001
10000002742505000000432.001
10000006214625000000512.501
10000006228741000000487.501
10000001515630000000387.501
10000002735592000000378.001
10000004144189000000360.001
10000003364415000000162.001
10000004812504000000378.001
10000003943376000000350.001
10000002735758000000414.001
10000003252777000000360.001
10000003303934000000450.001
10000002732689000000450.001
10000006212405000000375.001
10000007558337000000396.001
10000007820330000000387.501
10000008992691000000462.501
10000007739078000000537.501
10000003279614000000324.001
10000006318758000000512.501
10000004645830000000500.001
10000006586610000000414.001
10000002736011000000423.001
10000004182808000000337.501
10000002738968000000396.001
10000002738900000000387.001
10000006830603000000200.001
10000006347278000000325.001
10000002737564000000297.001
10000006255398000000425.001
10000006228973000000450.001
10000006782614000000275.001
10000009922465000000270.001
10000014024272000000575.001
10000006532986000000550.001
10000002737499000000306.001
10000009015939000000396.001
10000006211291000000250.001
10000003280281000000243.001
10000010709456000000550.001
10000002741937000000400.001
10000010193013000000324.001
10000006983197000000387.501
10000003999197000000437.501
10000010519483000000575.001
10000008990091000000500.001
10000002736293000000369.001
10000002733869000000468.001
10000010551807000000375.001
10000003978084000000500.001
10000002939920000000198.001
10000009871539000000360.001
10000003693426000000423.001
10000003718505000000550.001
10000006233419000000525.001
10000006215566000000525.001
10000004649634000000537.501
10000008993178000000378.001
10000003304247000000537.501
10000000952495000000550.001
10000002284549000000306.001
10000009048162000000175.001
10000004004143000000500.001
10000003328081000000187.501
10000002058689000000275.001
10000003304073000000575.001
10000006214633000000512.501
10000004962672000000525.001
10000006229583000000425.001
10000006212463000000342.001
10000009006730000000324.001
10000002733033000000337.501
10000002734362000000360.001
10000010647028000000144.001
10000006755968000000412.501
10000003188774000000324.001
10000002737209000000324.001
10000003468853000000475.001
10000002738611000000360.001
10000003980047000000387.501
10000002289036000000525.001
10000004649486000000525.001
10000006264133000000537.501
10000006256362000000175.001
10000003696959000000525.001
10000006264993000000180.001
10000004645971000000425.001
10000003223025000000400.001
10000006646787000000108.001
10000004143503000000225.001
10000003280140000000378.001
10000003204182000000324.001
10000009016771000000450.001
10000009029732000000360.001
10000004653346000000512.501
10000010983498000000450.001
10000006318732000000378.001
10000014224559000000537.501
10000003189128000000360.001
10000003304099000000562.501
10000006228361000000475.001
10000002734304000000288.001
10000006215558000000575.001
10000006213643000000512.501
10000004522541000000252.001
10000000950994000000475.001
10000010195647000000414.001
10000006214493000000562.501
10000004451724000000525.001
10000004845266000000562.501
10000003188849000000333.001
10000006214526000000387.501
10000001878020000000487.501
10000004782450000000225.001
10000010231954000000342.001
10000004092312000000425.001
10000004215419000000500.001
10000006263987000000512.501
10000009770096000000562.501
10000006229559000000175.001
10000003334517000000450.001
10000003985360000000487.501
10000006229567000000562.501
10000006229541000000525.001
