BONOS MAYO/2016    0012917052016
10000003903776000049230.00
10000017150660000000468.001
10000003304065000000237.501
10000002643878000000250.001
10000017037040000000500.001
10000004144238000000512.501
10000002674443000000512.501
10000003280439000000414.001
10000011574452000000525.001
10000009376547000000425.001
10000002742505000000387.001
10000006214625000000512.501
10000006228741000000487.501
10000001515630000000275.001
10000009894614000000252.001
10000003364415000000297.001
10000004812504000000342.001
10000003943376000000487.501
10000019879127000000378.001
10000002735758000000414.001
10000003252777000000288.001
10000003303934000000487.501
10000002732689000000540.001
10000007558337000000324.001
10000007820330000000500.001
10000008992691000000400.001
10000007739078000000487.501
10000003279614000000450.001
10000006318758000000487.501
10000004645830000000487.501
10000006586610000000306.001
10000002738968000000342.001
10000017171103000000360.001
10000002738900000000234.001
10000006830603000000425.001
10000009024980000000369.001
10000006347278000000487.501
10000018921466000000342.001
10000002737564000000297.001
10000006255398000000350.001
10000006228973000000500.001
10000009922465000000342.001
10000002737499000000414.001
10000009015939000000279.001
10000006211291000000487.501
10000003280281000000378.001
10000010709456000000387.501
10000002741937000000487.501
10000010193013000000387.001
10000006983197000000362.501
10000003999197000000360.001
10000008990091000000412.501
10000002736293000000369.001
10000002733869000000450.001
10000019339501000000360.001
10000018737160000000378.001
10000002939920000000378.001
10000009871539000000378.001
10000003718505000000100.001
10000015442803000000396.001
10000015443257000000432.001
10000006233419000000275.001
10000006215566000000300.001
10000004649634000000487.501
10000008993178000000360.001
10000003304247000000500.001
10000000952495000000525.001
10000002284549000000324.001
10000009048162000000425.001
10000003328081000000325.001
10000003304073000000487.501
10000006214633000000462.501
10000006229583000000487.501
10000006212463000000207.001
10000009006730000000234.001
10000006082634000000350.001
10000015668095000000437.501
10000002733033000000375.001
10000002734362000000378.001
10000003188774000000324.001
10000002737209000000036.001
10000003468853000000425.001
10000002738611000000342.001
10000018056669000000144.001
10000002289036000000475.001
10000004649486000000450.001
10000006264133000000512.501
10000006256362000000275.001
10000017715084000000324.001
10000018179362000000333.001
10000003696959000000462.501
10000017707388000000378.001
10000006264993000000198.001
10000003223025000000487.501
10000015482817000000432.001
10000003984445000000200.001
10000006646787000000108.001
10000004143503000000525.001
10000003280140000000378.001
10000003204182000000387.001
10000009016771000000378.001
10000009029732000000378.001
10000004653346000000325.001
10000010983498000000275.001
10000006318732000000252.001
10000014224559000000337.501
10000003189128000000315.001
10000003304099000000362.501
10000006228361000000450.001
10000002734304000000360.001
10000006213643000000487.501
10000004522541000000325.001
10000004222349000000378.001
10000015444370000000486.001
10000006214493000000475.001
10000004451724000000400.001
10000004845266000000525.001
10000003188849000000324.001
10000006214526000000275.001
10000009333191000000450.001
10000001878020000000525.001
10000011410482000000350.001
10000010231954000000342.001
10000004092312000000425.001
10000004215419000000350.001
10000006263987000000325.001
10000009770096000000487.501
10000006229559000000100.001
10000006229567000000475.001
10000006229541000000475.001
