BONOS OCTUBRE/2015    0002319112015
10000004410085000006707.00000000000000000000
10000002288955000000016.001
10000006423408000000396.001
10000010905814000000396.001
10000006615138000000382.001
10000010999601000000016.001
10000012084046000000395.001
10000013406736000000345.001
10000013947681000000329.001
10000009792652000000313.001
10000010960975000000031.001
10000010207640000000321.001
10000007636365000000345.001
10000008759140000000387.001
10000013878985000000016.001
10000004988678000000396.001
10000015761469000000329.001
10000004646268000000387.001
10000003335523000000378.001
10000007687772000000342.001
10000008103339000000387.001
10000016497716000000337.001
10000006211986000000369.001
10000004645781000000094.001
