REMUNERACIONES FEBRERO/2013    0019228022013
10000003903776001023344.04000000000000000000
10000003304065000004080.561
10000004646234000004278.261
10000002643878000007859.611
10000004144238000001917.051
10000003280439000008218.041
10000009805992000005304.791
10000009376547000008387.281
10000002742505000003544.891
10000006214625000007788.421
10000004451667000004046.361
10000006228717000003778.991
10000003217094000002279.101
10000006228741000002831.211
10000001515630000008178.151
10000002735592000004952.851
10000004144189000006620.641
10000004649444000005158.411
10000003364415000002735.781
10000004812504000006498.111
10000003943376000007277.981
10000002386832000003586.521
10000002947874000011571.411
10000003730153000009708.701
10000004038233000009925.201
10000002735758000004407.291
10000009337359000006613.041
10000003252777000003242.201
10000003303934000005821.111
10000002732689000003382.611
10000006212405000008462.961
10000006131100000009848.611
10000007558337000004386.571
10000007820330000008563.511
10000008992691000004428.061
10000009527455000007872.271
10000007739078000003311.711
10000009448213000003325.711
10000003279614000003022.091
10000006318758000003711.081
10000004645830000007242.601
10000006586610000002945.451
10000002736011000002799.531
10000004182808000011155.661
10000003370420000010911.251
10000002738968000003742.171
10000009464368000003081.061
10000006256130000002289.921
10000006228642000003142.261
10000002738900000005569.431
10000004653049000005427.541
10000006830603000003510.451
10000004144741000009836.931
10000006347278000004311.061
10000002737564000003220.441
10000006255398000010056.161
10000006228973000003477.581
10000004646292000005582.121
10000003217309000002628.781
10000006782614000004702.961
10000009922465000005829.541
10000006532986000009206.311
10000002737499000003553.651
10000009015939000002419.521
10000006348763000004214.341
10000006211291000003752.681
10000003280281000001712.401
10000002741937000005827.431
10000001019301300007412.451
10000002574726000003844.801
10000006983197000001701.061
10000003999197000003948.611
10000004577900000007736.301
10000001051948300004696.821
10000008990091000003909.621
10000005413426000006612.331
10000003308314000008498.351
10000002736293000003050.361
10000002733869000002440.611
10000002718449000003778.871
10000001055180700007293.421
10000003978084000006184.441
10000002939920000001968.351
10000009871539000005212.351
10000003693426000004372.281
10000004649585000003946.011
10000003718505000004215.041
10000001052526600010629.141
10000006233419000006330.301
10000006215566000004800.621
10000003303893000007217.731
10000004649634000003702.591
10000003622409000003307.821
10000008993178000003726.601
10000009014915000001913.411
10000008018166000002610.251
10000003304247000009383.811
10000009869104000013159.841
10000000952312000004520.071
10000000952495000004136.901
10000002284549000008891.641
10000009048162000006952.231
10000004004143000005695.141
10000003328081000002813.081
10000002058689000003936.271
10000003304073000009383.811
10000006214633000002937.151
10000004962672000008392.801
10000006229583000002543.591
10000006212463000006158.541
10000009006730000003055.351
10000006214592000002239.311
10000002733033000003436.841
10000002734362000005237.531
10000003303992000004227.761
10000006755968000009235.611
10000003188774000001196.031
10000002737209000003108.861
10000009080536000003392.341
10000003468853000004175.461
10000006214732000008235.761
10000002738611000006486.021
10000003980047000004950.211
10000009871993000003281.421
10000003217648000003263.611
10000004363193000003550.171
10000004215328000004704.491
10000002289036000009757.201
10000004649486000005368.091
10000006264133000001786.091
10000006256362000002416.161
10000003696959000003428.491
10000006264993000009220.801
10000004645971000007419.651
10000004182684000009133.361
10000003223025000004218.801
10000004507890000010427.891
10000006646787000002577.421
10000004143503000004413.561
10000003280140000001513.991
10000007632511000003683.081
10000003204182000001762.721
10000009016771000002362.931
10000003987580000005485.301
10000009029732000004700.231
10000001100266900008640.451
10000004653346000008912.121
10000001098349800003404.311
10000003309354000008978.251
10000006318732000001913.101
10000006211639000005185.19
10000003189128000001932.791
10000003304099000006772.651
10000001054587600003884.401
10000006228361000005012.121
10000002734304000003104.611
10000003217151000002158.311
10000003303976000009078.711
10000006215558000003396.931
10000006213643000004402.571
10000004522541000009886.311
10000008083937000001534.991
10000000950712000004470.661
10000006215540000007344.491
10000000950994000004434.341
10000001867833000003861.791
10000001019564700006634.041
10000006214493000006098.531
10000002575386000004542.391
10000004451724000005427.541
10000004845266000010911.251
10000003188849000002312.581
10000006214526000008651.161
10000009333191000003962.611
10000001878020000002444.891
10000004782450000005405.741
10000001023195400002797.801
10000004092312000009545.911
10000004215419000010350.701
10000001875969000006077.661
10000004144709000007856.381
10000006263987000005100.391
10000004290205000009577.161
10000009770096000011589.311
10000004649501000003176.961
10000008988393000002552.941
10000006229559000004806.001
10000003334517000002547.961
10000000952122000005788.441
10000006254530000007725.551
10000003985360000010874.951
10000006229567000003061.931
10000006229541000004719.901
