REMUNERACIONES MAYO/2016    0014715062016
10000003903776000043612.00
10000016735380000000313.001
10000019990999000000360.001
10000016222428000000351.001
10000009803540000000243.001
10000007821544000000298.001
10000011049249000000342.001
10000004649428000000360.001
10000018539962000000219.001
10000011036072000000351.001
10000016304812000000171.001
10000020100892000000234.001
10000004646755000000211.001
10000015052975000000360.001
10000013756701000000360.001
10000019158696000000315.001
10000010705727000000258.001
10000020085862000000342.001
10000016714540000000351.001
10000019472799000000180.001
10000011049083000000360.001
10000021010537000000360.001
10000012192055000000198.001
10000003964190000000306.001
10000012270041000000110.001
10000015463172000000110.001
10000018061626000000360.001
10000018733697000000298.001
10000004284943000000162.001
10000021452565000000324.001
10000004144551000000258.001
10000014317809000000351.001
10000015621316000000282.001
10000011072331000000360.001
10000004653049000000313.001
10000010973936000000342.001
10000019892400000000360.001
10000013535361000000313.001
10000019116884000000235.001
10000020967440000000486.001
10000013979163000000313.001
10000018527909000000313.001
10000020786824000000324.001
10000019340219000000251.001
10000013488908000000351.001
10000021472919000000360.001
10000002993562000000234.001
10000017657161000000342.001
10000003165657000000266.001
10000013947681000000313.001
10000010704422000000266.001
10000007704146000000288.001
10000011349657000000360.001
10000020101212000000198.001
10000019241342000000261.001
10000016998392000000313.001
10000004358491000000219.001
10000018880745000000315.001
10000021157157000000342.001
10000021239012000000360.001
10000007033173000000238.001
10000017520714000000360.001
10000007446574000000329.001
10000020129587000000180.001
10000010208664000000172.001
10000016990653000000305.001
10000020108961000000313.001
10000017230446000000266.001
10000006214568000000306.001
10000010408040000000313.001
10000004807232000000287.001
10000004284373000000094.001
10000021557729000000298.001
10000003716145000000313.001
10000019479183000000298.001
10000020109315000000360.001
10000006531152000000204.001
10000010658752000000219.001
10000017693800000000360.001
10000015695212000000234.001
10000012165292000000298.001
10000005878076000000243.001
10000014023208000000342.001
10000004649569000000282.001
10000016702016000000298.001
10000020088650000000313.001
10000014854231000000351.001
10000006427343000000219.001
10000013491274000000360.001
10000014480078000000351.001
10000011072406000000360.001
10000021579616000000094.001
10000010644818000000251.001
10000014617233000000342.001
10000020203167000000313.001
10000009502358000000063.001
10000013532820000000360.001
10000003335523000000360.001
10000015464104000000351.001
10000019258149000000351.001
10000016763943000000342.001
10000003980196000000251.001
10000019319438000000290.001
10000010489280000000306.001
10000021037945000000360.001
10000018430996000000360.001
10000015444586000000288.001
10000004807761000000234.001
10000007687772000000351.001
10000015667823000000305.001
10000004869563000000360.001
10000021178525000000360.001
10000018583084000000315.001
10000014798372000000360.001
10000007212248000000252.001
10000019795571000000329.001
10000019568390000000135.001
10000012791443000000324.001
10000011059735000000204.001
10000004003905000000180.001
10000015551521000000216.001
10000004302349000000282.001
10000019909461000000360.001
10000019299086000000225.001
10000004649600000000351.001
10000005647223000000333.001
10000018428751000000351.001
10000015404936000000360.001
10000017000956000000288.001
10000018083654000000360.001
10000018965406000000204.001
10000018416243000000313.001
10000010672405000000351.001
10000004146086000000324.001
10000004921496000000360.001
10000000951330000000235.001
10000003996086000000290.001
10000020604258000000351.001
10000011049166000000305.001
10000020967341000000360.001
10000021237115000000313.001
10000016992336000000342.001
10000011651771000000351.001
10000011055725000000266.001
10000020745698000000360.001
10000004318403000000360.001
10000019059993000000288.001
10000011579121000000360.001
