BONOS MAYO/2015    0002319062015
10000012028903000005632.0000000000000000
10000018515847000000125.001
10000004649618000000313.001
10000015614006000000240.001
10000011169071000000047.001
10000003979371000000211.001
10000011664477000000313.001
10000010472657000000207.001
10000013053660000000094.001
10000013225821000000342.001
10000004530156000000279.001
10000010676506000000125.001
10000007033173000000315.00
10000014117663000000349.001
10000011353046000000351.001
10000006751734000000333.001
10000013968421000000342.001
10000002273120000000270.001
10000017739729000000333.001
10000003304859000000337.001
10000004143800000000333.001
10000003622293000000031.001
10000004653180000000279.001
10000005439133000000063.001
