REMUNERACIONES DICIEMBRE/2014    0002923122014
10000004410085000172267.2200000000000000
10000006423408000009874.091
10000010905814000004336.501
10000004649593000007548.001
10000010999601000002942.501
10000012084046000008134.951
10000007085405000007548.001
10000004649452000005841.001
10000014016435000007369.501
10000009761029000006087.601
10000013406736000006733.471
10000009792652000010078.801
10000010960975000002942.501
10000010207640000005544.001
10000007636365000009235.051
10000006214568000009408.751
10000008759140000005178.211
10000013878985000003385.071
10000004988678000008395.501
10000015761469000005677.201
10000004646268000002433.901
10000003335523000003474.901
10000007687772000005841.001
10000008103339000004233.601
10000015212256000007273.201
10000006229533000002658.331
10000016497716000004276.801
10000006211986000006593.401
10000010232621000006291.001
10000004645781000002930.401
