BONOS ABRIL/2015    0012516042015
10000003903776000052266.50
10000003304065000000475.001
10000004646234000000412.501
10000002643878000000250.001
10000004144238000000512.501
10000002674443000000525.001
10000003280439000000423.001
10000009376547000000500.001
10000002742505000000279.001
10000006214625000000412.501
10000006228741000000375.001
10000001515630000000475.001
10000002735592000000198.001
10000004144189000000342.001
10000003364415000000405.001
10000004812504000000324.001
10000003943376000000400.001
10000002735758000000342.001
10000003252777000000333.001
10000003303934000000500.001
10000002732689000000450.001
10000007558337000000270.001
10000007820330000000512.501
10000008992691000000537.501
10000007739078000000512.501
10000003279614000000414.001
10000006318758000000550.001
10000004645830000000475.001
10000006586610000000252.001
10000002736011000000288.001
10000004182808000000100.001
10000002738968000000315.001
10000002738900000000342.001
10000006830603000000275.001
10000006347278000000525.001
10000002737564000000225.001
10000006255398000000412.501
10000006228973000000500.001
10000006782614000000550.001
10000009922465000000396.001
10000014024272000000550.001
10000006532986000000550.001
10000002737499000000333.001
10000009015939000000441.001
10000006211291000000400.001
10000003280281000000270.001
10000010709456000000475.001
10000002741937000000475.001
10000010193013000000216.001
10000006983197000000537.501
10000003999197000000537.501
10000008990091000000475.001
10000002736293000000369.001
10000002733869000000396.001
10000003978084000000550.001
10000002939920000000351.001
10000009871539000000396.001
10000003693426000000405.001
10000003718505000000512.501
10000006233419000000537.501
10000006215566000000550.001
10000004649634000000487.501
10000008993178000000414.001
10000003304247000000525.001
10000000952495000000537.501
10000002284549000000369.001
10000009048162000000537.501
10000004004143000000387.501
10000003328081000000312.501
10000003304073000000537.501
10000006214633000000550.001
10000006229583000000437.501
10000006212463000000360.001
10000009006730000000351.001
10000002733033000000500.001
10000002734362000000387.001
10000010647028000000126.001
10000006755968000000150.001
10000003188774000000072.001
10000002737209000000396.001
10000003468853000000337.501
10000002738611000000396.001
10000003980047000000512.501
10000018056669000000108.001
10000002289036000000525.001
10000004649486000000537.501
10000006264133000000500.001
10000006256362000000350.001
10000003696959000000512.501
10000006264993000000261.001
10000004645971000000537.501
10000003223025000000462.501
10000006646787000000126.001
10000004143503000000462.501
10000003280140000000369.001
10000003204182000000288.001
10000009016771000000522.001
10000009029732000000333.001
10000004653346000000450.001
10000010983498000000450.001
10000006318732000000396.001
10000014224559000000537.501
10000003189128000000423.001
10000003304099000000462.501
10000006228361000000512.501
10000002734304000000459.001
10000006215558000000550.001
10000006213643000000525.001
10000004522541000000315.001
10000000950994000000387.501
10000006214493000000450.001
10000004451724000000400.001
10000004845266000000500.001
10000003188849000000387.001
10000006214526000000437.501
10000001878020000000437.501
10000004782450000000450.001
10000010231954000000396.001
10000004092312000000512.501
10000004215419000000412.501
10000006263987000000525.001
10000009770096000000550.001
10000003334517000000550.001
10000003985360000000537.501
10000006229567000000487.501
10000006229541000000475.001
