BONOS NOVIEMBRE/2015    0010812112015
10000003903776000043128.50
10000003304065000000325.001
10000002643878000000412.501
10000004144238000000375.001
10000002674443000000550.001
10000003280439000000405.001
10000009376547000000462.501
10000002742505000000432.001
10000006214625000000462.501
10000006228741000000375.001
10000001515630000000412.501
10000003364415000000432.001
10000004812504000000369.001
10000003943376000000512.501
10000002735758000000288.001
10000003252777000000279.001
10000003303934000000537.501
10000002732689000000414.001
10000007558337000000378.001
10000007820330000000375.001
10000008992691000000275.001
10000007739078000000425.001
10000003279614000000450.001
10000006318758000000487.501
10000004645830000000450.001
10000006586610000000306.001
10000002736011000000387.001
10000002738968000000360.001
10000002738900000000297.001
10000006830603000000350.001
10000006347278000000537.501
10000002737564000000279.001
10000006255398000000300.001
10000006228973000000525.001
10000009922465000000378.001
10000002737499000000315.001
10000009015939000000414.001
10000006211291000000350.001
10000003280281000000351.001
10000010709456000000412.501
10000002741937000000350.001
10000010193013000000333.001
10000006983197000000437.501
10000003999197000000537.501
10000008990091000000512.501
10000002736293000000270.001
10000002733869000000450.001
10000002939920000000378.001
10000009871539000000378.001
10000003718505000000537.501
10000006233419000000475.001
10000006215566000000425.001
10000004649634000000487.501
10000008993178000000414.001
10000003304247000000525.001
10000000952495000000525.001
10000002284549000000396.001
10000009048162000000375.001
10000003328081000000075.001
10000003304073000000437.501
10000006214633000000500.001
10000006229583000000312.501
10000006212463000000288.001
10000009006730000000378.001
10000002733033000000500.001
10000002734362000000378.001
10000003188774000000261.001
10000002737209000000558.001
10000003468853000000450.001
10000002738611000000414.001
10000018056669000000072.001
10000002289036000000375.001
10000004649486000000350.001
10000006264133000000525.001
10000006256362000000212.501
10000003696959000000475.001
10000006264993000000225.001
10000003223025000000500.001
10000006646787000000360.001
10000004143503000000525.001
10000003280140000000342.001
10000003204182000000270.001
10000009016771000000504.001
10000009029732000000198.001
10000004653346000000375.001
10000010983498000000075.001
10000006318732000000270.001
10000014224559000000250.001
10000003189128000000360.001
10000003304099000000437.501
10000006228361000000525.001
10000002734304000000360.001
10000006213643000000537.501
10000004522541000000216.001
10000000950994000000700.001
10000006214493000000550.001
10000004451724000000525.001
10000004845266000000550.001
10000003188849000000360.001
10000006214526000000300.001
10000009333191000000537.501
10000001878020000000500.001
10000010231954000000324.001
10000004092312000000375.001
10000004215419000000450.001
10000006263987000000375.001
10000009770096000000400.001
10000006229567000000487.501
10000006229541000000550.001
