PRIMA JUNIO/2014    0013806062014
10000003903776001210509.51
10000003304065000005832.001
10000004646234000005832.001
10000002643878000010404.001
10000004144238000004212.001
10000003280439000015105.601
10000009376547000011166.001
10000002742505000007544.591
10000006214625000010818.001
10000006228741000008604.001
10000001515630000014472.001
10000002735592000006687.431
10000004144189000008208.001
10000003364415000006240.941
10000004812504000012906.001
10000003943376000009180.001
10000003730153000012960.001
10000004038233000014526.001
10000002735758000007783.191
10000003252777000010245.601
10000003303934000009180.001
10000002732689000008709.011
10000006212405000013608.001
10000007558337000005767.201
10000007820330000011736.001
10000008992691000005832.001
10000007739078000005292.001
10000003279614000006402.201
10000006318758000010818.001
10000004645830000009180.001
10000006586610000004924.801
10000002736011000008347.621
10000004182808000013608.001
10000002738968000007674.481
10000002738900000008947.801
10000006830603000013140.001
10000006347278000007092.001
10000002737564000005891.941
10000006255398000013356.001
10000006228973000014184.001
10000006782614000006123.601
10000009922465000007890.961
10000006532986000012258.001
10000002737499000008444.301
10000009015939000006154.201
10000006211291000008352.001
10000003280281000006186.331
10000010709456000002177.701
10000002741937000013482.001
10000010193013000009849.601
10000006983197000004212.001
10000003999197000005292.001
10000010519483000005832.001
10000008990091000005832.001
10000002736293000006703.201
10000002733869000008279.481
10000010551807000017990.001
10000003978084000008208.001
10000002939920000006163.201
10000009871539000006998.401
10000003693426000006357.611
10000003718505000006784.201
10000010525266000013500.001
10000006233419000008388.001
10000006215566000007056.001
10000004649634000006588.001
10000008993178000004702.501
10000003304247000012654.001
10000000952495000006804.001
10000002284549000012258.001
10000009048162000012258.001
10000004004143000007128.001
10000003328081000003208.001
10000002058689000009144.001
10000003304073000012258.001
10000006214633000005940.001
10000004962672000010422.001
10000006229583000007092.001
10000006212463000008208.001
10000009006730000004612.841
10000002733033000008352.001
10000002734362000011073.601
10000006755968000012258.001
10000003188774000006579.741
10000002737209000006986.951
10000003468853000009180.001
10000006214732000014922.001
10000002738611000009167.031
10000003980047000007603.201
10000002289036000013356.001
10000004649486000007128.001
10000006264133000005202.001
10000006256362000003744.001
10000003696959000005832.001
10000006264993000014760.001
10000004645971000009180.001
10000003223025000009576.001
10000004507890000012960.001
10000006646787000004924.801
10000004143503000005832.001
10000003280140000005450.401
10000007632511000005088.851
10000003204182000006054.711
10000009016771000004450.441
10000003987580000013140.001
10000009029732000006998.401
10000004653346000012258.001
10000010983498000004212.001
10000006318732000004212.001
10000006211639000013482.001
10000003189128000006299.531
10000003304099000009180.001
10000006228361000006768.001
10000002734304000008844.111
10000006215558000007856.621
10000006213643000006516.001
10000004522541000012258.001
10000006215540000014706.001
10000000950994000009288.921
10000010195647000008208.001
10000006214493000013482.001
10000004451724000007128.001
10000004845266000013500.001
10000003188849000006107.361
10000006214526000014472.001
10000009333191000005292.001
10000001878020000005886.451
10000004782450000007128.001
10000010231954000004010.001
10000004092312000012960.001
10000004215419000012960.001
10000006263987000013770.001
10000009770096000014436.001
10000006229559000007032.001
10000003334517000003641.081
10000006254530000014760.001
10000003985360000007552.801
10000006229567000006228.001
10000006229541000008064.001
