REMUNERACIONES MARZO/2016    0014431032016
10000003903776001210815.90000000000000000000
10000017150660000005885.491
10000003304065000009052.321
10000006374396000006014.801
10000002643878000010371.211
10000017037040000003676.991
10000004144238000002616.711
10000002674443000012659.231
10000003280439000012276.861
10000011574452000006075.381
10000009376547000012954.141
10000002742505000006580.511
10000006214625000011829.361
10000006228741000006135.381
10000001515630000013374.571
10000009894614000008550.931
10000003364415000003182.091
10000004812504000012692.601
10000003943376000008923.841
10000003730153000016745.091
10000019879127000004413.921
10000002735758000007334.871
10000003252777000010566.311
10000003303934000007885.741
10000002732689000005828.251
10000007558337000008200.461
10000007820330000007050.821
10000008992691000007137.691
10000007739078000003260.021
10000003279614000006124.411
10000006318758000010166.171
10000004645830000009515.571
10000006586610000004503.801
10000002736011000004773.121
10000002738968000004547.371
10000017171103000005265.691
10000002738900000007905.021
10000006830603000008243.081
10000009024980000004454.931
10000006347278000006406.221
10000018921466000005146.371
10000002737564000003691.181
10000006255398000011717.221
10000006228973000008814.911
10000009922465000008512.271
10000002737499000007193.261
10000009015939000004446.511
10000006211291000008025.531
10000003280281000002820.351
10000010709456000005143.651
10000002741937000009035.611
10000010193013000009705.171
10000006983197000002296.861
10000003999197000010114.091
10000008990091000005458.521
10000002736293000004891.811
10000002733869000007040.451
10000019339501000005435.641
10000018737160000006615.881
10000002939920000003827.841
10000009871539000006254.501
10000003718505000006821.541
10000015442803000004516.051
10000010525266000022052.381
10000015443257000005924.801
10000006233419000005848.081
10000006215566000007618.351
10000004649634000004716.611
10000008993178000004490.691
10000003304247000012295.561
10000000952495000006195.551
10000002284549000014244.011
10000009048162000012216.681
10000003328081000002066.341
10000003304073000014334.951
10000006214633000003104.661
10000016210564000028976.871
10000006229583000005090.521
10000006212463000008173.421
10000009006730000005025.731
10000006082634000011753.191
10000015668095000007410.951
10000002733033000003631.461
10000002734362000008574.961
10000021263706000004212.551
10000003188774000003370.631
10000002737209000003736.351
10000003468853000006203.151
10000006214732000028432.261
10000002738611000008830.471
10000018056669000013133.151
10000004913279000029754.161
10000002289036000011901.901
10000004649486000003874.451
10000006264133000004239.551
10000006256362000003094.561
10000017715084000004821.541
10000018179362000006836.201
10000003696959000006068.281
10000017707388000004454.931
10000006264993000013459.021
10000003223025000006926.291
10000015482817000005962.301
10000003984445000015064.891
10000006646787000003811.141
10000004143503000005842.081
10000018187084000021850.451
10000003280140000005193.151
10000003204182000004434.611
10000018130041000017464.301
10000009016771000003114.341
10000003987580000014448.081
10000009029732000005936.661
10000004653346000009910.911
10000010983498000002852.271
10000006318732000003465.801
10000006211639000011488.291
10000014224559000015211.201
10000003189128000006013.421
10000003304099000009196.541
10000017304994000020773.571
10000006228361000006801.551
10000002734304000004859.581
10000006213643000004555.911
10000004522541000012288.641
10000004222349000004420.131
10000006215540000024477.411
10000015444370000006178.961
10000006214493000007439.751
10000004451724000003563.461
10000004845266000014240.321
10000003188849000003683.421
10000009527471000032730.501
10000006214526000008020.511
10000009333191000005334.731
10000001878020000002859.801
10000011410482000009139.881
10000010231954000003969.811
10000004092312000012374.961
10000004215419000012910.931
10000006263987000006245.531
10000009770096000014993.881
10000006229559000008366.161
10000006229567000005456.731
10000006229541000006067.981
