BONOS ENERO/2014    0002026062014
10000004410085000005094.00000000000000000000
10000006423408000000225.001
10000010905814000000315.001
10000004649593000000342.001
10000012084046000000342.001
10000007085405000000180.001
10000004649452000000126.001
10000013406736000000261.001
10000009792652000000360.001
10000010960975000000054.001
10000010207640000000342.001
10000008759140000000342.001
10000013878985000000054.001
10000004988678000000342.001
10000003335523000000045.001
10000013907643000000342.001
10000007687772000000378.001
10000008103339000000342.001
10000006229533000000117.001
10000010232621000000369.001
10000004645781000000144.001
