REMUNERACIONES JUNIO/2011    0010405072011
10000003903776000386821.62
10000006265008000002447.301
10000003280439000005101.841
10000002742505000002676.371
10000006214625000004172.141
10000003303942000003248.681
10000006228717000002928.651
10000006229335000003604.041
10000006253904000004685.161
10000006228741000002825.131
10000001515630000004265.691
10000002735592000004085.591
10000003364415000003020.491
10000002386832000001962.331
10000004401547000011583.661
10000002735758000003581.411
10000003996466000007870.961
10000003252777000001570.071
10000006265016000010217.891
10000002732689000002394.201
10000006212405000005281.771
10000006210938000010184.801
10000003279614000001890.771
10000006212538000005102.891
10000006318758000002714.101
10000009524370000002906.481
10000002736011000001739.911
10000002735857000001689.751
10000006318774000007654.741
10000002738968000002721.091
10000006256130000001387.281
10000006228642000001627.431
10000002738900000005040.671
10000004144741000008040.791
10000006347278000003598.361
10000002737564000001508.681
10000006255398000008174.131
10000006228973000002664.281
10000002737499000004024.781
10000006348763000006703.531
10000006211291000002205.641
10000003280281000001801.581
10000002741937000002789.071
10000002574726000001879.571
10000002736293000001907.851
10000002733869000002309.741
10000002718449000001756.601
10000009526350000002983.901
10000001431935000002829.141
10000003364506000002403.221
10000002939920000001178.881
10000003718505000003633.401
10000006233419000006185.731
10000006215566000001433.691
10000003303893000004552.641
10000003716145000011099.071
10000009523120000002546.521
10000009512570000003165.721
10000009524950000002809.731
10000002058689000003209.901
10000006214633000001936.741
10000006229583000001479.401
10000006214592000001539.031
10000002733033000002158.681
10000002734362000003304.091
10000003188774000002041.561
10000002737209000002053.771
10000006214732000007884.081
10000006255629000008685.581
10000002738611000001860.671
10000006313261000008118.841
10000006264133000001646.491
10000006256362000002747.071
10000006264993000007972.341
10000003223025000002041.931
10000002737374000001297.801
10000003280140000002055.541
10000003204182000002258.681
10000004314865000006223.941
10000003987580000004484.731
10000006318732000001291.021
10000006211639000001218.251
10000003189128000002141.751
10000006228361000003947.591
10000006318766000010229.391
10000002734304000002528.661
10000006215558000003063.331
10000006213643000003612.061
10000009507120000001955.451
10000006215540000007797.201
10000009539720000002431.591
10000009509940000003245.791
10000001867833000002634.151
10000006214493000001615.871
10000002575386000001924.071
10000003188849000001207.121
10000006214526000009678.911
10000001878020000001406.461
10000001875969000002829.931
10000006263987000001337.301
10000009521220000003449.131
10000006254530000007800.641
10000006229567000001406.921
10000006229541000002044.041
