BONOS AGOSTO/2014    0002023092014
10000013881102000004742.5600000000000000
10000015614006000000297.001
10000016513801000000093.961
10000016676972000000108.001
10000013071109000000250.561
10000002902505000000360.001
10000003311375000000279.001
10000011353046000000342.001
10000016075588000000078.301
10000010644818000000297.001
10000003999048000000156.601
10000004452839000000326.711
10000007859131000000086.131
10000015426914000000090.001
10000011054173000000358.201
10000015473171000000360.001
10000013917808000000360.001
10000007738947000000351.001
10000014315514000000250.561
10000017011846000000140.941
10000017149233000000156.601
