BONOS MAYO/2015    0002219062015
10000004410085000006217.00000000000000000000
10000006423408000000342.001
10000010905814000000324.001
10000006615138000000288.001
10000012084046000000360.001
10000013406736000000266.001
10000013947681000000306.001
10000009792652000000359.001
10000010207640000000313.001
10000007636365000000305.001
10000008759140000000333.001
10000004988678000000360.001
10000015761469000000219.001
10000004646268000000351.001
10000003335523000000008.001
10000007687772000000312.001
10000017594793000000342.001
10000008103339000000352.001
10000006229533000000094.001
10000016497716000000305.001
10000006211986000000342.001
10000010232621000000266.001
10000004645781000000070.001
