BONOS NOVIEMBRE/2015    0002411122015
10000004410085000006067.0000000000000000
10000002288955000000016.001
10000006423408000000360.001
10000010905814000000348.001
10000006615138000000282.001
10000010999601000000031.001
10000020480757000000031.001
10000012084046000000360.001
10000013406736000000313.001
10000013947681000000342.001
10000009792652000000360.001
10000010960975000000110.001
10000010207640000000297.001
10000007636365000000356.001
10000008759140000000333.001
10000013878985000000036.001
10000004988678000000242.001
10000015761469000000126.001
10000004646268000000360.001
10000003335523000000324.001
10000007687772000000324.001
10000008103339000000351.001
10000016497716000000305.001
10000006211986000000350.001
10000004645781000000110.001
