REMUNERACIONES DICIEMBRE/2015    0002520012016
10000003903776000008604.00
10000002288955000000252.001
10000006423408000000378.001
10000010905814000000360.001
10000006615138000000372.001
10000010999601000000196.001
10000020480757000000204.001
10000012084046000000396.001
10000013406736000000321.001
10000013947681000000369.001
10000009792652000000324.001
10000010960975000000204.001
10000010207640000000305.001
10000007636365000000329.001
10000008759140000000378.001
10000013878985000000234.001
10000004988678000000378.001
10000015761469000000324.001
10000004646268000000360.001
10000003335523000000369.001
10000010930390000000141.001
10000007687772000000396.001
10000008103339000000396.001
10000016497716000000329.001
10000006211986000000396.001
10000004645781000000157.001
