REMUNERACIONES DICIEMBRE/2013    0014419122013
10000003903776001140327.83
10000003304065000005832.001
10000004646234000005832.001
10000002643878000009180.001
10000004144238000004212.001
10000003280439000012258.001
10000009376547000010422.001
10000002742505000004806.001
10000006214625000010422.001
10000006228741000007848.001
10000001515630000012960.001
10000002735592000004212.001
10000004144189000008208.001
10000004649444000007128.001
10000003364415000004212.001
10000004812504000012258.001
10000003943376000009180.001
10000002947874000014526.001
10000003730153000012960.001
10000004038233000014526.001
10000002735758000004806.001
10000003252777000008208.001
10000003303934000009180.001
10000002732689000004806.001
10000006212405000012960.001
10000007558337000004806.001
10000007820330000011340.001
10000008992691000005832.001
10000007739078000005292.001
10000003279614000004212.001
10000006318758000009144.001
10000004645830000009180.001
10000006586610000003564.001
10000002736011000005292.001
10000004182808000012960.001
10000002738968000005292.001
10000002738900000005832.001
10000006830603000012960.001
10000006347278000005292.001
10000002737564000004212.001
10000006255398000012960.001
10000006228973000012960.001
10000004646292000010422.001
10000006782614000005832.001
10000009922465000006588.001
10000006532986000012258.001
10000002737499000005832.001
10000009015939000004212.001
10000006211291000007128.001
10000003280281000004212.001
10000010709456000002177.701
10000002741937000012258.001
10000010193013000008208.001
10000006983197000003877.331
10000003999197000005292.001
10000010519483000005832.001
10000008990091000005832.001
10000002736293000004806.001
10000002733869000004806.001
10000010551807000017990.001
10000003978084000008208.001
10000002939920000004806.001
10000009871539000005832.001
10000003693426000004806.001
10000004649585000005292.001
10000003718505000004212.001
10000010525266000013500.001
10000006233419000008208.001
10000006215566000005832.001
10000004649634000006156.001
10000008993178000003564.001
10000003304247000012258.001
10000009869104000014526.001
10000000952495000005292.001
10000002284549000012258.001
10000009048162000012258.001
10000004004143000007128.001
10000003328081000003208.001
10000002058689000008208.001
10000003304073000012258.001
10000006214633000005292.001
10000004962672000010422.001
10000006229583000005292.001
10000006212463000008208.001
10000009006730000003208.001
10000002733033000007128.001
10000002734362000008208.001
10000006755968000012258.001
10000003188774000004212.001
10000002737209000004212.001
10000003468853000009180.001
10000006214732000014526.001
10000002738611000005292.001
10000003980047000007128.001
10000002289036000012960.001
10000004649486000007128.001
10000006264133000004806.001
10000006256362000003564.001
10000003696959000005832.001
10000006264993000012960.001
10000004645971000009180.001
10000003223025000009180.001
10000004507890000012960.001
10000006646787000003564.001
10000004143503000005832.001
10000003280140000004212.001
10000007632511000003564.001
10000003204182000004212.001
10000009016771000003208.001
10000003987580000012960.001
10000009029732000005832.001
10000004653346000012258.001
10000010983498000004212.001
10000006318732000003564.001
10000006211639000012258.00
10000003189128000004212.001
10000003304099000009180.001
10000006228361000006588.001
10000002734304000005292.001
10000006215558000007128.001
10000006213643000005292.001
10000004522541000012258.001
10000006215540000014526.001
10000000950994000005292.001
10000010195647000008208.001
10000006214493000012258.001
10000004451724000007128.001
10000004845266000013500.001
10000003188849000004212.001
10000006214526000012960.001
10000009333191000005292.001
10000001878020000004212.001
10000004782450000007128.001
10000010231954000003208.001
10000004092312000012960.001
10000004215419000012960.001
10000004144709000010422.001
10000006263987000012258.001
10000009770096000013500.001
10000006229559000005832.001
10000003334517000003208.001
10000006254530000012960.001
10000003985360000009676.801
10000006229567000005292.001
10000006229541000007128.001
