BONOS MARZO/2014    0002527062014
10000004410085000006894.0000000000000000
10000006423408000000306.001
10000010905814000000234.001
10000004649593000000342.001
10000010999601000000063.001
10000012084046000000342.001
10000007085405000000297.001
10000004649452000000252.001
10000014016435000000306.001
10000013406736000000342.001
10000009792652000000270.001
10000010960975000000171.001
10000010207640000000324.001
10000007636365000000342.001
10000006214568000000324.001
10000008759140000000333.001
10000004988678000000333.001
10000003335523000000081.001
10000013907643000000324.001
10000007687772000000297.001
10000008103339000000315.001
10000015212256000000342.001
10000006229533000000153.001
10000006211986000000324.001
10000010232621000000243.001
10000004645781000000234.001
