000013000530000000044701020900000111220000216.00  
000013000530000000044701020900000111400000783.00  
000013000530000000044701020900000111700009180.00  
000013000530000000044701020900000113110000939.60  
000013000530000000044701020900000113120000160.67  
000013000530000000044701020900000113131000281.88  
000013000530000000044701020900000113200000187.92  
000013000890000000045263860900000111400000486.00  
000013000890000000045263860900000111700005832.00  
000013000890000000045263860900000113110000583.20  
000013000890000000045263860900000113120000099.73  
000013000890000000045263860900000113131000174.96  
000013000890000000045263860900000113200000116.64  
000013000540000000030812510900000111220001468.80  
000013000540000000030812510900000111400000887.40  
000013000540000000030812510900000111700009180.00  
000013000540000000030812510900000113110001064.88  
000013000540000000030812510900000113120000182.09  
000013000540000000030812510900000113131000319.46  
000013000540000000030812510900000113200000212.98  
000013000900000000045103950900000111220000216.00  
000013000900000000045103950900000111400000504.00  
000013000900000000045103950900000111600001200.00  
000013000900000000045103950900000111700005832.00  
000013000900000000045103950900000113110000604.80  
000013000900000000045103950900000113120000103.42  
000013000900000000045103950900000113131000181.44  
000013000900000000045103950900000113200000120.96  
000013000440000000009521340900000111220001814.40  
000013000440000000009521340900000111400001096.20  
000013000440000000009521340900000111700011340.00  
000013000440000000009521340900000113110001315.44  
000013000440000000009521340900000113120000224.94  
000013000440000000009521340900000113131000394.63  
000013000440000000009521340900000113200000263.09  
000013000280000000030994141100000111220000475.20  
000013000280000000030994141100000111310002451.60  
000013000280000000030994141100000111400001265.40  
000013000280000000030994141100000111700012258.00  
000013000280000000030994141100000113110001518.48  
000013000280000000030994141100000113120000259.66  
000013000280000000030994141100000113131000455.54  
000013000280000000030994141100000113200000303.70  
000013000490000000008109860900000111220001123.20  
000013000490000000008109860900000111400000962.10  
000013000490000000008109860900000111700010422.00  
000013000490000000008109860900000113110001154.52  
000013000490000000008109860900000113120000197.42  
000013000490000000008109860900000113131000346.36  
000013000490000000008109860900000113200000230.90  
000013001150000000043297891100000111220001123.20  
000013001150000000043297891100000111310000961.20  
000013001150000000043297891100000111400000654.97  
000013001150000000043297891100000111700004806.00  
000013001150000000043297891100000111910000969.22  
000013001150000000043297891100000113110000785.96  
000013001150000000043297891100000113120000134.40  
000013001150000000043297891100000113131000235.79  
000013001150000000043297891100000113200000157.19  
000013000500000000024064850900000111220000475.20  
000013000500000000024064850900000111400000908.10  
000013000500000000024064850900000111700010422.00  
000013000500000000024064850900000113110001089.72  
000013000500000000024064850900000113120000186.34  
000013000500000000024064850900000113131000326.92  
000013000500000000024064850900000113200000217.94  
000013000550000000033144560900000111220000475.20  
000013000550000000033144560900000111400000804.60  
000013000550000000033144560900000111700009180.00  
000013000550000000033144560900000113110000965.52  
000013000550000000033144560900000113120000165.10  
000013000550000000033144560900000113131000289.66  
000013000550000000033144560900000113200000193.10  
000013000210000000036231231100000111220001814.40  
000013000210000000036231231100000111400001231.20  
000013000210000000036231231100000111700012960.00  
000013000210000000036231231100000113110001477.44  
000013000210000000036231231100000113120000252.64  
000013000210000000036231231100000113131000443.23  
000013000210000000036231231100000113200000295.49  
000013001210000000018643811100000111220001123.20  
000013001210000000018643811100000111310000842.40  
000013001210000000018643811100000111400000613.37  
000013001210000000018643811100000111700004212.00  
000013001210000000018643811100000111910001182.87  
000013001210000000018643811100000113110000736.05  
000013001210000000018643811100000113120000125.86  
000013001210000000018643811100000113131000220.81  
000013001210000000018643811100000113200000147.21  
000013000450000000035116591200000111400000945.00  
000013000450000000035116591200000111700011340.00  
000013000450000000035116591200000113110001134.00  
000013000450000000035116591200000113120000193.91  
000013000450000000035116591200000113131000340.20  
000013000450000000035116591200000113200000226.80  
000013001220000000017642751100000111220000475.20  
000013001220000000017642751100000111310000842.40  
000013001220000000017642751100000111400000552.06  
000013001220000000017642751100000111600001200.00  
000013001220000000017642751100000111700004212.00  
000013001220000000017642751100000111910001095.12  
000013001220000000017642751100000113110000662.47  
000013001220000000017642751100000113120000113.28  
000013001220000000017642751100000113131000198.74  
000013001220000000017642751100000113200000132.49  
000013000290000000037708311100000111220000777.60  
000013000290000000037708311100000111310002451.60  
000013000290000000037708311100000111400001290.60  
000013000290000000037708311100000111700012258.00  
000013000290000000037708311100000113110001548.72  
000013000290000000037708311100000113120000264.83  
000013000290000000037708311100000113131000464.62  
000013000290000000037708311100000113200000309.74  
000013000560000000051699641000000111400000765.00  
000013000560000000051699641000000111700009180.00  
000013000560000000051699641000000113110000918.00  
000013000560000000051699641000000113120000156.98  
000013000560000000051699641000000113131000275.40  
000013000560000000051699641000000113200000183.60  
000013000220000000044147960900000111220000216.00  
000013000220000000044147960900000111400001098.00  
000013000220000000044147960900000111700012960.00  
000013000220000000044147960900000113110001317.60  
000013000220000000044147960900000113120000225.31  
000013000220000000044147960900000113131000395.28  
000013000220000000044147960900000113200000263.52  
000013001160000000035049721100000111220001468.80  
000013001160000000035049721100000111310000961.20  
000013001160000000035049721100000111400000644.05  
000013001160000000035049721100000111700004806.00  
000013001160000000035049721100000111910000492.62  
000013001160000000035049721100000113110000772.86  
000013001160000000035049721100000113120000132.16  
000013001160000000035049721100000113131000231.86  
000013001160000000035049721100000113200000154.57  
000013000650000000044144611100000111220000475.20  
000013000650000000044144611100000111310001641.60  
000013000650000000044144611100000111400000860.40  
000013000650000000044144611100000111600001200.00  
000013000650000000044144611100000111700008208.00  
000013000650000000044144611100000113110001032.48  
000013000650000000044144611100000113120000176.55  
000013000650000000044144611100000113131000309.74  
000013000650000000044144611100000113200000206.50  
000013000570000000030128040900000111220000216.00  
000013000570000000030128040900000111400000783.00  
000013000570000000030128040900000111700009180.00  
000013000570000000030128040900000113110000939.60  
000013000570000000030128040900000113120000160.67  
000013000570000000030128040900000113131000281.88  
000013000570000000030128040900000113200000187.92  
000013001170000000037549901100000111220001468.80  
000013001170000000037549901100000111310000961.20  
000013001170000000037549901100000111400000710.38  
000013001170000000037549901100000111700004806.00  
000013001170000000037549901100000111910001288.61  
000013001170000000037549901100000113110000852.46  
000013001170000000037549901100000113120000145.77  
000013001170000000037549901100000113131000255.74  
000013001170000000037549901100000113200000170.49  
000013000080000000028681720900000111220000777.60  
000013000080000000028681720900000111400001275.30  
000013000080000000028681720900000111700014526.00  
000013000080000000028681720900000113110001530.36  
000013000080000000028681720900000113120000261.69  
000013000080000000028681720900000113131000459.11  
000013000080000000028681720900000113200000306.07  
000013000740000000052918901100000111220000216.00  
000013000740000000052918901100000111310001425.60  
000013000740000000052918901100000111400000730.80  
000013000740000000052918901100000111700007128.00  
000013000740000000052918901100000113110000876.96  
000013000740000000052918901100000113120000149.96  
000013000740000000052918901100000113131000263.09  
000013000740000000052918901100000113200000175.39  
000013002000000000037570881200000111220000777.60  
000013002000000000037570881200000111400001009.80  
000013002000000000037570881200000111700011340.00  
000013002000000000037570881200000113110001211.76  
000013002000000000037570881200000113120000207.21  
000013002000000000037570881200000113131000363.53  
000013002000000000037570881200000113200000242.35  
000013000750000000040131221000000111220000216.00  
000013000750000000040131221000000111400000612.00  
000013000750000000040131221000000111700007128.00  
000013000750000000040131221000000113110000734.40  
000013000750000000040131221000000113120000125.58  
000013000750000000040131221000000113131000220.32  
000013000750000000040131221000000113200000146.88  
000013000910000000040761511100000111220000216.00  
000013000910000000040761511100000111400000504.00  
000013000910000000040761511100000111700005832.00  
000013000910000000040761511100000113110000604.80  
000013000910000000040761511100000113120000103.42  
000013000910000000040761511100000113131000181.44  
000013000910000000040761511100000113200000120.96  
000013001230000000034170501100000111220000475.20  
000013001230000000034170501100000111310000842.40  
000013001230000000034170501100000111400000537.22  
000013001230000000034170501100000111700004212.00  
000013001230000000034170501100000111910000916.99  
000013001230000000034170501100000113110000644.66  
000013001230000000034170501100000113120000110.24  
000013001230000000034170501100000113131000193.40  
000013001230000000034170501100000113200000128.93  
000013000470000000035904831000000111220000475.20  
000013000470000000035904831000000111400000984.60  
000013000470000000035904831000000111700011340.00  
000013000470000000035904831000000113110001181.52  
000013000470000000035904831000000113120000202.04  
000013000470000000035904831000000113131000354.46  
000013000470000000035904831000000113200000236.30  
000013000580000000044506571000000111400000765.00  
000013000580000000044506571000000111600001200.00  
000013000580000000044506571000000111700009180.00  
000013000580000000044506571000000113110000918.00  
000013000580000000044506571000000113120000156.98  
000013000580000000044506571000000113131000275.40  
000013000580000000044506571000000113200000183.60  
000013001380000000036936201000000111220000777.60  
000013001380000000036936201000000111310000712.80  
000013001380000000036936201000000111400000421.20  
000013001380000000036936201000000111700003564.00  
000013001380000000036936201000000113110000505.44  
000013001380000000036936201000000113120000086.43  
000013001380000000036936201000000113131000151.63  
000013001380000000036936201000000113200000101.09  
000013001010000000013705021100000111220001468.80  
000013001010000000013705021100000111310001058.40  
000013001010000000013705021100000111400000735.76  
000013001010000000013705021100000111700005292.00  
000013001010000000013705021100000111910001009.89  
000013001010000000013705021100000113110000882.91  
000013001010000000013705021100000113120000150.98  
000013001010000000013705021100000113131000264.87  
000013001010000000013705021100000113200000176.58  
000013000180000000030045571200000111220001123.20  
000013000180000000030045571200000111400001218.60  
000013000180000000030045571200000111700013500.00  
000013000180000000030045571200000113110001462.32  
000013000180000000030045571200000113120000250.06  
000013000180000000030045571200000113131000438.70  
000013000180000000030045571200000113200000292.46  
000013001020000000026926041100000111220001123.20  
000013001020000000026926041100000111310001058.40  
000013001020000000026926041100000111400000672.78  
000013001020000000026926041100000111700005292.00  
000013001020000000026926041100000111910000599.76  
000013001020000000026926041100000113110000807.34  
000013001020000000026926041100000113120000138.05  
000013001020000000026926041100000113131000242.20  
000013001020000000026926041100000113200000161.47  
000013000920000000029143441100000111220001814.40  
000013000920000000029143441100000111310001166.40  
000013000920000000029143441100000111400000770.85  
000013000920000000029143441100000111700005832.00  
000013000920000000029143441100000111910000437.40  
000013000920000000029143441100000113110000925.02  
000013000920000000029143441100000113120000158.18  
000013000920000000029143441100000113131000277.51  
000013000920000000029143441100000113200000185.00  
000013000230000000052135240900000111220000216.00  
000013000230000000052135240900000111400001098.00  
000013000230000000052135240900000111700012960.00  
000013000230000000052135240900000113110001317.60  
000013000230000000052135240900000113120000225.31  
000013000230000000052135240900000113131000395.28  
000013000230000000052135240900000113200000263.52  
000013001030000000009599340900000111220002160.00  
000013001030000000009599340900000111400000621.00  
000013001030000000009599340900000111700005292.00  
000013001030000000009599340900000113110000745.20  
000013001030000000009599340900000113120000127.43  
000013001030000000009599340900000113131000223.56  
000013001030000000009599340900000113200000149.04  
000013001240000000037862621100000111220000777.60  
000013001240000000037862621100000111310000842.40  
000013001240000000037862621100000111400000497.92  
000013001240000000037862621100000111700004212.00  
000013001240000000037862621100000111910000143.03  
000013001240000000037862621100000113110000597.50  
000013001240000000037862621100000113120000102.17  
000013001240000000037862621100000113131000179.25  
000013001240000000037862621100000113200000119.50  
000013000090000000028683471000000111220000475.20  
000013000090000000028683471000000111400001250.10  
000013000090000000028683471000000111700014526.00  
000013000090000000028683471000000113110001500.12  
000013000090000000028683471000000113120000256.52  
000013000090000000028683471000000113131000450.04  
000013000090000000028683471000000113200000300.02  
000013000100000000031374600900000111220001468.80  
000013000100000000031374600900000111400001332.90  
000013000100000000031374600900000111700014526.00  
000013000100000000031374600900000113110001599.48  
000013000100000000031374600900000113120000273.51  
000013000100000000031374600900000113131000479.84  
000013000100000000031374600900000113200000319.90  
000013000810000000064080310900000111400000603.90  
000013000810000000064080310900000111700006588.00  
000013000810000000064080310900000111910000658.80  
000013000810000000064080310900000113110000724.68  
000013000810000000064080310900000113120000123.92  
000013000810000000064080310900000113131000217.40  
000013000810000000064080310900000113200000144.94  
000013000760000000064666681100000111220000216.00  
000013000760000000064666681100000111310001425.60  
000013000760000000064666681100000111400000730.80  
000013000760000000064666681100000111700007128.00  
000013000760000000064666681100000113110000876.96  
000013000760000000064666681100000113120000149.96  
000013000760000000064666681100000113131000263.09  
000013000760000000064666681100000113200000175.39  
000013000110000000030253460900000111400001210.50  
000013000110000000030253460900000111700014526.00  
000013000110000000030253460900000113110001452.60  
000013000110000000030253460900000113120000248.39  
000013000110000000030253460900000113131000435.78  
000013000110000000030253460900000113200000290.52  
000013000300000000037697441200000111220000216.00  
000013000300000000037697441200000111400001039.50  
000013000300000000037697441200000111700012258.00  
000013000300000000037697441200000113110001247.40  
000013000300000000037697441200000113120000213.31  
000013000300000000037697441200000113131000374.22  
000013000300000000037697441200000113200000249.48  
000013000930000000030781101100000111220001468.80  
000013000930000000030781101100000111310001166.40  
000013000930000000030781101100000111400000745.70  
000013000930000000030781101100000111700005832.00  
000013000930000000030781101100000111910000481.14  
000013000930000000030781101100000113110000894.83  
000013000930000000030781101100000113120000153.02  
000013000930000000030781101100000113131000268.45  
000013000930000000030781101100000113200000178.97  
000013001250000000088545261100000111220000216.00  
000013001250000000088545261100000111310000842.40  
000013001250000000088545261100000111400000553.06  
000013001250000000088545261100000111700004212.00  
000013001250000000088545261100000111910001366.27  
000013001250000000088545261100000113110000663.67  
000013001250000000088545261100000113120000113.49  
000013001250000000088545261100000113131000199.10  
000013001250000000088545261100000113200000132.73  
000013000590000000009363050900000111220001468.80  
000013000590000000009363050900000111400000887.40  
000013000590000000009363050900000111700009180.00  
000013000590000000009363050900000113110001064.88  
000013000590000000009363050900000113120000182.09  
000013000590000000009363050900000113131000319.46  
000013000590000000009363050900000113200000212.98  
000013001260000000051518861100000111220000475.20  
000013001260000000051518861100000111310000842.40  
000013001260000000051518861100000111400000584.31  
000013001260000000051518861100000111700004212.00  
000013001260000000051518861100000111910001482.10  
000013001260000000051518861100000113110000701.17  
000013001260000000051518861100000113120000119.90  
000013001260000000051518861100000113131000210.35  
000013001260000000051518861100000113200000140.23  
000013000820000000028997750900000111220000216.00  
000013000820000000028997750900000111400000567.00  
000013000820000000028997750900000111700006588.00  
000013000820000000028997750900000113110000680.40  
000013000820000000028997750900000113120000116.35  
000013000820000000028997750900000113131000204.12  
000013000820000000028997750900000113200000136.08  
000013000310000000036220651200000111220001468.80  
000013000310000000036220651200000111400001143.90  
000013000310000000036220651200000111700012258.00  
000013000310000000036220651200000113110001372.68  
000013000310000000036220651200000113120000234.73  
000013000310000000036220651200000113131000411.80  
000013000310000000036220651200000113200000274.54  
000013000660000000051617001100000111220000216.00  
000013000660000000051617001100000111310001641.60  
000013000660000000051617001100000111400000838.80  
000013000660000000051617001100000111700008208.00  
000013000660000000051617001100000113110001006.56  
000013000660000000051617001100000113120000172.12  
000013000660000000051617001100000113131000301.97  
000013000660000000051617001100000113200000201.31  
000013001270000000045380110900000111220000216.00  
000013001270000000045380110900000111400000369.00  
000013001270000000045380110900000111700004212.00  
000013001270000000045380110900000113110000442.80  
000013001270000000045380110900000113120000075.72  
000013001270000000045380110900000113131000132.84  
000013001270000000045380110900000113200000088.56  
000013000830000000019306230900000111220000216.00  
000013000830000000019306230900000111400000567.00  
000013000830000000019306230900000111700006588.00  
000013000830000000019306230900000113110000680.40  
000013000830000000019306230900000113120000116.35  
000013000830000000019306230900000113131000204.12  
000013000830000000019306230900000113200000136.08  
000013000940000000060874820900000111400000486.00  
000013000940000000060874820900000111700005832.00  
000013000940000000060874820900000113110000583.20  
000013000940000000060874820900000113120000099.73  
000013000940000000060874820900000113131000174.96  
000013000940000000060874820900000113200000116.64  
000013000950000000064310240900000111220000216.00  
000013000950000000064310240900000111400000504.00  
000013000950000000064310240900000111700005832.00  
000013000950000000064310240900000113110000604.80  
000013000950000000064310240900000113120000103.42  
000013000950000000064310240900000113131000181.44  
000013000950000000064310240900000113200000120.96  
000013001040000000017606861100000111220001123.20  
000013001040000000017606861100000111310001058.40  
000013001040000000017606861100000111400000622.80  
000013001040000000017606861100000111700005292.00  
000013001040000000017606861100000113110000747.36  
000013001040000000017606861100000113120000127.80  
000013001040000000017606861100000113131000224.21  
000013001040000000017606861100000113200000149.47  
000013001180000000034820631100000111220001468.80  
000013001180000000034820631100000111310000961.20  
000013001180000000034820631100000111400000701.79  
000013001180000000034820631100000111700004806.00  
000013001180000000034820631100000111910001185.48  
000013001180000000034820631100000113110000842.15  
000013001180000000034820631100000113120000144.01  
000013001180000000034820631100000113131000252.64  
000013001180000000034820631100000113200000168.43  
000013002010000000009988131100000111220001123.20  
000013002010000000009988131100000111400001603.26  
000013002010000000009988131100000111700018115.90  
000013002010000000009988131100000113110001923.91  
000013002010000000009988131100000113120000328.99  
000013002010000000009988131100000113131000577.17  
000013002010000000009988131100000113200000384.78  
000013000670000000045398890900000111220000216.00  
000013000670000000045398890900000111400000702.00  
000013000670000000045398890900000111700008208.00  
000013000670000000045398890900000113110000842.40  
000013000670000000045398890900000113120000144.05  
000013000670000000045398890900000113131000252.72  
000013000670000000045398890900000113200000168.48  
000013001190000000048000591100000111220000475.20  
000013001190000000048000591100000111310000961.20  
000013001190000000048000591100000111400000528.21  
000013001190000000048000591100000111700004806.00  
000013001190000000048000591100000111910000096.12  
000013001190000000048000591100000113110000633.85  
000013001190000000048000591100000113120000108.39  
000013001190000000048000591100000113131000190.16  
000013001190000000048000591100000113200000126.77  
000013000960000000030993041100000111220000216.00  
000013000960000000030993041100000111310001166.40  
000013000960000000030993041100000111400000601.20  
000013000960000000030993041100000111700005832.00  
000013000960000000030993041100000113110000721.44  
000013000960000000030993041100000113120000123.37  
000013000960000000030993041100000113131000216.43  
000013000960000000030993041100000113200000144.29  
000013001200000000042929851100000111220000216.00  
000013001200000000042929851100000111310000961.20  
000013001200000000042929851100000111400000563.01  
000013001200000000042929851100000111700004806.00  
000013001200000000042929851100000111910000772.97  
000013001200000000042929851100000113110000675.62  
000013001200000000042929851100000113120000115.53  
000013001200000000042929851100000113131000202.69  
000013001200000000042929851100000113200000135.12  
000013001050000000008031310900000111220002160.00  
000013001050000000008031310900000111400000621.00  
000013001050000000008031310900000111700005292.00  
000013001050000000008031310900000113110000745.20  
000013001050000000008031310900000113120000127.43  
000013001050000000008031310900000113131000223.56  
000013001050000000008031310900000113200000149.04  
000013000120000000049012270900000111400001210.50  
000013000120000000049012270900000111700014526.00  
000013000120000000049012270900000113110001452.60  
000013000120000000049012270900000113120000248.39  
000013000120000000049012270900000113131000435.78  
000013000120000000049012270900000113200000290.52  
000013000680000000048841640900000111220000216.00  
000013000680000000048841640900000111400000702.00  
000013000680000000048841640900000111700008208.00  
000013000680000000048841640900000113110000842.40  
000013000680000000048841640900000113120000144.05  
000013000680000000048841640900000113131000252.72  
000013000680000000048841640900000113200000168.48  
000013000840000000028792790900000111220001468.80  
000013000840000000028792790900000111400000671.40  
000013000840000000028792790900000111700006588.00  
000013000840000000028792790900000113110000805.68  
000013000840000000028792790900000113120000137.77  
000013000840000000028792790900000113131000241.70  
000013000840000000028792790900000113200000161.14  
000013000850000000064730210900000111220000216.00  
000013000850000000064730210900000111400000567.00  
000013000850000000064730210900000111700006588.00  
000013000850000000064730210900000113110000680.40  
000013000850000000064730210900000113120000116.35  
000013000850000000064730210900000113131000204.12  
000013000850000000064730210900000113200000136.08  
000013001390000000048977811100000111220000216.00  
000013001390000000048977811100000111310000712.80  
000013001390000000048977811100000111400000412.08  
000013001390000000048977811100000111700003564.00  
000013001390000000048977811100000111910000452.18  
000013001390000000048977811100000113110000494.50  
000013001390000000048977811100000113120000084.56  
000013001390000000048977811100000113131000148.35  
000013001390000000048977811100000113200000098.90  
000013000320000000037688620900000111220000475.20  
000013000320000000037688620900000111400001061.10  
000013000320000000037688620900000111700012258.00  
000013000320000000037688620900000113110001273.32  
000013000320000000037688620900000113120000217.74  
000013000320000000037688620900000113131000382.00  
000013000320000000037688620900000113200000254.66  
000013001060000000020457011000000111220002160.00  
000013001060000000020457011000000111400000621.00  
000013001060000000020457011000000111700005292.00  
000013001060000000020457011000000113110000745.20  
000013001060000000020457011000000113120000127.43  
000013001060000000020457011000000113131000223.56  
000013001060000000020457011000000113200000149.04  
000013001460000000037345451000000111220000216.00  
000013001460000000037345451000000111400001228.50  
000013001460000000037345451000000111700014526.00  
000013001460000000037345451000000113110001474.20  
000013001460000000037345451000000113120000252.09  
000013001460000000037345451000000113131000442.26  
000013001460000000037345451000000113200000294.84  
000013000340000000052702481200000111220000216.00  
000013000340000000052702481200000111400001039.50  
000013000340000000052702481200000111700012258.00  
000013000340000000052702481200000113110001247.40  
000013000340000000052702481200000113120000213.31  
000013000340000000052702481200000113131000374.22  
000013000340000000052702481200000113200000249.48  
000013000770000000006851340900000111220000216.00  
000013000770000000006851340900000111400000612.00  
000013000770000000006851340900000111700007128.00  
000013000770000000006851340900000113110000734.40  
000013000770000000006851340900000113120000125.58  
000013000770000000006851340900000113131000220.32  
000013000770000000006851340900000113200000146.88  
000013001400000000048869720900000111220000216.00  
000013001400000000048869720900000111400000315.00  
000013001400000000048869720900000111700003564.00  
000013001400000000048869720900000113110000378.00  
000013001400000000048869720900000113120000064.64  
000013001400000000048869720900000113131000113.40  
000013001400000000048869720900000113200000075.60  
000013000510000000019326181100000111220001123.20  
000013000510000000019326181100000111400000962.10  
000013000510000000019326181100000111700010422.00  
000013000510000000019326181100000113110001154.52  
000013000510000000019326181100000113120000197.42  
000013000510000000019326181100000113131000346.36  
000013000510000000019326181100000113200000230.90  
000013000350000000044334130900000111400001021.50  
000013000350000000044334130900000111700012258.00  
000013000350000000044334130900000113110001225.80  
000013000350000000044334130900000113120000209.61  
000013000350000000044334130900000113131000367.74  
000013000350000000044334130900000113200000245.16  
000013001070000000038318380900000111220001123.20  
000013001070000000038318380900000111400000534.60  
000013001070000000038318380900000111700005292.00  
000013001070000000038318380900000113110000641.52  
000013001070000000038318380900000113120000109.70  
000013001070000000038318380900000113131000192.46  
000013001070000000038318380900000113200000128.30  
000013000520000000036166271100000111220000216.00  
000013000520000000036166271100000111400000886.50  
000013000520000000036166271100000111700010422.00  
000013000520000000036166271100000113110001063.80  
000013000520000000036166271100000113120000181.91  
000013000520000000036166271100000113131000319.14  
000013000520000000036166271100000113200000212.76  
000013002050000000018938120900000111400003021.00  
000013002050000000018938120900000111700036252.00  
000013002050000000018938120900000113110003625.20  
000013002050000000018938120900000113120000619.91  
000013002050000000018938120900000113131001087.56  
000013002050000000018938120900000113200000725.04  
000013001080000000008552790900000111220002160.00  
000013001080000000008552790900000111400000621.00  
000013001080000000008552790900000111700005292.00  
000013001080000000008552790900000113110000745.20  
000013001080000000008552790900000113120000127.43  
000013001080000000008552790900000113131000223.56  
000013001080000000008552790900000113200000149.04  
000013000690000000034593161200000111220000216.00  
000013000690000000034593161200000111400000702.00  
000013000690000000034593161200000111700008208.00  
000013000690000000034593161200000113110000842.40  
000013000690000000034593161200000113120000144.05  
000013000690000000034593161200000113131000252.72  
000013000690000000034593161200000113200000168.48  
000013001280000000060963391100000111220000216.00  
000013001280000000060963391100000111310000842.40  
000013001280000000060963391100000111400000575.58  
000013001280000000060963391100000111700004212.00  
000013001280000000060963391100000111910001636.54  
000013001280000000060963391100000113110000690.69  
000013001280000000060963391100000113120000118.11  
000013001280000000060963391100000113131000207.21  
000013001280000000060963391100000113200000138.14  
000013000700000000037290380900000111220001468.80  
000013000700000000037290380900000111400000806.40  
000013000700000000037290380900000111700008208.00  
000013000700000000037290380900000113110000967.68  
000013000700000000037290380900000113120000165.47  
000013000700000000037290380900000113131000290.30  
000013000700000000037290380900000113200000193.54  
000013000710000000037205221100000111220001468.80  
000013000710000000037205221100000111310001641.60  
000013000710000000037205221100000111400000943.20  
000013000710000000037205221100000111700008208.00  
000013000710000000037205221100000113110001131.84  
000013000710000000037205221100000113120000193.54  
000013000710000000037205221100000113131000339.55  
000013000710000000037205221100000113200000226.37  
000013000360000000028904760900000111400001021.50  
000013000360000000028904760900000111700012258.00  
000013000360000000028904760900000113110001225.80  
000013000360000000028904760900000113120000209.61  
000013000360000000028904760900000113131000367.74  
000013000360000000028904760900000113200000245.16  
000013000370000000044187971200000111220000216.00  
000013000370000000044187971200000111400001039.50  
000013000370000000044187971200000111700012258.00  
000013000370000000044187971200000113110001247.40  
000013000370000000044187971200000113120000213.31  
000013000370000000044187971200000113131000374.22  
000013000370000000044187971200000113200000249.48  
000013001290000000051794601100000111220000475.20  
000013001290000000051794601100000111310000842.40  
000013001290000000051794601100000111400000564.13  
000013001290000000051794601100000111600001200.00  
000013001290000000051794601100000111700004212.00  
000013001290000000051794601100000111910001239.91  
000013001290000000051794601100000113110000676.95  
000013001290000000051794601100000113120000115.76  
000013001290000000051794601100000113131000203.09  
000013001290000000051794601100000113200000135.39  
000013001300000000044107891100000111220001123.20  
000013001300000000044107891100000111310000842.40  
000013001300000000044107891100000111400000620.39  
000013001300000000044107891100000111700004212.00  
000013001300000000044107891100000111910001267.11  
000013001300000000044107891100000113110000744.47  
000013001300000000044107891100000113120000127.30  
000013001300000000044107891100000113131000223.34  
000013001300000000044107891100000113200000148.89  
000013000480000000036173221000000111220000216.00  
000013000480000000036173221000000111400000963.00  
000013000480000000036173221000000111700011340.00  
000013000480000000036173221000000113110001155.60  
000013000480000000036173221000000113120000197.61  
000013000480000000036173221000000113131000346.68  
000013000480000000036173221000000113200000231.12  
000013002060000000030255050900000111220000777.60  
000013002060000000030255050900000111400003085.80  
000013002060000000030255050900000111700036252.00  
000013002060000000030255050900000113110003702.96  
000013002060000000030255050900000113120000633.21  
000013002060000000030255050900000113131001110.89  
000013002060000000030255050900000113200000740.59  
000013001090000000037827311100000111220001814.40  
000013001090000000037827311100000111310001058.40  
000013001090000000037827311100000111400000781.46  
000013001090000000037827311100000111700005292.00  
000013001090000000037827311100000111910001212.75  
000013001090000000037827311100000113110000937.76  
000013001090000000037827311100000113120000160.36  
000013001090000000037827311100000113131000281.33  
000013001090000000037827311100000113200000187.55  
000013000780000000052419840900000111400000653.40  
000013000780000000052419840900000111700007128.00  
000013000780000000052419840900000111910000712.80  
000013000780000000052419840900000113110000784.08  
000013000780000000052419840900000113120000134.08  
000013000780000000052419840900000113131000235.22  
000013000780000000052419840900000113200000156.82  
000013002030000000010690890900000111400003021.00  
000013002030000000010690890900000111700036252.00  
000013002030000000010690890900000113110003625.20  
000013002030000000010690890900000113120000619.91  
000013002030000000010690890900000113131001087.56  
000013002030000000010690890900000113200000725.04  
000013000130000000031378190900000111220001123.20  
000013000130000000031378190900000111400001304.10  
000013000130000000031378190900000111700014526.00  
000013000130000000031378190900000113110001564.92  
000013000130000000031378190900000113120000267.60  
000013000130000000031378190900000113131000469.48  
000013000130000000031378190900000113200000312.98  
000013000790000000052259660900000111220000216.00  
000013000790000000052259660900000111400000612.00  
000013000790000000052259660900000111700007128.00  
000013000790000000052259660900000113110000734.40  
000013000790000000052259660900000113120000125.58  
000013000790000000052259660900000113131000220.32  
000013000790000000052259660900000113200000146.88  
000013000860000000044618940900000111220000475.20  
000013000860000000044618940900000111400000588.60  
000013000860000000044618940900000111700006588.00  
000013000860000000044618940900000113110000706.32  
000013000860000000044618940900000113120000120.78  
000013000860000000044618940900000113131000211.90  
000013000860000000044618940900000113200000141.26  
000013001410000000048709620900000111220000216.00  
000013001410000000048709620900000111400000315.00  
000013001410000000048709620900000111600001200.00  
000013001410000000048709620900000111700003564.00  
000013001410000000048709620900000113110000378.00  
000013001410000000048709620900000113120000064.64  
000013001410000000048709620900000113131000113.40  
000013001410000000048709620900000113200000075.60  
000013000870000000051932150900000111220000216.00  
000013000870000000051932150900000111400000567.00  
000013000870000000051932150900000111700006588.00  
000013000870000000051932150900000113110000680.40  
000013000870000000051932150900000113120000116.35  
000013000870000000051932150900000113131000204.12  
000013000870000000051932150900000113200000136.08  
000013000190000000005681381200000111220002160.00  
000013000190000000005681381200000111400001305.00  
000013000190000000005681381200000111700013500.00  
000013000190000000005681381200000113110001566.00  
000013000190000000005681381200000113131000469.80  
000013000190000000005681381200000113200000313.20  
000013000600000000044208961000000111400000765.00  
000013000600000000044208961000000111600001200.00  
000013000600000000044208961000000111700009180.00  
000013000600000000044208961000000113110000918.00  
000013000600000000044208961000000113120000156.98  
000013000600000000044208961000000113131000275.40  
000013000600000000044208961000000113200000183.60  
000013000610000000035181171000000111220000475.20  
000013000610000000035181171000000111400000804.60  
000013000610000000035181171000000111700009180.00  
000013000610000000035181171000000113110000965.52  
000013000610000000035181171000000113120000165.10  
000013000610000000035181171000000113131000289.66  
000013000610000000035181171000000113200000193.10  
000013001420000000030640161000000111220001123.20  
000013001420000000030640161000000111310000712.80  
000013001420000000030640161000000111400000450.00  
000013001420000000030640161000000111700003564.00  
000013001420000000030640161000000113110000540.00  
000013001420000000030640161000000113120000092.34  
000013001420000000030640161000000113131000162.00  
000013001420000000030640161000000113200000108.00  
000013000970000000045021820900000111400000486.00  
000013000970000000045021820900000111700005832.00  
000013000970000000045021820900000113110000583.20  
000013000970000000045021820900000113120000099.73  
000013000970000000045021820900000113131000174.96  
000013000970000000045021820900000113200000116.64  
000013000980000000040225151100000111220000475.20  
000013000980000000040225151100000111310001166.40  
000013000980000000040225151100000111400000622.80  
000013000980000000040225151100000111600001200.00  
000013000980000000040225151100000111700005832.00  
000013000980000000040225151100000113110000747.36  
000013000980000000040225151100000113120000127.80  
000013000980000000040225151100000113131000224.21  
000013000980000000040225151100000113200000149.47  
000013001310000000086667801100000111220000216.00  
000013001310000000086667801100000111310000842.40  
000013001310000000086667801100000111400000522.71  
000013001310000000086667801100000111700004212.00  
000013001310000000086667801100000111910001002.11  
000013001310000000086667801100000113110000627.25  
000013001310000000086667801100000113120000107.26  
000013001310000000086667801100000113131000188.18  
000013001310000000086667801100000113200000125.45  
000013001320000000044154021100000111220000475.20  
000013001320000000044154021100000111310000842.40  
000013001320000000044154021100000111400000581.82  
000013001320000000044154021100000111700004212.00  
000013001320000000044154021100000111910001452.26  
000013001320000000044154021100000113110000698.19  
000013001320000000044154021100000113120000119.39  
000013001320000000044154021100000113131000209.46  
000013001320000000044154021100000113200000139.64  
000013001330000000042002231100000111220000216.00  
000013001330000000042002231100000111310000842.40  
000013001330000000042002231100000111400000534.48  
000013001330000000042002231100000111600001200.00  
000013001330000000042002231100000111700004212.00  
000013001330000000042002231100000111910001143.38  
000013001330000000042002231100000113110000641.38  
000013001330000000042002231100000113120000109.68  
000013001330000000042002231100000113131000192.41  
000013001330000000042002231100000113200000128.28  
000013002070000000051989401000000111220000216.00  
000013002070000000051989401000000111400001906.13  
000013002070000000051989401000000111700022657.50  
000013002070000000051989401000000113110002287.35  
000013002070000000051989401000000113120000391.14  
000013002070000000051989401000000113131000686.21  
000013002070000000051989401000000113200000457.47  
000013000990000000056485771100000111220000216.00  
000013000990000000056485771100000111310001166.40  
000013000990000000056485771100000111400000601.20  
000013000990000000056485771100000111700005832.00  
000013000990000000056485771100000113110000721.44  
000013000990000000056485771100000113120000123.37  
000013000990000000056485771100000113131000216.43  
000013000990000000056485771100000113200000144.29  
000013000380000000044249660900000111220000216.00  
000013000380000000044249660900000111400001039.50  
000013000380000000044249660900000111700012258.00  
000013000380000000044249660900000113110001247.40  
000013000380000000044249660900000113120000213.31  
000013000380000000044249660900000113131000374.22  
000013000380000000044249660900000113200000249.48  
000013001340000000036055810900000111400000351.00  
000013001340000000036055810900000111700004212.00  
000013001340000000036055810900000113110000421.20  
000013001340000000036055810900000113120000072.03  
000013001340000000036055810900000113131000126.36  
000013001340000000036055810900000113200000084.24  
000013001430000000037530270900000111220000777.60  
000013001430000000037530270900000111400000361.80  
000013001430000000037530270900000111700003564.00  
000013001430000000037530270900000113110000434.16  
000013001430000000037530270900000113120000074.24  
000013001430000000037530270900000113131000130.25  
000013001430000000037530270900000113200000086.83  
000013000390000000036212690900000111220001468.80  
000013000390000000036212690900000111400001143.90  
000013000390000000036212690900000111700012258.00  
000013000390000000036212690900000113110001372.68  
000013000390000000036212690900000113120000234.73  
000013000390000000036212690900000113131000411.80  
000013000390000000036212690900000113200000274.54  
000013000150000000035888920900000111400001210.50  
000013000150000000035888920900000111700014526.00  
000013000150000000035888920900000113110001452.60  
000013000150000000035888920900000113120000248.39  
000013000150000000035888920900000113131000435.78  
000013000150000000035888920900000113200000290.52  
000013001350000000059031341100000111220000475.20  
000013001350000000059031341100000111310000842.40  
000013001350000000059031341100000111400000575.68  
000013001350000000059031341100000111600001200.00  
000013001350000000059031341100000111700004212.00  
000013001350000000059031341100000111910001378.55  
000013001350000000059031341100000113110000690.82  
000013001350000000059031341100000113120000118.13  
000013001350000000059031341100000113131000207.24  
000013001350000000059031341100000113200000138.16  
000013000620000000044678691200000111220000216.00  
000013000620000000044678691200000111400000783.00  
000013000620000000044678691200000111700009180.00  
000013000620000000044678691200000113110000939.60  
000013000620000000044678691200000113120000160.67  
000013000620000000044678691200000113131000281.88  
000013000620000000044678691200000113200000187.92  
000013000880000000037423651200000111220000475.20  
000013000880000000037423651200000111400000588.60  
000013000880000000037423651200000111700006588.00  
000013000880000000037423651200000113110000706.32  
000013000880000000037423651200000113120000120.78  
000013000880000000037423651200000113131000211.90  
000013000880000000037423651200000113200000141.26  
000013001100000000037206271100000111220001814.40  
000013001100000000037206271100000111310001058.40  
000013001100000000037206271100000111400000751.42  
000013001100000000037206271100000111700005292.00  
000013001100000000037206271100000111910000852.23  
000013001100000000037206271100000113110000901.70  
000013001100000000037206271100000113120000154.19  
000013001100000000037206271100000113131000270.51  
000013001100000000037206271100000113200000180.34  
000013000400000000035564380900000111220000475.20  
000013000400000000035564380900000111400001163.25  
000013000400000000035564380900000111700012258.00  
000013000400000000035564380900000111910001225.80  
000013000400000000035564380900000113110001395.90  
000013000400000000035564380900000113120000238.70  
000013000400000000035564380900000113131000418.77  
000013000400000000035564380900000113200000279.18  
000013001110000000028941011100000111220001468.80  
000013001110000000028941011100000111400000563.40  
000013001110000000028941011100000111700005292.00  
000013001110000000028941011100000113110000676.08  
000013001110000000028941011100000113120000115.61  
000013001110000000028941011100000113131000202.82  
000013001110000000028941011100000113200000135.22  
000013000410000000028750931100000111220000216.00  
000013000410000000028750931100000111400001039.50  
000013000410000000028750931100000111700012258.00  
000013000410000000028750931100000113110001247.40  
000013000410000000028750931100000113120000213.31  
000013000410000000028750931100000113131000374.22  
000013000410000000028750931100000113200000249.48  
000013002020000000009530210900000111220000216.00  
000013002020000000009530210900000111400003122.92  
000013002020000000009530210900000111700037259.00  
000013002020000000009530210900000113110003747.50  
000013002020000000009530210900000113120000640.82  
000013002020000000009530210900000113131001124.25  
000013002020000000009530210900000113200000749.50  
000013001120000000017140321000000111220002160.00  
000013001120000000017140321000000111400000657.75  
000013001120000000017140321000000111700005292.00  
000013001120000000017140321000000111910000441.00  
000013001120000000017140321000000113110000789.30  
000013001120000000017140321000000113120000134.97  
000013001120000000017140321000000113131000236.79  
000013001120000000017140321000000113200000157.86  
000013000720000000043801031100000111220000216.00  
000013000720000000043801031100000111400000702.00  
000013000720000000043801031100000111600001200.00  
000013000720000000043801031100000111700008208.00  
000013000720000000043801031100000113110000842.40  
000013000720000000043801031100000113120000144.05  
000013000720000000043801031100000113131000252.72  
000013000720000000043801031100000113200000168.48  
000013000420000000037787980900000111220001468.80  
000013000420000000037787980900000111400001143.90  
000013000420000000037787980900000111700012258.00  
000013000420000000037787980900000113110001372.68  
000013000420000000037787980900000113120000234.73  
000013000420000000037787980900000113131000411.80  
000013000420000000037787980900000113200000274.54  
000013000800000000037686630900000111400000594.00  
000013000800000000037686630900000111700007128.00  
000013000800000000037686630900000113110000712.80  
000013000800000000037686630900000113120000121.89  
000013000800000000037686630900000113131000213.84  
000013000800000000037686630900000113200000142.56  
000013000200000000042889520900000111220000216.00  
000013000200000000042889520900000111400001143.00  
000013000200000000042889520900000111700013500.00  
000013000200000000042889520900000113110001371.60  
000013000200000000042889520900000113120000234.54  
000013000200000000042889520900000113131000411.48  
000013000200000000042889520900000113200000274.32  
000013001360000000047023491100000111220000475.20  
000013001360000000047023491100000111310000842.40  
000013001360000000047023491100000111400000551.48  
000013001360000000047023491100000111700004212.00  
000013001360000000047023491100000111910001088.10  
000013001360000000047023491100000113110000661.77  
000013001360000000047023491100000113120000113.16  
000013001360000000047023491100000113131000198.53  
000013001360000000047023491100000113200000132.35  
000013002040000000030176310900000111220000216.00  
000013002040000000030176310900000111400003039.00  
000013002040000000030176310900000111700036252.00  
000013002040000000030176310900000113110003646.80  
000013002040000000030176310900000113120000623.60  
000013002040000000030176310900000113131001094.04  
000013002040000000030176310900000113200000729.36  
000013000250000000031317101100000111220001814.40  
000013000250000000031317101100000111400001231.20  
000013000250000000031317101100000111700012960.00  
000013000250000000031317101100000113110001477.44  
000013000250000000031317101100000113120000252.64  
000013000250000000031317101100000113131000443.23  
000013000250000000031317101100000113200000295.49  
000013001130000000059166500900000111220000216.00  
000013001130000000059166500900000111400000459.00  
000013001130000000059166500900000111700005292.00  
000013001130000000059166500900000113110000550.80  
000013001130000000059166500900000113120000094.19  
000013001130000000059166500900000113131000165.24  
000013001130000000059166500900000113200000110.16  
000013001370000000025513140900000111220001468.80  
000013001370000000025513140900000111400000473.40  
000013001370000000025513140900000111700004212.00  
000013001370000000025513140900000113110000568.08  
000013001370000000025513140900000113120000097.14  
000013001370000000025513140900000113131000170.42  
000013001370000000025513140900000113200000113.62  
000013000730000000037295801200000111220000216.00  
000013000730000000037295801200000111400000702.00  
000013000730000000037295801200000111700008208.00  
000013000730000000037295801200000113110000842.40  
000013000730000000037295801200000113120000144.05  
000013000730000000037295801200000113131000252.72  
000013000730000000037295801200000113200000168.48  
000013001440000000079628621100000111220000216.00  
000013001440000000079628621100000111310000712.80  
000013001440000000079628621100000111400000374.40  
000013001440000000079628621100000111700003564.00  
000013001440000000079628621100000113110000449.28  
000013001440000000079628621100000113120000076.83  
000013001440000000079628621100000113131000134.78  
000013001440000000079628621100000113200000089.86  
000013000260000000013206270900000111220000216.00  
000013000260000000013206270900000111400001098.00  
000013000260000000013206270900000111700012960.00  
000013000260000000013206270900000113110001317.60  
000013000260000000013206270900000113120000225.31  
000013000260000000013206270900000113131000395.28  
000013000260000000013206270900000113200000263.52  
000013000270000000013847920900000111220000216.00  
000013000270000000013847920900000111400001098.00  
000013000270000000013847920900000111700012960.00  
000013000270000000013847920900000113110001317.60  
000013000270000000013847920900000113120000225.31  
000013000270000000013847920900000113131000395.28  
000013000270000000013847920900000113200000263.52  
000013000430000000021398970900000111220001814.40  
000013000430000000021398970900000111400001172.70  
000013000430000000021398970900000111700012258.00  
000013000430000000021398970900000113110001407.24  
000013000430000000021398970900000113120000240.64  
000013000430000000021398970900000113131000422.17  
000013000430000000021398970900000113200000281.45  
000013000160000000037321240900000111220001123.20  
000013000160000000037321240900000111400001304.10  
000013000160000000037321240900000111700014526.00  
000013000160000000037321240900000113110001564.92  
000013000160000000037321240900000113120000267.60  
000013000160000000037321240900000113131000469.48  
000013000160000000037321240900000113200000312.98  
000013001000000000073493141000000111220002160.00  
000013001000000000073493141000000111400000666.00  
000013001000000000073493141000000111700005832.00  
000013001000000000073493141000000113110000799.20  
000013001000000000073493141000000113131000239.76  
000013001000000000073493141000000113200000159.84  
000013001450000000024542320900000111220000216.00  
000013001450000000024542320900000111400000359.55  
000013001450000000024542320900000111700003564.00  
000013001450000000024542320900000111910000534.60  
000013001450000000024542320900000113110000431.46  
000013001450000000024542320900000113120000073.78  
000013001450000000024542320900000113131000129.44  
000013001450000000024542320900000113200000086.29  
000013002080000000007788821200000111220002160.00  
000013002080000000007788821200000111400002068.13  
000013002080000000007788821200000111700022657.50  
000013002080000000007788821200000113110002481.75  
000013002080000000007788821200000113131000744.53  
000013002080000000007788821200000113200000496.35  
000013000630000000059353090900000111220000216.00  
000013000630000000059353090900000111400000783.00  
000013000630000000059353090900000111700009180.00  
000013000630000000059353090900000113110000939.60  
000013000630000000059353090900000113120000160.67  
000013000630000000059353090900000113131000281.88  
000013000630000000059353090900000113200000187.92  
000013001140000000009602780900000111220001123.20  
000013001140000000009602780900000111400000534.60  
000013001140000000009602780900000111700005292.00  
000013001140000000009602780900000113110000641.52  
000013001140000000009602780900000113120000109.70  
000013001140000000009602780900000113131000192.46  
000013001140000000009602780900000113200000128.30  
000013000640000000044674200900000111220001123.20  
000013000640000000044674200900000111400000858.60  
000013000640000000044674200900000111700009180.00  
000013000640000000044674200900000113110001030.32  
000013000640000000044674200900000113120000176.18  
000013000640000000044674200900000113131000309.10  
000013000640000000044674200900000113200000206.06  
