20140514000013301010000000000001463.9000000000
20140514000013301010000000000004143.7400000000
20140514000013301010000000000005338.4800000000
20140514000013301010000000000011344.8000000000
20140514000013301010000000000047997.6500000000
20140514000013301010000000000098586.4400000000
20140514000013301010000000000132974.3400000000
20140514000013301010000000000192443.9700000000
20140514000013801010000000000000079.3800000000
20140514000013901010000000000002778.3000000000
20140514000013301010000000000000550.0000000000
20140514000013301010000000000000350.0000000000
20140514000013301010000000000004800.0000000000
20140514000013801010000000000001200.0000000000
20140514000013901010000000000007200.0000000000
20140514000013301010000000000002522.8800000000
20140514000013301010000000000005026.6800000000
20140514000013301010000000000031222.8800000000
20140514000013301010000000000111942.3300000000
20140514000013301010000000000019859.2000000000
20140514000013301010000000000036274.3300000000
20140514000013301010000000000076230.0000000000
20140514000013301010000000000183173.8000000000
20140514000013301010000000000780376.4900000000
