20140514000009000000000000000301010000008628005498.7300000000
20140514000009000000000000000301010000008630105293.9900000000
20140514000009000000000000000301010000008631005731.7500000000
20140514000009000000000000000301010000008632200874.2100000000
20140514000009000000000000000301010000008633002279.3400000000
20140514000009000000000000000301010000008635011414.4000000000
20140514000009000000000000000301010000008635050643.8400000000
20140514000009000000000000000301010000008635134073.6500000000
20140514000009000000000000000901010000008629002778.3000000000
20140514000009000000000855279301010000008641000550.0000000000
20140514000009000000005179460301010000008640000350.0000000000
20140514000009000000160130029301010000008639004800.0000000000
20140514000009000000168206024801010000008638001200.0000000000
20140514000009000000168206024901010000008637007200.0000000000
20140514000009000001023013022301010000008626002522.8800000000
20140514000009000001023013022301010000008626004982.5800000000
20140514000009000001023013022301010000008626031817.5700000000
20140514000009000001023013022301010000008626119211.6600000000
20140514000009000001028415020301010000000000019841.7100000000
20140514000009000001028415020301010000000000035996.1000000000
20140514000009000001028415020301010000000000076230.0000000000
20140514000009000001028415020301010000000000191683.6000000000
20140514000009000001028415020301010000000000833991.6300000000
