20140514000009000530000000044701020900000111220000216.00  
20140514000009000530000000044701020900000111400000783.00  
20140514000009000530000000044701020900000111700009180.00  
20140514000009000530000000044701020900000113110000939.60  
20140514000009000530000000044701020900000113120000160.67  
20140514000009000530000000044701020900000113131000281.88  
20140514000009000530000000044701020900000113200000187.92  
20140514000009000890000000045263860900000111400000486.00  
20140514000009000890000000045263860900000111700005832.00  
20140514000009000890000000045263860900000113110000583.20  
20140514000009000890000000045263860900000113120000099.73  
20140514000009000890000000045263860900000113131000174.96  
20140514000009000890000000045263860900000113200000116.64  
20140514000009000540000000030812510900000111220001468.80  
20140514000009000540000000030812510900000111400000887.40  
20140514000009000540000000030812510900000111700009180.00  
20140514000009000540000000030812510900000113110001064.88  
20140514000009000540000000030812510900000113120000182.09  
20140514000009000540000000030812510900000113131000319.46  
20140514000009000540000000030812510900000113200000212.98  
20140514000009000900000000045103950900000111220000216.00  
20140514000009000900000000045103950900000111400000504.00  
20140514000009000900000000045103950900000111600001200.00  
20140514000009000900000000045103950900000111700005832.00  
20140514000009000900000000045103950900000113110000604.80  
20140514000009000900000000045103950900000113120000103.42  
20140514000009000900000000045103950900000113131000181.44  
20140514000009000900000000045103950900000113200000120.96  
20140514000009000440000000009521340900000111220001814.40  
20140514000009000440000000009521340900000111400001096.20  
20140514000009000440000000009521340900000111700011340.00  
20140514000009000440000000009521340900000113110001315.44  
20140514000009000440000000009521340900000113120000224.94  
20140514000009000440000000009521340900000113131000394.63  
20140514000009000440000000009521340900000113200000263.09  
20140514000009000280000000030994141100000111220000475.20  
20140514000009000280000000030994141100000111310002451.60  
20140514000009000280000000030994141100000111400001265.40  
20140514000009000280000000030994141100000111700012258.00  
20140514000009000280000000030994141100000113110001518.48  
20140514000009000280000000030994141100000113120000259.66  
20140514000009000280000000030994141100000113131000455.54  
20140514000009000280000000030994141100000113200000303.70  
20140514000009000490000000008109860900000111220001123.20  
20140514000009000490000000008109860900000111400000962.10  
20140514000009000490000000008109860900000111700010422.00  
20140514000009000490000000008109860900000113110001154.52  
20140514000009000490000000008109860900000113120000197.42  
20140514000009000490000000008109860900000113131000346.36  
20140514000009000490000000008109860900000113200000230.90  
20140514000009001150000000043297891100000111220001123.20  
20140514000009001150000000043297891100000111310000961.20  
20140514000009001150000000043297891100000111400000789.80  
20140514000009001150000000043297891100000111700004806.00  
20140514000009001150000000043297891100000111910002587.23  
20140514000009001150000000043297891100000113110000947.76  
20140514000009001150000000043297891100000113120000162.07  
20140514000009001150000000043297891100000113131000284.33  
20140514000009001150000000043297891100000113200000189.55  
20140514000009000500000000024064850900000111220000475.20  
20140514000009000500000000024064850900000111400000908.10  
20140514000009000500000000024064850900000111700010422.00  
20140514000009000500000000024064850900000113110001089.72  
20140514000009000500000000024064850900000113120000186.34  
20140514000009000500000000024064850900000113131000326.92  
20140514000009000500000000024064850900000113200000217.94  
20140514000009000550000000033144560900000111220000475.20  
20140514000009000550000000033144560900000111400000804.60  
20140514000009000550000000033144560900000111700009180.00  
20140514000009000550000000033144560900000113110000965.52  
20140514000009000550000000033144560900000113120000165.10  
20140514000009000550000000033144560900000113131000289.66  
20140514000009000550000000033144560900000113200000193.10  
20140514000009000210000000036231231100000111220001814.40  
20140514000009000210000000036231231100000111400001231.20  
20140514000009000210000000036231231100000111700012960.00  
20140514000009000210000000036231231100000113110001477.44  
20140514000009000210000000036231231100000113120000252.64  
20140514000009000210000000036231231100000113131000443.23  
20140514000009000210000000036231231100000113200000295.49  
20140514000009001210000000018643811100000111220001123.20  
20140514000009001210000000018643811100000111310000842.40  
20140514000009001210000000018643811100000111400000620.39  
20140514000009001210000000018643811100000111700004212.00  
20140514000009001210000000018643811100000111910001267.11  
20140514000009001210000000018643811100000113110000744.47  
20140514000009001210000000018643811100000113120000127.30  
20140514000009001210000000018643811100000113131000223.34  
20140514000009001210000000018643811100000113200000148.89  
20140514000009000450000000035116591200000111400000945.00  
20140514000009000450000000035116591200000111700011340.00  
20140514000009000450000000035116591200000113110001134.00  
20140514000009000450000000035116591200000113120000193.91  
20140514000009000450000000035116591200000113131000340.20  
20140514000009000450000000035116591200000113200000226.80  
20140514000009001220000000017642751100000111220000475.20  
20140514000009001220000000017642751100000111310000842.40  
20140514000009001220000000017642751100000111400000641.49  
20140514000009001220000000017642751100000111600001200.00  
20140514000009001220000000017642751100000111700004212.00  
20140514000009001220000000017642751100000111910002168.30  
20140514000009001220000000017642751100000113110000769.79  
20140514000009001220000000017642751100000113120000131.63  
20140514000009001220000000017642751100000113131000230.94  
20140514000009001220000000017642751100000113200000153.96  
20140514000009000290000000037708311100000111220001123.20  
20140514000009000290000000037708311100000111310002451.60  
20140514000009000290000000037708311100000111400001319.40  
20140514000009000290000000037708311100000111700012258.00  
20140514000009000290000000037708311100000113110001583.28  
20140514000009000290000000037708311100000113120000270.74  
20140514000009000290000000037708311100000113131000474.98  
20140514000009000290000000037708311100000113200000316.66  
20140514000009000560000000051699641000000111400000765.00  
20140514000009000560000000051699641000000111700009180.00  
20140514000009000560000000051699641000000113110000918.00  
20140514000009000560000000051699641000000113120000156.98  
20140514000009000560000000051699641000000113131000275.40  
20140514000009000560000000051699641000000113200000183.60  
20140514000009002110000000044147960900000111220000216.00  
20140514000009002110000000044147960900000111400002024.25  
20140514000009002110000000044147960900000111700024075.00  
20140514000009002110000000044147960900000113110002429.10  
20140514000009002110000000044147960900000113120000415.38  
20140514000009002110000000044147960900000113131000728.73  
20140514000009002110000000044147960900000113200000485.82  
20140514000009001160000000035049721100000111220001468.80  
20140514000009001160000000035049721100000111310000961.20  
20140514000009001160000000035049721100000111400000633.04  
20140514000009001160000000035049721100000111700004806.00  
20140514000009001160000000035049721100000111910000360.45  
20140514000009001160000000035049721100000113110000759.65  
20140514000009001160000000035049721100000113120000129.90  
20140514000009001160000000035049721100000113131000227.89  
20140514000009001160000000035049721100000113200000151.93  
20140514000009000650000000044144611100000111220000475.20  
20140514000009000650000000044144611100000111310001641.60  
20140514000009000650000000044144611100000111400000860.40  
20140514000009000650000000044144611100000111600001200.00  
20140514000009000650000000044144611100000111700008208.00  
20140514000009000650000000044144611100000113110001032.48  
20140514000009000650000000044144611100000113120000176.55  
20140514000009000650000000044144611100000113131000309.74  
20140514000009000650000000044144611100000113200000206.50  
20140514000009000570000000030128040900000111220000216.00  
20140514000009000570000000030128040900000111400000783.00  
20140514000009000570000000030128040900000111700009180.00  
20140514000009000570000000030128040900000113110000939.60  
20140514000009000570000000030128040900000113120000160.67  
20140514000009000570000000030128040900000113131000281.88  
20140514000009000570000000030128040900000113200000187.92  
20140514000009001170000000037549901100000111220001468.80  
20140514000009001170000000037549901100000111310000961.20  
20140514000009001170000000037549901100000111400000738.92  
20140514000009001170000000037549901100000111700004806.00  
20140514000009001170000000037549901100000111910001631.04  
20140514000009001170000000037549901100000113110000886.70  
20140514000009001170000000037549901100000113120000151.63  
20140514000009001170000000037549901100000113131000266.01  
20140514000009001170000000037549901100000113200000177.34  
20140514000009000080000000028681720900000111220000777.60  
20140514000009000080000000028681720900000111400001275.30  
20140514000009000080000000028681720900000111700014526.00  
20140514000009000080000000028681720900000113110001530.36  
20140514000009000080000000028681720900000113120000261.69  
20140514000009000080000000028681720900000113131000459.11  
20140514000009000080000000028681720900000113200000306.07  
20140514000009000740000000052918901100000111220000216.00  
20140514000009000740000000052918901100000111310001425.60  
20140514000009000740000000052918901100000111400000730.80  
20140514000009000740000000052918901100000111700007128.00  
20140514000009000740000000052918901100000113110000876.96  
20140514000009000740000000052918901100000113120000149.96  
20140514000009000740000000052918901100000113131000263.09  
20140514000009000740000000052918901100000113200000175.39  
20140514000009002000000000037570881200000111220000777.60  
20140514000009002000000000037570881200000111400001009.80  
20140514000009002000000000037570881200000111700011340.00  
20140514000009002000000000037570881200000113110001211.76  
20140514000009002000000000037570881200000113120000207.21  
20140514000009002000000000037570881200000113131000363.53  
20140514000009002000000000037570881200000113200000242.35  
20140514000009000750000000040131221000000111220000216.00  
20140514000009000750000000040131221000000111400000612.00  
20140514000009000750000000040131221000000111700007128.00  
20140514000009000750000000040131221000000113110000734.40  
20140514000009000750000000040131221000000113120000125.58  
20140514000009000750000000040131221000000113131000220.32  
20140514000009000750000000040131221000000113200000146.88  
20140514000009001230000000034170501100000111220000475.20  
20140514000009001230000000034170501100000111310000842.40  
20140514000009001230000000034170501100000111400000564.86  
20140514000009001230000000034170501100000111700004212.00  
20140514000009001230000000034170501100000111910001248.68  
20140514000009001230000000034170501100000113110000677.83  
20140514000009001230000000034170501100000113120000115.91  
20140514000009001230000000034170501100000113131000203.35  
20140514000009001230000000034170501100000113200000135.57  
20140514000009000470000000035904831000000111220000475.20  
20140514000009000470000000035904831000000111400000984.60  
20140514000009000470000000035904831000000111700011340.00  
20140514000009000470000000035904831000000113110001181.52  
20140514000009000470000000035904831000000113120000202.04  
20140514000009000470000000035904831000000113131000354.46  
20140514000009000470000000035904831000000113200000236.30  
20140514000009000580000000044506571000000111400000765.00  
20140514000009000580000000044506571000000111600001200.00  
20140514000009000580000000044506571000000111700009180.00  
20140514000009000580000000044506571000000113110000918.00  
20140514000009000580000000044506571000000113120000156.98  
20140514000009000580000000044506571000000113131000275.40  
20140514000009000580000000044506571000000113200000183.60  
20140514000009001380000000036936201000000111220000777.60  
20140514000009001380000000036936201000000111310000712.80  
20140514000009001380000000036936201000000111400000421.20  
20140514000009001380000000036936201000000111700003564.00  
20140514000009001380000000036936201000000113110000505.44  
20140514000009001380000000036936201000000113120000086.43  
20140514000009001380000000036936201000000113131000151.63  
20140514000009001380000000036936201000000113200000101.09  
20140514000009001010000000013705021100000111220001468.80  
20140514000009001010000000013705021100000111310001058.40  
20140514000009001010000000013705021100000111400000804.48  
20140514000009001010000000013705021100000111700005292.00  
20140514000009001010000000013705021100000111910001834.56  
20140514000009001010000000013705021100000113110000965.38  
20140514000009001010000000013705021100000113120000165.08  
20140514000009001010000000013705021100000113131000289.61  
20140514000009001010000000013705021100000113200000193.08  
20140514000009000180000000030045571200000111220001123.20  
20140514000009000180000000030045571200000111400001218.60  
20140514000009000180000000030045571200000111700013500.00  
20140514000009000180000000030045571200000113110001462.32  
20140514000009000180000000030045571200000113120000250.06  
20140514000009000180000000030045571200000113131000438.70  
20140514000009000180000000030045571200000113200000292.46  
20140514000009001020000000026926041100000111220001123.20  
20140514000009001020000000026926041100000111310001058.40  
20140514000009001020000000026926041100000111400000655.88  
20140514000009001020000000026926041100000111700005292.00  
20140514000009001020000000026926041100000111910000396.90  
20140514000009001020000000026926041100000113110000787.05  
20140514000009001020000000026926041100000113120000134.59  
20140514000009001020000000026926041100000113131000236.12  
20140514000009001020000000026926041100000113200000157.41  
20140514000009000920000000029143441100000111220001814.40  
20140514000009000920000000029143441100000111310001166.40  
20140514000009000920000000029143441100000111400000847.19  
20140514000009000920000000029143441100000111700005832.00  
20140514000009000920000000029143441100000111910001353.51  
20140514000009000920000000029143441100000113110001016.63  
20140514000009000920000000029143441100000113120000173.84  
20140514000009000920000000029143441100000113131000304.99  
20140514000009000920000000029143441100000113200000203.33  
20140514000009001030000000009599340900000111220002160.00  
20140514000009001030000000009599340900000111400000621.00  
20140514000009001030000000009599340900000111700005292.00  
20140514000009001030000000009599340900000113110000745.20  
20140514000009001030000000009599340900000113120000127.43  
20140514000009001030000000009599340900000113131000223.56  
20140514000009001030000000009599340900000113200000149.04  
20140514000009001240000000037862621100000111220000777.60  
20140514000009001240000000037862621100000111310000842.40  
20140514000009001240000000037862621100000111400000496.53  
20140514000009001240000000037862621100000111700004212.00  
20140514000009001240000000037862621100000111910000126.36  
20140514000009001240000000037862621100000113110000595.84  
20140514000009001240000000037862621100000113120000101.89  
20140514000009001240000000037862621100000113131000178.75  
20140514000009001240000000037862621100000113200000119.17  
20140514000009000090000000028683471000000111220000475.20  
20140514000009000090000000028683471000000111400001250.10  
20140514000009000090000000028683471000000111700014526.00  
20140514000009000090000000028683471000000113110001500.12  
20140514000009000090000000028683471000000113120000256.52  
20140514000009000090000000028683471000000113131000450.04  
20140514000009000090000000028683471000000113200000300.02  
20140514000009000100000000031374600900000111220001468.80  
20140514000009000100000000031374600900000111400001332.90  
20140514000009000100000000031374600900000111700014526.00  
20140514000009000100000000031374600900000113110001599.48  
20140514000009000100000000031374600900000113120000273.51  
20140514000009000100000000031374600900000113131000479.84  
20140514000009000100000000031374600900000113200000319.90  
20140514000009000810000000064080310900000111400000579.20  
20140514000009000810000000064080310900000111700006588.00  
20140514000009000810000000064080310900000111910000362.34  
20140514000009000810000000064080310900000113110000695.03  
20140514000009000810000000064080310900000113120000118.85  
20140514000009000810000000064080310900000113131000208.51  
20140514000009000810000000064080310900000113200000139.01  
20140514000009000760000000064666681100000111220000216.00  
20140514000009000760000000064666681100000111310001425.60  
20140514000009000760000000064666681100000111400000730.80  
20140514000009000760000000064666681100000111700007128.00  
20140514000009000760000000064666681100000113110000876.96  
20140514000009000760000000064666681100000113120000149.96  
20140514000009000760000000064666681100000113131000263.09  
20140514000009000760000000064666681100000113200000175.39  
20140514000009000110000000030253460900000111400001210.50  
20140514000009000110000000030253460900000111700014526.00  
20140514000009000110000000030253460900000113110001452.60  
20140514000009000110000000030253460900000113120000248.39  
20140514000009000110000000030253460900000113131000435.78  
20140514000009000110000000030253460900000113200000290.52  
20140514000009000300000000037697441200000111220000216.00  
20140514000009000300000000037697441200000111400001039.50  
20140514000009000300000000037697441200000111700012258.00  
20140514000009000300000000037697441200000113110001247.40  
20140514000009000300000000037697441200000113120000213.31  
20140514000009000300000000037697441200000113131000374.22  
20140514000009000300000000037697441200000113200000249.48  
20140514000009000930000000030781101100000111220001468.80  
20140514000009000930000000030781101100000111310001166.40  
20140514000009000930000000030781101100000111400000737.19  
20140514000009000930000000030781101100000111700005832.00  
20140514000009000930000000030781101100000111910000379.08  
20140514000009000930000000030781101100000113110000884.63  
20140514000009000930000000030781101100000113120000151.27  
20140514000009000930000000030781101100000113131000265.39  
20140514000009000930000000030781101100000113200000176.93  
20140514000009001250000000088545261100000111220000216.00  
20140514000009001250000000088545261100000111310000842.40  
20140514000009001250000000088545261100000111400000660.40  
20140514000009001250000000088545261100000111700004212.00  
20140514000009001250000000088545261100000111910002654.44  
20140514000009001250000000088545261100000113110000792.48  
20140514000009001250000000088545261100000113120000135.51  
20140514000009001250000000088545261100000113131000237.75  
20140514000009001250000000088545261100000113200000158.50  
20140514000009000590000000009363050900000111220001468.80  
20140514000009000590000000009363050900000111400000887.40  
20140514000009000590000000009363050900000111700009180.00  
20140514000009000590000000009363050900000113110001064.88  
20140514000009000590000000009363050900000113120000182.09  
20140514000009000590000000009363050900000113131000319.46  
20140514000009000590000000009363050900000113200000212.98  
20140514000009001260000000051518861100000111220000475.20  
20140514000009001260000000051518861100000111310000842.40  
20140514000009001260000000051518861100000111400000572.32  
20140514000009001260000000051518861100000111700004212.00  
20140514000009001260000000051518861100000111910001338.19  
20140514000009001260000000051518861100000113110000686.78  
20140514000009001260000000051518861100000113120000117.44  
20140514000009001260000000051518861100000113131000206.03  
20140514000009001260000000051518861100000113200000137.36  
20140514000009000820000000028997750900000111220000216.00  
20140514000009000820000000028997750900000111400000567.00  
20140514000009000820000000028997750900000111700006588.00  
20140514000009000820000000028997750900000113110000680.40  
20140514000009000820000000028997750900000113120000116.35  
20140514000009000820000000028997750900000113131000204.12  
20140514000009000820000000028997750900000113200000136.08  
20140514000009000310000000036220651200000111220001468.80  
20140514000009000310000000036220651200000111400001143.90  
20140514000009000310000000036220651200000111700012258.00  
20140514000009000310000000036220651200000113110001372.68  
20140514000009000310000000036220651200000113120000234.73  
20140514000009000310000000036220651200000113131000411.80  
20140514000009000310000000036220651200000113200000274.54  
20140514000009000660000000051617001100000111220000216.00  
20140514000009000660000000051617001100000111310001641.60  
20140514000009000660000000051617001100000111400000838.80  
20140514000009000660000000051617001100000111700008208.00  
20140514000009000660000000051617001100000113110001006.56  
20140514000009000660000000051617001100000113120000172.12  
20140514000009000660000000051617001100000113131000301.97  
20140514000009000660000000051617001100000113200000201.31  
20140514000009001270000000045380110900000111220000216.00  
20140514000009001270000000045380110900000111400000369.00  
20140514000009001270000000045380110900000111700004212.00  
20140514000009001270000000045380110900000113110000442.80  
20140514000009001270000000045380110900000113120000075.72  
20140514000009001270000000045380110900000113131000132.84  
20140514000009001270000000045380110900000113200000088.56  
20140514000009000830000000019306230900000111220000216.00  
20140514000009000830000000019306230900000111400000567.00  
20140514000009000830000000019306230900000111700006588.00  
20140514000009000830000000019306230900000113110000680.40  
20140514000009000830000000019306230900000113120000116.35  
20140514000009000830000000019306230900000113131000204.12  
20140514000009000830000000019306230900000113200000136.08  
20140514000009000940000000060874820900000111400000486.00  
20140514000009000940000000060874820900000111700005832.00  
20140514000009000940000000060874820900000113110000583.20  
20140514000009000940000000060874820900000113120000099.73  
20140514000009000940000000060874820900000113131000174.96  
20140514000009000940000000060874820900000113200000116.64  
20140514000009000950000000064310240900000111220000216.00  
20140514000009000950000000064310240900000111400000504.00  
20140514000009000950000000064310240900000111700005832.00  
20140514000009000950000000064310240900000113110000604.80  
20140514000009000950000000064310240900000113120000103.42  
20140514000009000950000000064310240900000113131000181.44  
20140514000009000950000000064310240900000113200000120.96  
20140514000009001040000000017606861100000111220001123.20  
20140514000009001040000000017606861100000111310001058.40  
20140514000009001040000000017606861100000111400000622.80  
20140514000009001040000000017606861100000111700005292.00  
20140514000009001040000000017606861100000113110000747.36  
20140514000009001040000000017606861100000113120000127.80  
20140514000009001040000000017606861100000113131000224.21  
20140514000009001040000000017606861100000113200000149.47  
20140514000009001180000000034820631100000111220001468.80  
20140514000009001180000000034820631100000111310000961.20  
20140514000009001180000000034820631100000111400000663.33  
20140514000009001180000000034820631100000111700004806.00  
20140514000009001180000000034820631100000111910000723.90  
20140514000009001180000000034820631100000113110000795.99  
20140514000009001180000000034820631100000113120000136.11  
20140514000009001180000000034820631100000113131000238.80  
20140514000009001180000000034820631100000113200000159.20  
20140514000009002010000000009988131100000111220000475.20  
20140514000009002010000000009988131100000111400001643.68  
20140514000009002010000000009988131100000111700019249.00  
20140514000009002010000000009988131100000113110001972.42  
20140514000009002010000000009988131100000113120000337.28  
20140514000009002010000000009988131100000113131000591.73  
20140514000009002010000000009988131100000113200000394.48  
20140514000009000670000000045398890900000111220000216.00  
20140514000009000670000000045398890900000111400000702.00  
20140514000009000670000000045398890900000111700008208.00  
20140514000009000670000000045398890900000113110000842.40  
20140514000009000670000000045398890900000113120000144.05  
20140514000009000670000000045398890900000113131000252.72  
20140514000009000670000000045398890900000113200000168.48  
20140514000009001190000000048000591100000111220000475.20  
20140514000009001190000000048000591100000111310000961.20  
20140514000009001190000000048000591100000111400000530.21  
20140514000009001190000000048000591100000111700004806.00  
20140514000009001190000000048000591100000111910000120.15  
20140514000009001190000000048000591100000113110000636.26  
20140514000009001190000000048000591100000113120000108.80  
20140514000009001190000000048000591100000113131000190.88  
20140514000009001190000000048000591100000113200000127.25  
20140514000009000960000000030993041100000111220000216.00  
20140514000009000960000000030993041100000111310001166.40  
20140514000009000960000000030993041100000111400000601.20  
20140514000009000960000000030993041100000111700005832.00  
20140514000009000960000000030993041100000113110000721.44  
20140514000009000960000000030993041100000113120000123.37  
20140514000009000960000000030993041100000113131000216.43  
20140514000009000960000000030993041100000113200000144.29  
20140514000009001200000000042929851100000111220000216.00  
20140514000009001200000000042929851100000111310000961.20  
20140514000009001200000000042929851100000111400000640.28  
20140514000009001200000000042929851100000111700004806.00  
20140514000009001200000000042929851100000111910001700.13  
20140514000009001200000000042929851100000113110000768.33  
20140514000009001200000000042929851100000113120000131.38  
20140514000009001200000000042929851100000113131000230.50  
20140514000009001200000000042929851100000113200000153.67  
20140514000009001050000000008031310900000111220002160.00  
20140514000009001050000000008031310900000111400000621.00  
20140514000009001050000000008031310900000111700005292.00  
20140514000009001050000000008031310900000113110000745.20  
20140514000009001050000000008031310900000113120000127.43  
20140514000009001050000000008031310900000113131000223.56  
20140514000009001050000000008031310900000113200000149.04  
20140514000009002090000000049012270900000111220000216.00  
20140514000009002090000000049012270900000111400002024.25  
20140514000009002090000000049012270900000111700024075.00  
20140514000009002090000000049012270900000113110002429.10  
20140514000009002090000000049012270900000113120000415.38  
20140514000009002090000000049012270900000113131000728.73  
20140514000009002090000000049012270900000113200000485.82  
20140514000009000680000000048841640900000111220000216.00  
20140514000009000680000000048841640900000111400000702.00  
20140514000009000680000000048841640900000111700008208.00  
20140514000009000680000000048841640900000113110000842.40  
20140514000009000680000000048841640900000113120000144.05  
20140514000009000680000000048841640900000113131000252.72  
20140514000009000680000000048841640900000113200000168.48  
20140514000009000840000000028792790900000111220001468.80  
20140514000009000840000000028792790900000111400000671.40  
20140514000009000840000000028792790900000111700006588.00  
20140514000009000840000000028792790900000113110000805.68  
20140514000009000840000000028792790900000113120000137.77  
20140514000009000840000000028792790900000113131000241.70  
20140514000009000840000000028792790900000113200000161.14  
20140514000009000850000000064730210900000111220000216.00  
20140514000009000850000000064730210900000111400000567.00  
20140514000009000850000000064730210900000111700006588.00  
20140514000009000850000000064730210900000113110000680.40  
20140514000009000850000000064730210900000113120000116.35  
20140514000009000850000000064730210900000113131000204.12  
20140514000009000850000000064730210900000113200000136.08  
20140514000009001390000000048977811100000111220000216.00  
20140514000009001390000000048977811100000111310000712.80  
20140514000009001390000000048977811100000111400000524.69  
20140514000009001390000000048977811100000111700003564.00  
20140514000009001390000000048977811100000111910001803.53  
20140514000009001390000000048977811100000113110000629.63  
20140514000009001390000000048977811100000113120000107.67  
20140514000009001390000000048977811100000113131000188.89  
20140514000009001390000000048977811100000113200000125.93  
20140514000009000320000000037688620900000111220000475.20  
20140514000009000320000000037688620900000111400001061.10  
20140514000009000320000000037688620900000111700012258.00  
20140514000009000320000000037688620900000113110001273.32  
20140514000009000320000000037688620900000113120000217.74  
20140514000009000320000000037688620900000113131000382.00  
20140514000009000320000000037688620900000113200000254.66  
20140514000009001060000000020457011000000111220002160.00  
20140514000009001060000000020457011000000111400000621.00  
20140514000009001060000000020457011000000111700005292.00  
20140514000009001060000000020457011000000113110000745.20  
20140514000009001060000000020457011000000113120000127.43  
20140514000009001060000000020457011000000113131000223.56  
20140514000009001060000000020457011000000113200000149.04  
20140514000009001460000000037345451000000111220000216.00  
20140514000009001460000000037345451000000111400001228.50  
20140514000009001460000000037345451000000111700014526.00  
20140514000009001460000000037345451000000113110001474.20  
20140514000009001460000000037345451000000113120000252.09  
20140514000009001460000000037345451000000113131000442.26  
20140514000009001460000000037345451000000113200000294.84  
20140514000009000340000000052702481200000111220000216.00  
20140514000009000340000000052702481200000111400001039.50  
20140514000009000340000000052702481200000111700012258.00  
20140514000009000340000000052702481200000113110001247.40  
20140514000009000340000000052702481200000113120000213.31  
20140514000009000340000000052702481200000113131000374.22  
20140514000009000340000000052702481200000113200000249.48  
20140514000009001400000000048869720900000111220000216.00  
20140514000009001400000000048869720900000111400000315.00  
20140514000009001400000000048869720900000111700003564.00  
20140514000009001400000000048869720900000113110000378.00  
20140514000009001400000000048869720900000113120000064.64  
20140514000009001400000000048869720900000113131000113.40  
20140514000009001400000000048869720900000113200000075.60  
20140514000009000510000000019326181100000111220001123.20  
20140514000009000510000000019326181100000111400000962.10  
20140514000009000510000000019326181100000111700010422.00  
20140514000009000510000000019326181100000113110001154.52  
20140514000009000510000000019326181100000113120000197.42  
20140514000009000510000000019326181100000113131000346.36  
20140514000009000510000000019326181100000113200000230.90  
20140514000009000350000000044334130900000111400001021.50  
20140514000009000350000000044334130900000111700012258.00  
20140514000009000350000000044334130900000113110001225.80  
20140514000009000350000000044334130900000113120000209.61  
20140514000009000350000000044334130900000113131000367.74  
20140514000009000350000000044334130900000113200000245.16  
20140514000009001070000000038318380900000111220001123.20  
20140514000009001070000000038318380900000111400000534.60  
20140514000009001070000000038318380900000111700005292.00  
20140514000009001070000000038318380900000113110000641.52  
20140514000009001070000000038318380900000113120000109.70  
20140514000009001070000000038318380900000113131000192.46  
20140514000009001070000000038318380900000113200000128.30  
20140514000009000520000000036166271100000111220000216.00  
20140514000009000520000000036166271100000111400000886.50  
20140514000009000520000000036166271100000111700010422.00  
20140514000009000520000000036166271100000113110001063.80  
20140514000009000520000000036166271100000113120000181.91  
20140514000009000520000000036166271100000113131000319.14  
20140514000009000520000000036166271100000113200000212.76  
20140514000009002050000000018938120900000111400003210.00  
20140514000009002050000000018938120900000111700038520.00  
20140514000009002050000000018938120900000113110003852.00  
20140514000009002050000000018938120900000113120000658.69  
20140514000009002050000000018938120900000113131001155.60  
20140514000009002050000000018938120900000113200000770.40  
20140514000009001080000000008552790900000111220002160.00  
20140514000009001080000000008552790900000111400000621.00  
20140514000009001080000000008552790900000111700005292.00  
20140514000009001080000000008552790900000113110000745.20  
20140514000009001080000000008552790900000113120000127.43  
20140514000009001080000000008552790900000113131000223.56  
20140514000009001080000000008552790900000113200000149.04  
20140514000009000690000000034593161200000111220000216.00  
20140514000009000690000000034593161200000111400000702.00  
20140514000009000690000000034593161200000111700008208.00  
20140514000009000690000000034593161200000113110000842.40  
20140514000009000690000000034593161200000113120000144.05  
20140514000009000690000000034593161200000113131000252.72  
20140514000009000690000000034593161200000113200000168.48  
20140514000009001280000000060963391100000111220000216.00  
20140514000009001280000000060963391100000111310000842.40  
20140514000009001280000000060963391100000111400000547.50  
20140514000009001280000000060963391100000111700004212.00  
20140514000009001280000000060963391100000111910001299.58  
20140514000009001280000000060963391100000113110000657.00  
20140514000009001280000000060963391100000113120000112.35  
20140514000009001280000000060963391100000113131000197.10  
20140514000009001280000000060963391100000113200000131.40  
20140514000009000700000000037290380900000111220001468.80  
20140514000009000700000000037290380900000111400000806.40  
20140514000009000700000000037290380900000111700008208.00  
20140514000009000700000000037290380900000113110000967.68  
20140514000009000700000000037290380900000113120000165.47  
20140514000009000700000000037290380900000113131000290.30  
20140514000009000700000000037290380900000113200000193.54  
20140514000009000710000000037205221100000111220001468.80  
20140514000009000710000000037205221100000111310001641.60  
20140514000009000710000000037205221100000111400000943.20  
20140514000009000710000000037205221100000111700008208.00  
20140514000009000710000000037205221100000113110001131.84  
20140514000009000710000000037205221100000113120000193.54  
20140514000009000710000000037205221100000113131000339.55  
20140514000009000710000000037205221100000113200000226.37  
20140514000009000360000000028904760900000111400001021.50  
20140514000009000360000000028904760900000111700012258.00  
20140514000009000360000000028904760900000113110001225.80  
20140514000009000360000000028904760900000113120000209.61  
20140514000009000360000000028904760900000113131000367.74  
20140514000009000360000000028904760900000113200000245.16  
20140514000009000370000000044187971200000111220000216.00  
20140514000009000370000000044187971200000111400001039.50  
20140514000009000370000000044187971200000111700012258.00  
20140514000009000370000000044187971200000113110001247.40  
20140514000009000370000000044187971200000113120000213.31  
20140514000009000370000000044187971200000113131000374.22  
20140514000009000370000000044187971200000113200000249.48  
20140514000009001290000000051794601100000111220000475.20  
20140514000009001290000000051794601100000111310000842.40  
20140514000009001290000000051794601100000111400000608.73  
20140514000009001290000000051794601100000111600001200.00  
20140514000009001290000000051794601100000111700004212.00  
20140514000009001290000000051794601100000111910001775.18  
20140514000009001290000000051794601100000113110000730.48  
20140514000009001290000000051794601100000113120000124.91  
20140514000009001290000000051794601100000113131000219.14  
20140514000009001290000000051794601100000113200000146.10  
20140514000009001300000000044107891100000111220001123.20  
20140514000009001300000000044107891100000111310000842.40  
20140514000009001300000000044107891100000111400000595.38  
20140514000009001300000000044107891100000111700004212.00  
20140514000009001300000000044107891100000111910000967.01  
20140514000009001300000000044107891100000113110000714.46  
20140514000009001300000000044107891100000113120000122.17  
20140514000009001300000000044107891100000113131000214.34  
20140514000009001300000000044107891100000113200000142.89  
20140514000009002060000000030255050900000111220000777.60  
20140514000009002060000000030255050900000111400003274.80  
20140514000009002060000000030255050900000111700038520.00  
20140514000009002060000000030255050900000113110003929.76  
20140514000009002060000000030255050900000113120000671.99  
20140514000009002060000000030255050900000113131001178.93  
20140514000009002060000000030255050900000113200000785.95  
20140514000009001090000000037827311100000111220001814.40  
20140514000009001090000000037827311100000111310001058.40  
20140514000009001090000000037827311100000111400000818.86  
20140514000009001090000000037827311100000111700005292.00  
20140514000009001090000000037827311100000111910001661.47  
20140514000009001090000000037827311100000113110000982.63  
20140514000009001090000000037827311100000113120000168.03  
20140514000009001090000000037827311100000113131000294.79  
20140514000009001090000000037827311100000113200000196.53  
20140514000009000780000000052419840900000111400000647.46  
20140514000009000780000000052419840900000111700007128.00  
20140514000009000780000000052419840900000111910000641.52  
20140514000009000780000000052419840900000113110000776.95  
20140514000009000780000000052419840900000113120000132.86  
20140514000009000780000000052419840900000113131000233.09  
20140514000009000780000000052419840900000113200000155.39  
20140514000009002030000000010690890900000111400003210.00  
20140514000009002030000000010690890900000111700038520.00  
20140514000009002030000000010690890900000113110003852.00  
20140514000009002030000000010690890900000113120000658.69  
20140514000009002030000000010690890900000113131001155.60  
20140514000009002030000000010690890900000113200000770.40  
20140514000009000130000000031378190900000111220001123.20  
20140514000009000130000000031378190900000111400001304.10  
20140514000009000130000000031378190900000111700014526.00  
20140514000009000130000000031378190900000113110001564.92  
20140514000009000130000000031378190900000113120000267.60  
20140514000009000130000000031378190900000113131000469.48  
20140514000009000130000000031378190900000113200000312.98  
20140514000009000790000000052259660900000111220000216.00  
20140514000009000790000000052259660900000111400000612.00  
20140514000009000790000000052259660900000111700007128.00  
20140514000009000790000000052259660900000113110000734.40  
20140514000009000790000000052259660900000113120000125.58  
20140514000009000790000000052259660900000113131000220.32  
20140514000009000790000000052259660900000113200000146.88  
20140514000009000860000000044618940900000111220000475.20  
20140514000009000860000000044618940900000111400000588.60  
20140514000009000860000000044618940900000111700006588.00  
20140514000009000860000000044618940900000113110000706.32  
20140514000009000860000000044618940900000113120000120.78  
20140514000009000860000000044618940900000113131000211.90  
20140514000009000860000000044618940900000113200000141.26  
20140514000009001410000000048709620900000111220000216.00  
20140514000009001410000000048709620900000111400000315.00  
20140514000009001410000000048709620900000111600001200.00  
20140514000009001410000000048709620900000111700003564.00  
20140514000009001410000000048709620900000113110000378.00  
20140514000009001410000000048709620900000113120000064.64  
20140514000009001410000000048709620900000113131000113.40  
20140514000009001410000000048709620900000113200000075.60  
20140514000009000870000000051932150900000111220000216.00  
20140514000009000870000000051932150900000111400000567.00  
20140514000009000870000000051932150900000111700006588.00  
20140514000009000870000000051932150900000113110000680.40  
20140514000009000870000000051932150900000113120000116.35  
20140514000009000870000000051932150900000113131000204.12  
20140514000009000870000000051932150900000113200000136.08  
20140514000009000190000000005681381200000111220002160.00  
20140514000009000190000000005681381200000111400001305.00  
20140514000009000190000000005681381200000111700013500.00  
20140514000009000190000000005681381200000113110001566.00  
20140514000009000190000000005681381200000113131000469.80  
20140514000009000190000000005681381200000113200000313.20  
20140514000009000600000000044208961000000111400000765.00  
20140514000009000600000000044208961000000111600001200.00  
20140514000009000600000000044208961000000111700009180.00  
20140514000009000600000000044208961000000113110000918.00  
20140514000009000600000000044208961000000113120000156.98  
20140514000009000600000000044208961000000113131000275.40  
20140514000009000600000000044208961000000113200000183.60  
20140514000009000610000000035181171000000111220000475.20  
20140514000009000610000000035181171000000111400000804.60  
20140514000009000610000000035181171000000111700009180.00  
20140514000009000610000000035181171000000113110000965.52  
20140514000009000610000000035181171000000113120000165.10  
20140514000009000610000000035181171000000113131000289.66  
20140514000009000610000000035181171000000113200000193.10  
20140514000009001420000000030640161000000111220001123.20  
20140514000009001420000000030640161000000111310000712.80  
20140514000009001420000000030640161000000111400000450.00  
20140514000009001420000000030640161000000111700003564.00  
20140514000009001420000000030640161000000113110000540.00  
20140514000009001420000000030640161000000113120000092.34  
20140514000009001420000000030640161000000113131000162.00  
20140514000009001420000000030640161000000113200000108.00  
20140514000009000970000000045021820900000111400000486.00  
20140514000009000970000000045021820900000111700005832.00  
20140514000009000970000000045021820900000113110000583.20  
20140514000009000970000000045021820900000113120000099.73  
20140514000009000970000000045021820900000113131000174.96  
20140514000009000970000000045021820900000113200000116.64  
20140514000009000980000000040225151100000111220000475.20  
20140514000009000980000000040225151100000111310001166.40  
20140514000009000980000000040225151100000111400000622.80  
20140514000009000980000000040225151100000111600002640.00  
20140514000009000980000000040225151100000111700005832.00  
20140514000009000980000000040225151100000113110000747.36  
20140514000009000980000000040225151100000113120000127.80  
20140514000009000980000000040225151100000113131000224.21  
20140514000009000980000000040225151100000113200000149.47  
20140514000009001310000000086667801100000111220000036.00  
20140514000009001310000000086667801100000111310000140.40  
20140514000009001310000000086667801100000111400000125.05  
20140514000009001310000000086667801100000111700000702.00  
20140514000009001310000000086667801100000111910000622.15  
20140514000009001310000000086667801100000113110000150.06  
20140514000009001310000000086667801100000113120000025.66  
20140514000009001310000000086667801100000113131000045.02  
20140514000009001310000000086667801100000113200000030.01  
20140514000009001320000000044154021100000111220000475.20  
20140514000009001320000000044154021100000111310000842.40  
20140514000009001320000000044154021100000111400000640.61  
20140514000009001320000000044154021100000111700004212.00  
20140514000009001320000000044154021100000111910002157.77  
20140514000009001320000000044154021100000113110000768.74  
20140514000009001320000000044154021100000113120000131.45  
20140514000009001320000000044154021100000113131000230.62  
20140514000009001320000000044154021100000113200000153.75  
20140514000009001330000000042002231100000111220000216.00  
20140514000009001330000000042002231100000111310000842.40  
20140514000009001330000000042002231100000111400000496.24  
20140514000009001330000000042002231100000111600001200.00  
20140514000009001330000000042002231100000111700004212.00  
20140514000009001330000000042002231100000111910000684.45  
20140514000009001330000000042002231100000113110000595.49  
20140514000009001330000000042002231100000113120000101.83  
20140514000009001330000000042002231100000113131000178.65  
20140514000009001330000000042002231100000113200000119.10  
20140514000009002070000000051989401000000111220000216.00  
20140514000009002070000000051989401000000111400002024.25  
20140514000009002070000000051989401000000111700024075.00  
20140514000009002070000000051989401000000113110002429.10  
20140514000009002070000000051989401000000113120000415.38  
20140514000009002070000000051989401000000113131000728.73  
20140514000009002070000000051989401000000113200000485.82  
20140514000009000990000000056485771100000111220000216.00  
20140514000009000990000000056485771100000111310001166.40  
20140514000009000990000000056485771100000111400000601.20  
20140514000009000990000000056485771100000111700005832.00  
20140514000009000990000000056485771100000113110000721.44  
20140514000009000990000000056485771100000113120000123.37  
20140514000009000990000000056485771100000113131000216.43  
20140514000009000990000000056485771100000113200000144.29  
20140514000009001340000000036055810900000111400000351.00  
20140514000009001340000000036055810900000111700004212.00  
20140514000009001340000000036055810900000113110000421.20  
20140514000009001340000000036055810900000113120000072.03  
20140514000009001340000000036055810900000113131000126.36  
20140514000009001340000000036055810900000113200000084.24  
20140514000009001430000000037530270900000111220000777.60  
20140514000009001430000000037530270900000111400000361.80  
20140514000009001430000000037530270900000111700003564.00  
20140514000009001430000000037530270900000113110000434.16  
20140514000009001430000000037530270900000113120000074.24  
20140514000009001430000000037530270900000113131000130.25  
20140514000009001430000000037530270900000113200000086.83  
20140514000009002100000000036212690900000111220001468.80  
20140514000009002100000000036212690900000111400002128.65  
20140514000009002100000000036212690900000111700024075.00  
20140514000009002100000000036212690900000113110002554.38  
20140514000009002100000000036212690900000113120000436.80  
20140514000009002100000000036212690900000113131000766.31  
20140514000009002100000000036212690900000113200000510.88  
20140514000009000150000000035888920900000111400001210.50  
20140514000009000150000000035888920900000111700014526.00  
20140514000009000150000000035888920900000113110001452.60  
20140514000009000150000000035888920900000113120000248.39  
20140514000009000150000000035888920900000113131000435.78  
20140514000009000150000000035888920900000113200000290.52  
20140514000009001350000000059031341100000111220000475.20  
20140514000009001350000000059031341100000111310000842.40  
20140514000009001350000000059031341100000111400000578.75  
20140514000009001350000000059031341100000111600001200.00  
20140514000009001350000000059031341100000111700004212.00  
20140514000009001350000000059031341100000111910001415.41  
20140514000009001350000000059031341100000113110000694.50  
20140514000009001350000000059031341100000113120000118.76  
20140514000009001350000000059031341100000113131000208.35  
20140514000009001350000000059031341100000113200000138.90  
20140514000009000620000000044678691200000111220000216.00  
20140514000009000620000000044678691200000111400000783.00  
20140514000009000620000000044678691200000111700009180.00  
20140514000009000620000000044678691200000113110000939.60  
20140514000009000620000000044678691200000113120000160.67  
20140514000009000620000000044678691200000113131000281.88  
20140514000009000620000000044678691200000113200000187.92  
20140514000009002120000000044119030900000111400002006.25  
20140514000009002120000000044119030900000111700024075.00  
20140514000009002120000000044119030900000113110002407.50  
20140514000009002120000000044119030900000113120000411.68  
20140514000009002120000000044119030900000113131000722.25  
20140514000009002120000000044119030900000113200000481.50  
20140514000009000880000000037423651200000111220000475.20  
20140514000009000880000000037423651200000111400000588.60  
20140514000009000880000000037423651200000111700006588.00  
20140514000009000880000000037423651200000113110000706.32  
20140514000009000880000000037423651200000113120000120.78  
20140514000009000880000000037423651200000113131000211.90  
20140514000009000880000000037423651200000113200000141.26  
20140514000009001100000000037206271100000111220001814.40  
20140514000009001100000000037206271100000111310001058.40  
20140514000009001100000000037206271100000111400000848.90  
20140514000009001100000000037206271100000111700005292.00  
20140514000009001100000000037206271100000111910002021.99  
20140514000009001100000000037206271100000113110001018.68  
20140514000009001100000000037206271100000113120000174.19  
20140514000009001100000000037206271100000113131000305.60  
20140514000009001100000000037206271100000113200000203.74  
20140514000009000400000000035564380900000111220000475.20  
20140514000009000400000000035564380900000111400001163.25  
20140514000009000400000000035564380900000111700012258.00  
20140514000009000400000000035564380900000111910001225.80  
20140514000009000400000000035564380900000113110001395.90  
20140514000009000400000000035564380900000113120000238.70  
20140514000009000400000000035564380900000113131000418.77  
20140514000009000400000000035564380900000113200000279.18  
20140514000009001110000000028941011100000111220001468.80  
20140514000009001110000000028941011100000111400000563.40  
20140514000009001110000000028941011100000111700005292.00  
20140514000009001110000000028941011100000113110000676.08  
20140514000009001110000000028941011100000113120000115.61  
20140514000009001110000000028941011100000113131000202.82  
20140514000009001110000000028941011100000113200000135.22  
20140514000009000410000000028750931100000111220000216.00  
20140514000009000410000000028750931100000111400001039.50  
20140514000009000410000000028750931100000111700012258.00  
20140514000009000410000000028750931100000113110001247.40  
20140514000009000410000000028750931100000113120000213.31  
20140514000009000410000000028750931100000113131000374.22  
20140514000009000410000000028750931100000113200000249.48  
20140514000009002020000000009530210900000111220000216.00  
20140514000009002020000000009530210900000111400003317.17  
20140514000009002020000000009530210900000111700039590.00  
20140514000009002020000000009530210900000113110003980.60  
20140514000009002020000000009530210900000113120000680.68  
20140514000009002020000000009530210900000113131001194.18  
20140514000009002020000000009530210900000113200000796.12  
20140514000009001120000000017140321000000111220002160.00  
20140514000009001120000000017140321000000111400000621.00  
20140514000009001120000000017140321000000111700005292.00  
20140514000009001120000000017140321000000113110000745.20  
20140514000009001120000000017140321000000113120000127.43  
20140514000009001120000000017140321000000113131000223.56  
20140514000009001120000000017140321000000113200000149.04  
20140514000009000720000000043801031100000111220000216.00  
20140514000009000720000000043801031100000111400000702.00  
20140514000009000720000000043801031100000111600001200.00  
20140514000009000720000000043801031100000111700008208.00  
20140514000009000720000000043801031100000113110000842.40  
20140514000009000720000000043801031100000113120000144.05  
20140514000009000720000000043801031100000113131000252.72  
20140514000009000720000000043801031100000113200000168.48  
20140514000009000420000000037787980900000111220001468.80  
20140514000009000420000000037787980900000111400001143.90  
20140514000009000420000000037787980900000111700012258.00  
20140514000009000420000000037787980900000113110001372.68  
20140514000009000420000000037787980900000113120000234.73  
20140514000009000420000000037787980900000113131000411.80  
20140514000009000420000000037787980900000113200000274.54  
20140514000009000800000000037686630900000111400000594.00  
20140514000009000800000000037686630900000111700007128.00  
20140514000009000800000000037686630900000113110000712.80  
20140514000009000800000000037686630900000113120000121.89  
20140514000009000800000000037686630900000113131000213.84  
20140514000009000800000000037686630900000113200000142.56  
20140514000009000200000000042889520900000111220000216.00  
20140514000009000200000000042889520900000111400001143.00  
20140514000009000200000000042889520900000111700013500.00  
20140514000009000200000000042889520900000113110001371.60  
20140514000009000200000000042889520900000113120000234.54  
20140514000009000200000000042889520900000113131000411.48  
20140514000009000200000000042889520900000113200000274.32  
20140514000009001360000000047023491100000111220000475.20  
20140514000009001360000000047023491100000111310000842.40  
20140514000009001360000000047023491100000111400000622.41  
20140514000009001360000000047023491100000111700004212.00  
20140514000009001360000000047023491100000111910001939.28  
20140514000009001360000000047023491100000113110000746.89  
20140514000009001360000000047023491100000113120000127.72  
20140514000009001360000000047023491100000113131000224.07  
20140514000009001360000000047023491100000113200000149.38  
20140514000009002040000000030176310900000111220000216.00  
20140514000009002040000000030176310900000111400003228.00  
20140514000009002040000000030176310900000111700038520.00  
20140514000009002040000000030176310900000113110003873.60  
20140514000009002040000000030176310900000113120000662.39  
20140514000009002040000000030176310900000113131001162.08  
20140514000009002040000000030176310900000113200000774.72  
20140514000009000250000000031317101100000111220001814.40  
20140514000009000250000000031317101100000111400001231.20  
20140514000009000250000000031317101100000111700012960.00  
20140514000009000250000000031317101100000113110001477.44  
20140514000009000250000000031317101100000113120000252.64  
20140514000009000250000000031317101100000113131000443.23  
20140514000009000250000000031317101100000113200000295.49  
20140514000009001130000000059166500900000111220000216.00  
20140514000009001130000000059166500900000111400000459.00  
20140514000009001130000000059166500900000111700005292.00  
20140514000009001130000000059166500900000113110000550.80  
20140514000009001130000000059166500900000113120000094.19  
20140514000009001130000000059166500900000113131000165.24  
20140514000009001130000000059166500900000113200000110.16  
20140514000009001370000000025513140900000111220001468.80  
20140514000009001370000000025513140900000111400000473.40  
20140514000009001370000000025513140900000111700004212.00  
20140514000009001370000000025513140900000113110000568.08  
20140514000009001370000000025513140900000113120000097.14  
20140514000009001370000000025513140900000113131000170.42  
20140514000009001370000000025513140900000113200000113.62  
20140514000009000730000000037295801200000111220000216.00  
20140514000009000730000000037295801200000111400000702.00  
20140514000009000730000000037295801200000111700008208.00  
20140514000009000730000000037295801200000113110000842.40  
20140514000009000730000000037295801200000113120000144.05  
20140514000009000730000000037295801200000113131000252.72  
20140514000009000730000000037295801200000113200000168.48  
20140514000009001440000000079628621100000111220000216.00  
20140514000009001440000000079628621100000111310000712.80  
20140514000009001440000000079628621100000111400000374.40  
20140514000009001440000000079628621100000111700003564.00  
20140514000009001440000000079628621100000113110000449.28  
20140514000009001440000000079628621100000113120000076.83  
20140514000009001440000000079628621100000113131000134.78  
20140514000009001440000000079628621100000113200000089.86  
20140514000009000260000000013206270900000111220000216.00  
20140514000009000260000000013206270900000111400001098.00  
20140514000009000260000000013206270900000111700012960.00  
20140514000009000260000000013206270900000113110001317.60  
20140514000009000260000000013206270900000113120000225.31  
20140514000009000260000000013206270900000113131000395.28  
20140514000009000260000000013206270900000113200000263.52  
20140514000009000430000000021398970900000111220001814.40  
20140514000009000430000000021398970900000111400001172.70  
20140514000009000430000000021398970900000111700012258.00  
20140514000009000430000000021398970900000113110001407.24  
20140514000009000430000000021398970900000113120000240.64  
20140514000009000430000000021398970900000113131000422.17  
20140514000009000430000000021398970900000113200000281.45  
20140514000009000160000000037321240900000111220001123.20  
20140514000009000160000000037321240900000111400001304.10  
20140514000009000160000000037321240900000111700014526.00  
20140514000009000160000000037321240900000113110001564.92  
20140514000009000160000000037321240900000113120000267.60  
20140514000009000160000000037321240900000113131000469.48  
20140514000009000160000000037321240900000113200000312.98  
20140514000009001000000000073493141000000111220002160.00  
20140514000009001000000000073493141000000111400000666.00  
20140514000009001000000000073493141000000111700005832.00  
20140514000009001000000000073493141000000113110000799.20  
20140514000009001000000000073493141000000113131000239.76  
20140514000009001000000000073493141000000113200000159.84  
20140514000009001450000000024542320900000111220000216.00  
20140514000009001450000000024542320900000111400000359.55  
20140514000009001450000000024542320900000111700003564.00  
20140514000009001450000000024542320900000111910000534.60  
20140514000009001450000000024542320900000113110000431.46  
20140514000009001450000000024542320900000113120000073.78  
20140514000009001450000000024542320900000113131000129.44  
20140514000009001450000000024542320900000113200000086.29  
20140514000009002080000000007788821200000111220002160.00  
20140514000009002080000000007788821200000111400002186.25  
20140514000009002080000000007788821200000111700024075.00  
20140514000009002080000000007788821200000113110002623.50  
20140514000009002080000000007788821200000113131000787.05  
20140514000009002080000000007788821200000113200000524.70  
20140514000009000630000000059353090900000111220000216.00  
20140514000009000630000000059353090900000111400000783.00  
20140514000009000630000000059353090900000111700009180.00  
20140514000009000630000000059353090900000113110000939.60  
20140514000009000630000000059353090900000113120000160.67  
20140514000009000630000000059353090900000113131000281.88  
20140514000009000630000000059353090900000113200000187.92  
20140514000009001140000000009602780900000111220001123.20  
20140514000009001140000000009602780900000111400000534.60  
20140514000009001140000000009602780900000111700005292.00  
20140514000009001140000000009602780900000113110000641.52  
20140514000009001140000000009602780900000113120000109.70  
20140514000009001140000000009602780900000113131000192.46  
20140514000009001140000000009602780900000113200000128.30  
