20140514000013301010000000000002282.8000000000
20140514000013301010000000000005632.5600000000
20140514000013301010000000000005731.7500000000
20140514000013301010000000000011553.6000000000
20140514000013301010000000000050645.6700000000
20140514000013301010000000000105257.9800000000
20140514000013301010000000000143334.8400000000
20140514000013301010000000000199001.9400000000
20140514000013901010000000000002715.1200000000
20140514000013301010000000000000550.0000000000
20140514000013301010000000000000350.0000000000
20140514000013301010000000000006000.0000000000
20140514000013801010000000000001200.0000000000
20140514000013901010000000000006000.0000000000
20140514000013301010000000000002522.8800000000
20140514000013301010000000000004743.5600000000
20140514000013301010000000000029595.9500000000
20140514000013301010000000000115145.0400000000
20140514000013301010000000000019859.9000000000
20140514000013301010000000000035618.3600000000
20140514000013301010000000000077630.0000000000
20140514000013301010000000000181207.9600000000
20140514000013301010000000000827091.8900000000
