000013000530000000044701020900000111220000216.00  
000013000530000000044701020900000111400000783.00  
000013000530000000044701020900000111700009180.00  
000013000530000000044701020900000113110000939.60  
000013000530000000044701020900000113120000160.67  
000013000530000000044701020900000113131000281.88  
000013000530000000044701020900000113200000187.92  
000013000890000000045263860900000111400000486.00  
000013000890000000045263860900000111700005832.00  
000013000890000000045263860900000113110000583.20  
000013000890000000045263860900000113120000099.73  
000013000890000000045263860900000113131000174.96  
000013000890000000045263860900000113200000116.64  
000013000540000000030812510900000111220001468.80  
000013000540000000030812510900000111400000887.40  
000013000540000000030812510900000111700009180.00  
000013000540000000030812510900000113110001064.88  
000013000540000000030812510900000113120000182.09  
000013000540000000030812510900000113131000319.46  
000013000540000000030812510900000113200000212.98  
000013000900000000045103950900000111220000216.00  
000013000900000000045103950900000111400000504.00  
000013000900000000045103950900000111600001200.00  
000013000900000000045103950900000111700005832.00  
000013000900000000045103950900000113110000604.80  
000013000900000000045103950900000113120000103.42  
000013000900000000045103950900000113131000181.44  
000013000900000000045103950900000113200000120.96  
000013000440000000009521340900000111220001814.40  
000013000440000000009521340900000111400001096.20  
000013000440000000009521340900000111700011340.00  
000013000440000000009521340900000113110001315.44  
000013000440000000009521340900000113120000224.94  
000013000440000000009521340900000113131000394.63  
000013000440000000009521340900000113200000263.09  
000013000280000000030994141100000111220000475.20  
000013000280000000030994141100000111310002451.60  
000013000280000000030994141100000111400001265.40  
000013000280000000030994141100000111700012258.00  
000013000280000000030994141100000113110001518.48  
000013000280000000030994141100000113120000259.66  
000013000280000000030994141100000113131000455.54  
000013000280000000030994141100000113200000303.70  
000013001150000000043297891100000111220001123.20  
000013001150000000043297891100000111310000961.20  
000013001150000000043297891100000111400000650.80  
000013001150000000043297891100000111700004806.00  
000013001150000000043297891100000111910000919.15  
000013001150000000043297891100000113110000780.96  
000013001150000000043297891100000113120000133.54  
000013001150000000043297891100000113131000234.29  
000013001150000000043297891100000113200000156.19  
000013000550000000033144560900000111220000475.20  
000013000550000000033144560900000111400000804.60  
000013000550000000033144560900000111700009180.00  
000013000550000000033144560900000113110000965.52  
000013000550000000033144560900000113120000165.10  
000013000550000000033144560900000113131000289.66  
000013000550000000033144560900000113200000193.10  
000013000210000000036231231100000111220001814.40  
000013000210000000036231231100000111400001231.20  
000013000210000000036231231100000111700012960.00  
000013000210000000036231231100000113110001477.44  
000013000210000000036231231100000113120000252.64  
000013000210000000036231231100000113131000443.23  
000013000210000000036231231100000113200000295.49  
000013001210000000018643811100000111220001123.20  
000013001210000000018643811100000111310000842.40  
000013001210000000018643811100000111400000629.31  
000013001210000000018643811100000111600001200.00  
000013001210000000018643811100000111700004212.00  
000013001210000000018643811100000111910001374.17  
000013001210000000018643811100000113110000755.18  
000013001210000000018643811100000113120000129.14  
000013001210000000018643811100000113131000226.55  
000013001210000000018643811100000113200000151.04  
000013000450000000035116591200000111400000945.00  
000013000450000000035116591200000111700011340.00  
000013000450000000035116591200000113110001134.00  
000013000450000000035116591200000113120000193.91  
000013000450000000035116591200000113131000340.20  
000013000450000000035116591200000113200000226.80  
000013001220000000017642751100000111220000475.20  
000013001220000000017642751100000111310000842.40  
000013001220000000017642751100000111400000628.62  
000013001220000000017642751100000111600001200.00  
000013001220000000017642751100000111700004212.00  
000013001220000000017642751100000111910002013.86  
000013001220000000017642751100000113110000754.35  
000013001220000000017642751100000113120000128.99  
000013001220000000017642751100000113131000226.30  
000013001220000000017642751100000113200000150.87  
000013000290000000037708311100000111220001123.20  
000013000290000000037708311100000111310002451.60  
000013000290000000037708311100000111400001319.40  
000013000290000000037708311100000111700012258.00  
000013000290000000037708311100000113110001583.28  
000013000290000000037708311100000113120000270.74  
000013000290000000037708311100000113131000474.98  
000013000290000000037708311100000113200000316.66  
000013000560000000051699641000000111400000765.00  
000013000560000000051699641000000111700009180.00  
000013000560000000051699641000000113110000918.00  
000013000560000000051699641000000113120000156.98  
000013000560000000051699641000000113131000275.40  
000013000560000000051699641000000113200000183.60  
000013001160000000035049721100000111220001468.80  
000013001160000000035049721100000111310000961.20  
000013001160000000035049721100000111400000633.04  
000013001160000000035049721100000111700004806.00  
000013001160000000035049721100000111910000360.45  
000013001160000000035049721100000113110000759.65  
000013001160000000035049721100000113120000129.90  
000013001160000000035049721100000113131000227.89  
000013001160000000035049721100000113200000151.93  
000013000650000000044144611100000111220000475.20  
000013000650000000044144611100000111310001641.60  
000013000650000000044144611100000111400000860.40  
000013000650000000044144611100000111700008208.00  
000013000650000000044144611100000113110001032.48  
000013000650000000044144611100000113120000176.55  
000013000650000000044144611100000113131000309.74  
000013000650000000044144611100000113200000206.50  
000013000570000000030128040900000111220000216.00  
000013000570000000030128040900000111400000783.00  
000013000570000000030128040900000111700009180.00  
000013000570000000030128040900000113110000939.60  
000013000570000000030128040900000113120000160.67  
000013000570000000030128040900000113131000281.88  
000013000570000000030128040900000113200000187.92  
000013001170000000037549901100000111220001468.80  
000013001170000000037549901100000111310000961.20  
000013001170000000037549901100000111400000683.35  
000013001170000000037549901100000111700004806.00  
000013001170000000037549901100000111910000964.20  
000013001170000000037549901100000113110000820.02  
000013001170000000037549901100000113120000140.22  
000013001170000000037549901100000113131000246.01  
000013001170000000037549901100000113200000164.00  
000013000080000000028681720900000111220000777.60  
000013000080000000028681720900000111400001275.30  
000013000080000000028681720900000111700014526.00  
000013000080000000028681720900000113110001530.36  
000013000080000000028681720900000113120000261.69  
000013000080000000028681720900000113131000459.11  
000013000080000000028681720900000113200000306.07  
000013000740000000052918901100000111220000216.00  
000013000740000000052918901100000111310001425.60  
000013000740000000052918901100000111400000730.80  
000013000740000000052918901100000111700007128.00  
000013000740000000052918901100000113110000876.96  
000013000740000000052918901100000113120000149.96  
000013000740000000052918901100000113131000263.09  
000013000740000000052918901100000113200000175.39  
000013002000000000037570881200000111220000777.60  
000013002000000000037570881200000111400001009.80  
000013002000000000037570881200000111700011340.00  
000013002000000000037570881200000113110001211.76  
000013002000000000037570881200000113120000207.21  
000013002000000000037570881200000113131000363.53  
000013002000000000037570881200000113200000242.35  
000013000750000000040131221000000111220000216.00  
000013000750000000040131221000000111400000612.00  
000013000750000000040131221000000111700007128.00  
000013000750000000040131221000000113110000734.40  
000013000750000000040131221000000113120000125.58  
000013000750000000040131221000000113131000220.32  
000013000750000000040131221000000113200000146.88  
000013001230000000034170501100000111220000475.20  
000013001230000000034170501100000111310000842.40  
000013001230000000034170501100000111400000556.74  
000013001230000000034170501100000111700004212.00  
000013001230000000034170501100000111910001151.28  
000013001230000000034170501100000113110000668.09  
000013001230000000034170501100000113120000114.24  
000013001230000000034170501100000113131000200.43  
000013001230000000034170501100000113200000133.62  
000013000470000000035904831000000111220000475.20  
000013000470000000035904831000000111400000984.60  
000013000470000000035904831000000111700011340.00  
000013000470000000035904831000000113110001181.52  
000013000470000000035904831000000113120000202.04  
000013000470000000035904831000000113131000354.46  
000013000470000000035904831000000113200000236.30  
000013000580000000044506571000000111400000765.00  
000013000580000000044506571000000111600001200.00  
000013000580000000044506571000000111700009180.00  
000013000580000000044506571000000113110000918.00  
000013000580000000044506571000000113120000156.98  
000013000580000000044506571000000113131000275.40  
000013000580000000044506571000000113200000183.60  
000013001380000000036936201000000111220000777.60  
000013001380000000036936201000000111310000712.80  
000013001380000000036936201000000111400000421.20  
000013001380000000036936201000000111700003564.00  
000013001380000000036936201000000113110000505.44  
000013001380000000036936201000000113120000086.43  
000013001380000000036936201000000113131000151.63  
000013001380000000036936201000000113200000101.09  
000013001010000000013705021100000111220001468.80  
000013001010000000013705021100000111310001058.40  
000013001010000000013705021100000111400000746.32  
000013001010000000013705021100000111700005292.00  
000013001010000000013705021100000111910001136.68  
000013001010000000013705021100000113110000895.59  
000013001010000000013705021100000113120000153.15  
000013001010000000013705021100000113131000268.68  
000013001010000000013705021100000113200000179.12  
000013000180000000030045571200000111220001123.20  
000013000180000000030045571200000111400001218.60  
000013000180000000030045571200000111700013500.00  
000013000180000000030045571200000113110001462.32  
000013000180000000030045571200000113120000250.06  
000013000180000000030045571200000113131000438.70  
000013000180000000030045571200000113200000292.46  
000013001020000000026926041100000111220001123.20  
000013001020000000026926041100000111310001058.40  
000013001020000000026926041100000111400000725.52  
000013001020000000026926041100000111700005292.00  
000013001020000000026926041100000111910001232.60  
000013001020000000026926041100000113110000870.62  
000013001020000000026926041100000113120000148.88  
000013001020000000026926041100000113131000261.19  
000013001020000000026926041100000113200000174.12  
000013000920000000029143441100000111220001814.40  
000013000920000000029143441100000111310001166.40  
000013000920000000029143441100000111400000889.31  
000013000920000000029143441100000111700005832.00  
000013000920000000029143441100000111910001858.95  
000013000920000000029143441100000113110001067.18  
000013000920000000029143441100000113120000182.49  
000013000920000000029143441100000113131000320.15  
000013000920000000029143441100000113200000213.44  
000013001030000000009599340900000111220002160.00  
000013001030000000009599340900000111400000621.00  
000013001030000000009599340900000111700005292.00  
000013001030000000009599340900000113110000745.20  
000013001030000000009599340900000113120000127.43  
000013001030000000009599340900000113131000223.56  
000013001030000000009599340900000113200000149.04  
000013001240000000037862621100000111220000777.60  
000013001240000000037862621100000111310000842.40  
000013001240000000037862621100000111400000496.53  
000013001240000000037862621100000111700004212.00  
000013001240000000037862621100000111910000126.36  
000013001240000000037862621100000113110000595.84  
000013001240000000037862621100000113120000101.89  
000013001240000000037862621100000113131000178.75  
000013001240000000037862621100000113200000119.17  
000013000090000000028683471000000111220000475.20  
000013000090000000028683471000000111400001250.10  
000013000090000000028683471000000111700014526.00  
000013000090000000028683471000000113110001500.12  
000013000090000000028683471000000113120000256.52  
000013000090000000028683471000000113131000450.04  
000013000090000000028683471000000113200000300.02  
000013000100000000031374600900000111220001468.80  
000013000100000000031374600900000111400001332.90  
000013000100000000031374600900000111700014526.00  
000013000100000000031374600900000113110001599.48  
000013000100000000031374600900000113120000273.51  
000013000100000000031374600900000113131000479.84  
000013000100000000031374600900000113200000319.90  
000013000810000000064080310900000111400000587.43  
000013000810000000064080310900000111700006588.00  
000013000810000000064080310900000111910000461.16  
000013000810000000064080310900000113110000704.92  
000013000810000000064080310900000113120000120.54  
000013000810000000064080310900000113131000211.47  
000013000810000000064080310900000113200000140.98  
000013000760000000064666681100000111220000216.00  
000013000760000000064666681100000111310001425.60  
000013000760000000064666681100000111400000730.80  
000013000760000000064666681100000111700007128.00  
000013000760000000064666681100000113110000876.96  
000013000760000000064666681100000113120000149.96  
000013000760000000064666681100000113131000263.09  
000013000760000000064666681100000113200000175.39  
000013000110000000030253460900000111400001210.50  
000013000110000000030253460900000111700014526.00  
000013000110000000030253460900000113110001452.60  
000013000110000000030253460900000113120000248.39  
000013000110000000030253460900000113131000435.78  
000013000110000000030253460900000113200000290.52  
000013000300000000037697441200000111220000216.00  
000013000300000000037697441200000111400001039.50  
000013000300000000037697441200000111700012258.00  
000013000300000000037697441200000113110001247.40  
000013000300000000037697441200000113120000213.31  
000013000300000000037697441200000113131000374.22  
000013000300000000037697441200000113200000249.48  
000013000930000000030781101100000111220001468.80  
000013000930000000030781101100000111310001166.40  
000013000930000000030781101100000111400000742.05  
000013000930000000030781101100000111700005832.00  
000013000930000000030781101100000111910000437.40  
000013000930000000030781101100000113110000890.46  
000013000930000000030781101100000113120000152.27  
000013000930000000030781101100000113131000267.14  
000013000930000000030781101100000113200000178.09  
000013001250000000088545261100000111220000216.00  
000013001250000000088545261100000111310000842.40  
000013001250000000088545261100000111400000530.24  
000013001250000000088545261100000111700004212.00  
000013001250000000088545261100000111910001092.49  
000013001250000000088545261100000113110000636.29  
000013001250000000088545261100000113120000108.81  
000013001250000000088545261100000113131000190.89  
000013001250000000088545261100000113200000127.26  
000013000590000000009363050900000111220001468.80  
000013000590000000009363050900000111400000887.40  
000013000590000000009363050900000111700009180.00  
000013000590000000009363050900000113110001064.88  
000013000590000000009363050900000113120000182.09  
000013000590000000009363050900000113131000319.46  
000013000590000000009363050900000113200000212.98  
000013001260000000051518861100000111220000475.20  
000013001260000000051518861100000111310000842.40  
000013001260000000051518861100000111400000483.83  
000013001260000000051518861100000111700004212.00  
000013001260000000051518861100000111910000276.41  
000013001260000000051518861100000113110000580.60  
000013001260000000051518861100000113120000099.28  
000013001260000000051518861100000113131000174.18  
000013001260000000051518861100000113200000116.12  
000013000820000000028997750900000111220000216.00  
000013000820000000028997750900000111400000567.00  
000013000820000000028997750900000111700006588.00  
000013000820000000028997750900000113110000680.40  
000013000820000000028997750900000113120000116.35  
000013000820000000028997750900000113131000204.12  
000013000820000000028997750900000113200000136.08  
000013000310000000036220651200000111220001468.80  
000013000310000000036220651200000111400001143.90  
000013000310000000036220651200000111700012258.00  
000013000310000000036220651200000113110001372.68  
000013000310000000036220651200000113120000234.73  
000013000310000000036220651200000113131000411.80  
000013000310000000036220651200000113200000274.54  
000013000660000000051617001100000111220000216.00  
000013000660000000051617001100000111310001641.60  
000013000660000000051617001100000111400000838.80  
000013000660000000051617001100000111700008208.00  
000013000660000000051617001100000113110001006.56  
000013000660000000051617001100000113120000172.12  
000013000660000000051617001100000113131000301.97  
000013000660000000051617001100000113200000201.31  
000013001270000000045380110900000111220000216.00  
000013001270000000045380110900000111400000369.00  
000013001270000000045380110900000111700004212.00  
000013001270000000045380110900000113110000442.80  
000013001270000000045380110900000113120000075.72  
000013001270000000045380110900000113131000132.84  
000013001270000000045380110900000113200000088.56  
000013000830000000019306230900000111220000216.00  
000013000830000000019306230900000111400000567.00  
000013000830000000019306230900000111700006588.00  
000013000830000000019306230900000113110000680.40  
000013000830000000019306230900000113120000116.35  
000013000830000000019306230900000113131000204.12  
000013000830000000019306230900000113200000136.08  
000013000940000000060874820900000111400000486.00  
000013000940000000060874820900000111700005832.00  
000013000940000000060874820900000113110000583.20  
000013000940000000060874820900000113120000099.73  
000013000940000000060874820900000113131000174.96  
000013000940000000060874820900000113200000116.64  
000013000950000000064310240900000111220000216.00  
000013000950000000064310240900000111400000504.00  
000013000950000000064310240900000111700005832.00  
000013000950000000064310240900000113110000604.80  
000013000950000000064310240900000113120000103.42  
000013000950000000064310240900000113131000181.44  
000013000950000000064310240900000113200000120.96  
000013001040000000017606861100000111220001123.20  
000013001040000000017606861100000111310001058.40  
000013001040000000017606861100000111400000622.80  
000013001040000000017606861100000111700005292.00  
000013001040000000017606861100000113110000747.36  
000013001040000000017606861100000113120000127.80  
000013001040000000017606861100000113131000224.21  
000013001040000000017606861100000113200000149.47  
000013001180000000034820631100000111220001468.80  
000013001180000000034820631100000111310000961.20  
000013001180000000034820631100000111400000696.45  
000013001180000000034820631100000111700004806.00  
000013001180000000034820631100000111910001121.40  
000013001180000000034820631100000113110000835.74  
000013001180000000034820631100000113120000142.91  
000013001180000000034820631100000113131000250.72  
000013001180000000034820631100000113200000167.15  
000013002010000000009988131100000111220000475.20  
000013002010000000009988131100000111400001643.68  
000013002010000000009988131100000111700019249.00  
000013002010000000009988131100000113110001972.42  
000013002010000000009988131100000113120000337.28  
000013002010000000009988131100000113131000591.73  
000013002010000000009988131100000113200000394.48  
000013000670000000045398890900000111220000216.00  
000013000670000000045398890900000111400000702.00  
000013000670000000045398890900000111700008208.00  
000013000670000000045398890900000113110000842.40  
000013000670000000045398890900000113120000144.05  
000013000670000000045398890900000113131000252.72  
000013000670000000045398890900000113200000168.48  
000013001190000000048000591100000111220000364.32  
000013001190000000048000591100000111310000736.92  
000013001190000000048000591100000111400000435.63  
000013001190000000048000591100000111700004054.23  
000013001190000000048000591100000111910000072.09  
000013001190000000048000591100000113110000522.76  
000013001190000000048000591100000113120000108.35  
000013001190000000048000591100000113131000190.09  
000013001190000000048000591100000113200000126.73  
000013000960000000030993041100000111220000216.00  
000013000960000000030993041100000111310001166.40  
000013000960000000030993041100000111400000601.20  
000013000960000000030993041100000111700005832.00  
000013000960000000030993041100000113110000721.44  
000013000960000000030993041100000113120000123.37  
000013000960000000030993041100000113131000216.43  
000013000960000000030993041100000113200000144.29  
000013001200000000042929851100000111220000216.00  
000013001200000000042929851100000111310000961.20  
000013001200000000042929851100000111400000584.62  
000013001200000000042929851100000111700004806.00  
000013001200000000042929851100000111910001032.29  
000013001200000000042929851100000113110000701.55  
000013001200000000042929851100000113120000119.96  
000013001200000000042929851100000113131000210.46  
000013001200000000042929851100000113200000140.31  
000013001050000000008031310900000111220002160.00  
000013001050000000008031310900000111400000621.00  
000013001050000000008031310900000111700005292.00  
000013001050000000008031310900000113110000745.20  
000013001050000000008031310900000113120000127.43  
000013001050000000008031310900000113131000223.56  
000013001050000000008031310900000113200000149.04  
000013000680000000048841640900000111220000216.00  
000013000680000000048841640900000111400000702.00  
000013000680000000048841640900000111700008208.00  
000013000680000000048841640900000113110000842.40  
000013000680000000048841640900000113120000144.05  
000013000680000000048841640900000113131000252.72  
000013000680000000048841640900000113200000168.48  
000013000840000000028792790900000111220001468.80  
000013000840000000028792790900000111400000671.40  
000013000840000000028792790900000111700006588.00  
000013000840000000028792790900000113110000805.68  
000013000840000000028792790900000113120000137.77  
000013000840000000028792790900000113131000241.70  
000013000840000000028792790900000113200000161.14  
000013000850000000064730210900000111220000216.00  
000013000850000000064730210900000111400000567.00  
000013000850000000064730210900000111700006588.00  
000013000850000000064730210900000113110000680.40  
000013000850000000064730210900000113120000116.35  
000013000850000000064730210900000113131000204.12  
000013000850000000064730210900000113200000136.08  
000013001390000000048977811100000111220000216.00  
000013001390000000048977811100000111310000712.80  
000013001390000000048977811100000111400000499.45  
000013001390000000048977811100000111700003564.00  
000013001390000000048977811100000111910001500.59  
000013001390000000048977811100000113110000599.34  
000013001390000000048977811100000113120000102.49  
000013001390000000048977811100000113131000179.80  
000013001390000000048977811100000113200000119.87  
000013000320000000037688620900000111220000475.20  
000013000320000000037688620900000111400001061.10  
000013000320000000037688620900000111700012258.00  
000013000320000000037688620900000113110001273.32  
000013000320000000037688620900000113120000217.74  
000013000320000000037688620900000113131000382.00  
000013000320000000037688620900000113200000254.66  
000013001060000000020457011000000111220002160.00  
000013001060000000020457011000000111400000621.00  
000013001060000000020457011000000111700005292.00  
000013001060000000020457011000000113110000745.20  
000013001060000000020457011000000113120000127.43  
000013001060000000020457011000000113131000223.56  
000013001060000000020457011000000113200000149.04  
000013001460000000037345451000000111220000216.00  
000013001460000000037345451000000111400001228.50  
000013001460000000037345451000000111700014526.00  
000013001460000000037345451000000113110001474.20  
000013001460000000037345451000000113120000252.09  
000013001460000000037345451000000113131000442.26  
000013001460000000037345451000000113200000294.84  
000013000340000000052702481200000111220000216.00  
000013000340000000052702481200000111400001039.50  
000013000340000000052702481200000111700012258.00  
000013000340000000052702481200000113110001247.40  
000013000340000000052702481200000113120000213.31  
000013000340000000052702481200000113131000374.22  
000013000340000000052702481200000113200000249.48  
000013001400000000048869720900000111220000216.00  
000013001400000000048869720900000111400000315.00  
000013001400000000048869720900000111600001200.00  
000013001400000000048869720900000111700003564.00  
000013001400000000048869720900000113110000378.00  
000013001400000000048869720900000113120000064.64  
000013001400000000048869720900000113131000113.40  
000013001400000000048869720900000113200000075.60  
000013000510000000019326181100000111220001123.20  
000013000510000000019326181100000111400000962.10  
000013000510000000019326181100000111700010422.00  
000013000510000000019326181100000113110001154.52  
000013000510000000019326181100000113120000197.42  
000013000510000000019326181100000113131000346.36  
000013000510000000019326181100000113200000230.90  
000013000350000000044334130900000111400001021.50  
000013000350000000044334130900000111700012258.00  
000013000350000000044334130900000113110001225.80  
000013000350000000044334130900000113120000209.61  
000013000350000000044334130900000113131000367.74  
000013000350000000044334130900000113200000245.16  
000013001070000000038318380900000111220001123.20  
000013001070000000038318380900000111400000534.60  
000013001070000000038318380900000111700005292.00  
000013001070000000038318380900000113110000641.52  
000013001070000000038318380900000113120000109.70  
000013001070000000038318380900000113131000192.46  
000013001070000000038318380900000113200000128.30  
000013000520000000036166271100000111220000216.00  
000013000520000000036166271100000111400000886.50  
000013000520000000036166271100000111700010422.00  
000013000520000000036166271100000113110001063.80  
000013000520000000036166271100000113120000181.91  
000013000520000000036166271100000113131000319.14  
000013000520000000036166271100000113200000212.76  
000013002050000000018938120900000111400003210.00  
000013002050000000018938120900000111700038520.00  
000013002050000000018938120900000113110003852.00  
000013002050000000018938120900000113120000658.69  
000013002050000000018938120900000113131001155.60  
000013002050000000018938120900000113200000770.40  
000013001080000000008552790900000111220002160.00  
000013001080000000008552790900000111400000621.00  
000013001080000000008552790900000111700005292.00  
000013001080000000008552790900000113110000745.20  
000013001080000000008552790900000113120000127.43  
000013001080000000008552790900000113131000223.56  
000013001080000000008552790900000113200000149.04  
000013000690000000034593161200000111220000216.00  
000013000690000000034593161200000111400000702.00  
000013000690000000034593161200000111700008208.00  
000013000690000000034593161200000113110000842.40  
000013000690000000034593161200000113120000144.05  
000013000690000000034593161200000113131000252.72  
000013000690000000034593161200000113200000168.48  
000013001280000000060963391100000111220000216.00  
000013001280000000060963391100000111310000842.40  
000013001280000000060963391100000111400000546.77  
000013001280000000060963391100000111700004212.00  
000013001280000000060963391100000111910001290.80  
000013001280000000060963391100000113110000656.12  
000013001280000000060963391100000113120000112.20  
000013001280000000060963391100000113131000196.84  
000013001280000000060963391100000113200000131.22  
000013000700000000037290380900000111220001468.80  
000013000700000000037290380900000111400000806.40  
000013000700000000037290380900000111700008208.00  
000013000700000000037290380900000113110000967.68  
000013000700000000037290380900000113120000165.47  
000013000700000000037290380900000113131000290.30  
000013000700000000037290380900000113200000193.54  
000013000710000000037205221100000111220001468.80  
000013000710000000037205221100000111310001641.60  
000013000710000000037205221100000111400000943.20  
000013000710000000037205221100000111700008208.00  
000013000710000000037205221100000113110001131.84  
000013000710000000037205221100000113120000193.54  
000013000710000000037205221100000113131000339.55  
000013000710000000037205221100000113200000226.37  
000013000360000000028904760900000111400001021.50  
000013000360000000028904760900000111700012258.00  
000013000360000000028904760900000113110001225.80  
000013000360000000028904760900000113120000209.61  
000013000360000000028904760900000113131000367.74  
000013000360000000028904760900000113200000245.16  
000013000370000000044187971200000111220000216.00  
000013000370000000044187971200000111400001039.50  
000013000370000000044187971200000111700012258.00  
000013000370000000044187971200000113110001247.40  
000013000370000000044187971200000113120000213.31  
000013000370000000044187971200000113131000374.22  
000013000370000000044187971200000113200000249.48  
000013001290000000051794601100000111220000475.20  
000013001290000000051794601100000111310000842.40  
000013001290000000051794601100000111400000568.15  
000013001290000000051794601100000111600001200.00  
000013001290000000051794601100000111700004212.00  
000013001290000000051794601100000111910001288.17  
000013001290000000051794601100000113110000681.78  
000013001290000000051794601100000113120000116.58  
000013001290000000051794601100000113131000204.53  
000013001290000000051794601100000113200000136.36  
000013001300000000044107891100000111220001123.20  
000013001300000000044107891100000111310000842.40  
000013001300000000044107891100000111400000633.77  
000013001300000000044107891100000111700004212.00  
000013001300000000044107891100000111910001427.69  
000013001300000000044107891100000113110000760.53  
000013001300000000044107891100000113120000130.05  
000013001300000000044107891100000113131000228.16  
000013001300000000044107891100000113200000152.11  
000013002060000000030255050900000111220000777.60  
000013002060000000030255050900000111400003274.80  
000013002060000000030255050900000111700038520.00  
000013002060000000030255050900000113110003929.76  
000013002060000000030255050900000113120000671.99  
000013002060000000030255050900000113131001178.93  
000013002060000000030255050900000113200000785.95  
000013001090000000037827311100000111220001814.40  
000013001090000000037827311100000111310001058.40  
000013001090000000037827311100000111400000744.53  
000013001090000000037827311100000111700005292.00  
000013001090000000037827311100000111910000769.55  
000013001090000000037827311100000113110000893.44  
000013001090000000037827311100000113120000152.78  
000013001090000000037827311100000113131000268.03  
000013001090000000037827311100000113200000178.69  
000013000780000000052419841100000111400000629.64  
000013000780000000052419841100000111700007128.00  
000013000780000000052419841100000111910000427.68  
000013000780000000052419841100000113110000755.57  
000013000780000000052419841100000113120000129.20  
000013000780000000052419841100000113131000226.67  
000013000780000000052419841100000113200000151.11  
000013002030000000010690890900000111400003210.00  
000013002030000000010690890900000111700038520.00  
000013002030000000010690890900000113110003852.00  
000013002030000000010690890900000113120000658.69  
000013002030000000010690890900000113131001155.60  
000013002030000000010690890900000113200000770.40  
000013000130000000031378190900000111220001468.80  
000013000130000000031378190900000111400001332.90  
000013000130000000031378190900000111700014526.00  
000013000130000000031378190900000113110001599.48  
000013000130000000031378190900000113120000273.51  
000013000130000000031378190900000113131000479.84  
000013000130000000031378190900000113200000319.90  
000013000790000000052259660900000111220000216.00  
000013000790000000052259660900000111400000612.00  
000013000790000000052259660900000111700007128.00  
000013000790000000052259660900000113110000734.40  
000013000790000000052259660900000113120000125.58  
000013000790000000052259660900000113131000220.32  
000013000790000000052259660900000113200000146.88  
000013000860000000044618940900000111220000475.20  
000013000860000000044618940900000111400000588.60  
000013000860000000044618940900000111700006588.00  
000013000860000000044618940900000113110000706.32  
000013000860000000044618940900000113120000120.78  
000013000860000000044618940900000113131000211.90  
000013000860000000044618940900000113200000141.26  
000013001410000000048709620900000111220000216.00  
000013001410000000048709620900000111400000315.00  
000013001410000000048709620900000111600001200.00  
000013001410000000048709620900000111700003564.00  
000013001410000000048709620900000113110000378.00  
000013001410000000048709620900000113120000064.64  
000013001410000000048709620900000113131000113.40  
000013001410000000048709620900000113200000075.60  
000013000870000000051932150900000111220000216.00  
000013000870000000051932150900000111400000567.00  
000013000870000000051932150900000111700006588.00  
000013000870000000051932150900000113110000680.40  
000013000870000000051932150900000113120000116.35  
000013000870000000051932150900000113131000204.12  
000013000870000000051932150900000113200000136.08  
000013000190000000005681381200000111220002160.00  
000013000190000000005681381200000111400001305.00  
000013000190000000005681381200000111700013500.00  
000013000190000000005681381200000113110001566.00  
000013000190000000005681381200000113131000469.80  
000013000190000000005681381200000113200000313.20  
000013000600000000044208961000000111400000765.00  
000013000600000000044208961000000111600001200.00  
000013000600000000044208961000000111700009180.00  
000013000600000000044208961000000113110000918.00  
000013000600000000044208961000000113120000156.98  
000013000600000000044208961000000113131000275.40  
000013000600000000044208961000000113200000183.60  
000013000610000000035181171000000111220000475.20  
000013000610000000035181171000000111400000804.60  
000013000610000000035181171000000111700009180.00  
000013000610000000035181171000000113110000965.52  
000013000610000000035181171000000113120000165.10  
000013000610000000035181171000000113131000289.66  
000013000610000000035181171000000113200000193.10  
000013001420000000030640161000000111220001123.20  
000013001420000000030640161000000111310000712.80  
000013001420000000030640161000000111400000450.00  
000013001420000000030640161000000111700003564.00  
000013001420000000030640161000000113110000540.00  
000013001420000000030640161000000113120000092.34  
000013001420000000030640161000000113131000162.00  
000013001420000000030640161000000113200000108.00  
000013000970000000045021820900000111400000486.00  
000013000970000000045021820900000111700005832.00  
000013000970000000045021820900000113110000583.20  
000013000970000000045021820900000113120000099.73  
000013000970000000045021820900000113131000174.96  
000013000970000000045021820900000113200000116.64  
000013000980000000040225151100000111220000475.20  
000013000980000000040225151100000111310001166.40  
000013000980000000040225151100000111400000622.80  
000013000980000000040225151100000111600001200.00  
000013000980000000040225151100000111700005832.00  
000013000980000000040225151100000113110000747.36  
000013000980000000040225151100000113120000127.80  
000013000980000000040225151100000113131000224.21  
000013000980000000040225151100000113200000149.47  
000013001320000000044154021100000111220000475.20  
000013001320000000044154021100000111310000842.40  
000013001320000000044154021100000111400000537.73  
000013001320000000044154021100000111700004212.00  
000013001320000000044154021100000111910000923.13  
000013001320000000044154021100000113110000645.27  
000013001320000000044154021100000113120000110.34  
000013001320000000044154021100000113131000193.58  
000013001320000000044154021100000113200000129.05  
000013001330000000042002231100000111220000216.00  
000013001330000000042002231100000111310000842.40  
000013001330000000042002231100000111400000527.46  
000013001330000000042002231100000111700004212.00  
000013001330000000042002231100000111910001059.14  
000013001330000000042002231100000113110000632.95  
000013001330000000042002231100000113120000108.24  
000013001330000000042002231100000113131000189.89  
000013001330000000042002231100000113200000126.59  
000013002070000000051989401000000111220000216.00  
000013002070000000051989401000000111400002024.25  
000013002070000000051989401000000111700024075.00  
000013002070000000051989401000000113110002429.10  
000013002070000000051989401000000113120000415.38  
000013002070000000051989401000000113131000728.73  
000013002070000000051989401000000113200000485.82  
000013000990000000056485771100000111220000216.00  
000013000990000000056485771100000111310001166.40  
000013000990000000056485771100000111400000601.20  
000013000990000000056485771100000111700005832.00  
000013000990000000056485771100000113110000721.44  
000013000990000000056485771100000113120000123.37  
000013000990000000056485771100000113131000216.43  
000013000990000000056485771100000113200000144.29  
000013001340000000036055810900000111400000351.00  
000013001340000000036055810900000111700004212.00  
000013001340000000036055810900000113110000421.20  
000013001340000000036055810900000113120000072.03  
000013001340000000036055810900000113131000126.36  
000013001340000000036055810900000113200000084.24  
000013001430000000037530270900000111220000777.60  
000013001430000000037530270900000111400000361.80  
000013001430000000037530270900000111700003564.00  
000013001430000000037530270900000113110000434.16  
000013001430000000037530270900000113120000074.24  
000013001430000000037530270900000113131000130.25  
000013001430000000037530270900000113200000086.83  
000013000150000000035888920900000111400001210.50  
000013000150000000035888920900000111700014526.00  
000013000150000000035888920900000113110001452.60  
000013000150000000035888920900000113120000248.39  
000013000150000000035888920900000113131000435.78  
000013000150000000035888920900000113200000290.52  
000013001350000000059031341100000111220000475.20  
000013001350000000059031341100000111310000842.40  
000013001350000000059031341100000111400000569.17  
000013001350000000059031341100000111600001200.00  
000013001350000000059031341100000111700004212.00  
000013001350000000059031341100000111910001300.46  
000013001350000000059031341100000113110000683.01  
000013001350000000059031341100000113120000116.79  
000013001350000000059031341100000113131000204.90  
000013001350000000059031341100000113200000136.60  
000013000620000000044678691200000111220000216.00  
000013000620000000044678691200000111400000783.00  
000013000620000000044678691200000111700009180.00  
000013000620000000044678691200000113110000939.60  
000013000620000000044678691200000113120000160.67  
000013000620000000044678691200000113131000281.88  
000013000620000000044678691200000113200000187.92  
000013000880000000037423651200000111220000475.20  
000013000880000000037423651200000111400000588.60  
000013000880000000037423651200000111700006588.00  
000013000880000000037423651200000113110000706.32  
000013000880000000037423651200000113120000120.78  
000013000880000000037423651200000113131000211.90  
000013000880000000037423651200000113200000141.26  
000013001100000000037206271100000111220001814.40  
000013001100000000037206271100000111310001058.40  
000013001100000000037206271100000111400000817.94  
000013001100000000037206271100000111700005292.00  
000013001100000000037206271100000111910001650.44  
000013001100000000037206271100000113110000981.52  
000013001100000000037206271100000113120000167.84  
000013001100000000037206271100000113131000294.46  
000013001100000000037206271100000113200000196.30  
000013000400000000035564380900000111220000475.20  
000013000400000000035564380900000111400001163.25  
000013000400000000035564380900000111700012258.00  
000013000400000000035564380900000111910001225.80  
000013000400000000035564380900000113110001395.90  
000013000400000000035564380900000113120000238.70  
000013000400000000035564380900000113131000418.77  
000013000400000000035564380900000113200000279.18  
000013001110000000028941011100000111220001468.80  
000013001110000000028941011100000111400000563.40  
000013001110000000028941011100000111700005292.00  
000013001110000000028941011100000113110000676.08  
000013001110000000028941011100000113120000115.61  
000013001110000000028941011100000113131000202.82  
000013001110000000028941011100000113200000135.22  
000013000410000000028750931100000111220000216.00  
000013000410000000028750931100000111400001039.50  
000013000410000000028750931100000111700012258.00  
000013000410000000028750931100000113110001247.40  
000013000410000000028750931100000113120000213.31  
000013000410000000028750931100000113131000374.22  
000013000410000000028750931100000113200000249.48  
000013002020000000009530210900000111220000216.00  
000013002020000000009530210900000111400003317.17  
000013002020000000009530210900000111700039590.00  
000013002020000000009530210900000113110003980.60  
000013002020000000009530210900000113120000680.68  
000013002020000000009530210900000113131001194.18  
000013002020000000009530210900000113200000796.12  
000013001120000000017140321000000111220002160.00  
000013001120000000017140321000000111400000621.00  
000013001120000000017140321000000111700005292.00  
000013001120000000017140321000000113110000745.20  
000013001120000000017140321000000113120000127.43  
000013001120000000017140321000000113131000223.56  
000013001120000000017140321000000113200000149.04  
000013000720000000043801031100000111220000216.00  
000013000720000000043801031100000111400000702.00  
000013000720000000043801031100000111600001200.00  
000013000720000000043801031100000111700008208.00  
000013000720000000043801031100000113110000842.40  
000013000720000000043801031100000113120000144.05  
000013000720000000043801031100000113131000252.72  
000013000720000000043801031100000113200000168.48  
000013000800000000037686630900000111400000594.00  
000013000800000000037686630900000111700007128.00  
000013000800000000037686630900000113110000712.80  
000013000800000000037686630900000113120000121.89  
000013000800000000037686630900000113131000213.84  
000013000800000000037686630900000113200000142.56  
000013000200000000042889520900000111220000216.00  
000013000200000000042889520900000111400001143.00  
000013000200000000042889520900000111700013500.00  
000013000200000000042889520900000113110001371.60  
000013000200000000042889520900000113120000234.54  
000013000200000000042889520900000113131000411.48  
000013000200000000042889520900000113200000274.32  
000013001360000000047023491100000111220000475.20  
000013001360000000047023491100000111310000842.40  
000013001360000000047023491100000111400000518.79  
000013001360000000047023491100000111700004212.00  
000013001360000000047023491100000111910000695.86  
000013001360000000047023491100000113110000622.55  
000013001360000000047023491100000113120000106.46  
000013001360000000047023491100000113131000186.76  
000013001360000000047023491100000113200000124.51  
000013002040000000030176310900000111220000216.00  
000013002040000000030176310900000111400003228.00  
000013002040000000030176310900000111700038520.00  
000013002040000000030176310900000113110003873.60  
000013002040000000030176310900000113120000662.39  
000013002040000000030176310900000113131001162.08  
000013002040000000030176310900000113200000774.72  
000013000250000000031317101100000111220001814.40  
000013000250000000031317101100000111400001231.20  
000013000250000000031317101100000111700012960.00  
000013000250000000031317101100000113110001477.44  
000013000250000000031317101100000113120000252.64  
000013000250000000031317101100000113131000443.23  
000013000250000000031317101100000113200000295.49  
000013001130000000059166500900000111220000021.60  
000013001130000000059166500900000111400000149.18  
000013001130000000059166500900000111700001768.50  
000013001130000000059166500900000113110000179.01  
000013001130000000059166500900000113120000094.19  
000013001130000000059166500900000113131000165.24  
000013001130000000059166500900000113200000110.16  
000013001370000000025513140900000111220001468.80  
000013001370000000025513140900000111400000473.40  
000013001370000000025513140900000111700004212.00  
000013001370000000025513140900000113110000568.08  
000013001370000000025513140900000113120000097.14  
000013001370000000025513140900000113131000170.42  
000013001370000000025513140900000113200000113.62  
000013000730000000037295801200000111220000216.00  
000013000730000000037295801200000111400000702.00  
000013000730000000037295801200000111700008208.00  
000013000730000000037295801200000113110000842.40  
000013000730000000037295801200000113120000144.05  
000013000730000000037295801200000113131000252.72  
000013000730000000037295801200000113200000168.48  
000013001440000000079628621100000111220000216.00  
000013001440000000079628621100000111310000712.80  
000013001440000000079628621100000111400000374.40  
000013001440000000079628621100000111700003564.00  
000013001440000000079628621100000113110000449.28  
000013001440000000079628621100000113120000076.83  
000013001440000000079628621100000113131000134.78  
000013001440000000079628621100000113200000089.86  
000013000260000000013206270900000111220000216.00  
000013000260000000013206270900000111400001098.00  
000013000260000000013206270900000111700012960.00  
000013000260000000013206270900000113110001317.60  
000013000260000000013206270900000113120000225.31  
000013000260000000013206270900000113131000395.28  
000013000260000000013206270900000113200000263.52  
000013000430000000021398970900000111220001814.40  
000013000430000000021398970900000111400001172.70  
000013000430000000021398970900000111700012258.00  
000013000430000000021398970900000113110001407.24  
000013000430000000021398970900000113120000240.64  
000013000430000000021398970900000113131000422.17  
000013000430000000021398970900000113200000281.45  
000013000160000000037321240900000111220001123.20  
000013000160000000037321240900000111400001304.10  
000013000160000000037321240900000111700014526.00  
000013000160000000037321240900000113110001564.92  
000013000160000000037321240900000113120000267.60  
000013000160000000037321240900000113131000469.48  
000013000160000000037321240900000113200000312.98  
000013001000000000073493141000000111220002160.00  
000013001000000000073493141000000111400000666.00  
000013001000000000073493141000000111700005832.00  
000013001000000000073493141000000113110000799.20  
000013001000000000073493141000000113131000239.76  
000013001000000000073493141000000113200000159.84  
000013001450000000024542320900000111220000201.60  
000013001450000000024542320900000111400000338.55  
000013001450000000024542320900000111700003397.67  
000013001450000000024542320900000111910000463.32  
000013001450000000024542320900000113110000406.26  
000013001450000000024542320900000113120000073.13  
000013001450000000024542320900000113131000128.29  
000013001450000000024542320900000113200000085.53  
000013002080000000007788821200000111220002160.00  
000013002080000000007788821200000111400002186.25  
000013002080000000007788821200000111700024075.00  
000013002080000000007788821200000113110002623.50  
000013002080000000007788821200000113131000787.05  
000013002080000000007788821200000113200000524.70  
000013000630000000059353090900000111220000216.00  
000013000630000000059353090900000111400000783.00  
000013000630000000059353090900000111700009180.00  
000013000630000000059353090900000113110000939.60  
000013000630000000059353090900000113120000160.67  
000013000630000000059353090900000113131000281.88  
000013000630000000059353090900000113200000187.92  
000013001140000000009602780900000111220001123.20  
000013001140000000009602780900000111400000534.60  
000013001140000000009602780900000111700005292.00  
000013001140000000009602780900000113110000641.52  
000013001140000000009602780900000113120000109.70  
000013001140000000009602780900000113131000192.46  
000013001140000000009602780900000113200000128.30  
