2014051400001100008000000002868172074000624.48  
2014051400001100008000000002868172204003122.38  
2014051400001100008000000002868172302003122.38  
2014051400001100008000000002868172304000533.93  
2014051400001100008000000002868172306000156.12  
2014051400001100008000000002868172308000533.93  
2014051400001100008000000002868172312000156.12  
2014051400001100008000000002868172999001264.75  
2014051400001100008000000002868172999003263.35  
2014051400001100009000000002868347074000618.43  
2014051400001100009000000002868347204003092.14  
2014051400001100009000000002868347301003092.14  
2014051400001100009000000002868347303000528.76  
2014051400001100009000000002868347305000154.61  
2014051400001100009000000002868347307000528.76  
2014051400001100009000000002868347311000154.61  
2014051400001100009000000002868347999003924.61  
2014051400001100010000000003137460074000638.30  
2014051400001100010000000003137460204003191.50  
2014051400001100010000000003137460301003191.50  
2014051400001100010000000003137460303000545.75  
2014051400001100010000000003137460305000159.58  
2014051400001100010000000003137460307000545.75  
2014051400001100010000000003137460311000159.58  
2014051400001100010000000003137460999010753.95  
2014051400001100011000000003025346074000609.36  
2014051400001100011000000003025346204003046.78  
2014051400001100011000000003025346302003046.78  
2014051400001100011000000003025346304000521.00  
2014051400001100011000000003025346306000152.34  
2014051400001100011000000003025346308000521.00  
2014051400001100011000000003025346312000152.34  
2014051400001100011000000003025346999001610.19  
2014051400001100013000000003137819074000638.30  
2014051400001100013000000003137819204003191.50  
2014051400001100013000000003137819301003191.50  
2014051400001100013000000003137819303000545.75  
2014051400001100013000000003137819305000159.58  
2014051400001100013000000003137819307000545.75  
2014051400001100013000000003137819311000159.58  
2014051400001100013000000003137819999002484.57  
2014051400001100015000000003588892074000607.62  
2014051400001100015000000003588892204003038.09  
2014051400001100015000000003588892302003038.09  
2014051400001100015000000003588892304000519.51  
2014051400001100015000000003588892306000151.90  
2014051400001100015000000003588892308000519.51  
2014051400001100015000000003588892312000151.90  
2014051400001100015000000003588892999000460.72  
2014051400001100016000000003732124074000631.82  
2014051400001100016000000003732124204003159.10  
2014051400001100016000000003732124301003159.10  
2014051400001100016000000003732124303000540.21  
2014051400001100016000000003732124305000157.96  
2014051400001100016000000003732124307000540.21  
2014051400001100016000000003732124311000157.96  
2014051400001100016000000003732124999001815.65  
2014051400001100018000000003004557074000589.03  
2014051400001100018000000003004557204002945.16  
2014051400001100018000000003004557301002945.16  
2014051400001100018000000003004557303000503.62  
2014051400001100018000000003004557305000147.26  
2014051400001100018000000003004557307000503.62  
2014051400001100018000000003004557311000147.26  
2014051400001100018000000003004557999001412.17  
2014051400001100019000000000568138074000609.77  
2014051400001100019000000000568138204003048.84  
2014051400001100019000000000568138301003048.84  
2014051400001100019000000000568138305000152.44  
2014051400001100019000000000568138311000152.44  
2014051400001100019000000000568138999003659.92  
2014051400001100020000000004288952074000571.32  
2014051400001100020000000004288952204002856.60  
2014051400001100020000000004288952301002856.60  
2014051400001100020000000004288952303000488.48  
2014051400001100020000000004288952305000142.83  
2014051400001100020000000004288952307000488.48  
2014051400001100020000000004288952311000142.83  
2014051400001100020000000004288952999000155.66  
2014051400001100021000000003623123074000580.61  
2014051400001100021000000003623123204002903.04  
2014051400001100021000000003623123302002903.04  
2014051400001100021000000003623123304000496.42  
2014051400001100021000000003623123306000145.15  
2014051400001100021000000003623123308000496.42  
2014051400001100021000000003623123312000145.15  
2014051400001100021000000003623123999004016.52  
2014051400001100025000000003131710074000580.61  
2014051400001100025000000003131710204002903.04  
2014051400001100025000000003131710301002903.04  
2014051400001100025000000003131710303000496.42  
2014051400001100025000000003131710305000145.15  
2014051400001100025000000003131710307000496.42  
2014051400001100025000000003131710311000145.15  
2014051400001100025000000003131710999007524.85  
2014051400001100026000000001320627074000548.64  
2014051400001100026000000001320627204002743.20  
2014051400001100026000000001320627301002743.20  
2014051400001100026000000001320627303000469.09  
2014051400001100026000000001320627305000137.16  
2014051400001100026000000001320627307000469.09  
2014051400001100026000000001320627311000137.16  
2014051400001100026000000001320627999001030.74  
2014051400001100026000000001320627999000406.72  
2014051400001100027000000001384792074000548.64  
2014051400001100027000000001384792204002743.20  
2014051400001100027000000001384792302002743.20  
2014051400001100027000000001384792304000469.09  
2014051400001100027000000001384792306000137.16  
2014051400001100027000000001384792308000469.09  
2014051400001100027000000001384792312000137.16  
2014051400001100027000000001384792999001992.21  
2014051400001100028000000003099414074000627.35  
2014051400001100028000000003099414204003136.76  
2014051400001100028000000003099414302003136.76  
2014051400001100028000000003099414304000536.39  
2014051400001100028000000003099414306000156.84  
2014051400001100028000000003099414308000536.39  
2014051400001100028000000003099414312000156.84  
2014051400001100028000000003099414999004960.07  
2014051400001100029000000003770831074000618.90  
2014051400001100029000000003770831204003094.51  
2014051400001100029000000003770831301003094.51  
2014051400001100029000000003770831303000529.16  
2014051400001100029000000003770831305000154.73  
2014051400001100029000000003770831307000529.16  
2014051400001100029000000003770831311000154.73  
2014051400001100029000000003770831999004371.69  
2014051400001100030000000003769744074000519.20  
2014051400001100030000000003769744204002596.00  
2014051400001100030000000003769744301002596.00  
2014051400001100030000000003769744303000443.92  
2014051400001100030000000003769744305000129.80  
2014051400001100030000000003769744307000443.92  
2014051400001100030000000003769744311000129.80  
2014051400001100030000000003769744999001801.37  
2014051400001100031000000003622065074000544.26  
2014051400001100031000000003622065204002721.28  
2014051400001100031000000003622065301002721.28  
2014051400001100031000000003622065303000465.34  
2014051400001100031000000003622065305000136.06  
2014051400001100031000000003622065307000465.34  
2014051400001100031000000003622065311000136.06  
2014051400001100031000000003622065999006217.20  
2014051400001100032000000003768862074000524.38  
2014051400001100032000000003768862204002621.92  
2014051400001100032000000003768862301002621.92  
2014051400001100032000000003768862303000448.35  
2014051400001100032000000003768862305000131.10  
2014051400001100032000000003768862307000448.35  
2014051400001100032000000003768862311000131.10  
2014051400001100032000000003768862999001782.97  
2014051400001100034000000005270248074000519.20  
2014051400001100034000000005270248204002596.00  
2014051400001100034000000005270248301002596.00  
2014051400001100034000000005270248303000443.92  
2014051400001100034000000005270248305000129.80  
2014051400001100034000000005270248307000443.92  
2014051400001100034000000005270248311000129.80  
2014051400001100034000000005270248999001373.29  
2014051400001100035000000004433413074000514.88  
2014051400001100035000000004433413204002574.40  
2014051400001100035000000004433413301002574.40  
2014051400001100035000000004433413303000440.22  
2014051400001100035000000004433413305000128.72  
2014051400001100035000000004433413307000440.22  
2014051400001100035000000004433413311000128.72  
2014051400001100035000000004433413999001295.58  
2014051400001100036000000002890476074000514.88  
2014051400001100036000000002890476204002574.40  
2014051400001100036000000002890476301002574.40  
2014051400001100036000000002890476303000440.22  
2014051400001100036000000002890476305000128.72  
2014051400001100036000000002890476307000440.22  
2014051400001100036000000002890476311000128.72  
2014051400001100036000000002890476999000092.44  
2014051400001100037000000004418797074000519.20  
2014051400001100037000000004418797204002596.00  
2014051400001100037000000004418797302002596.00  
2014051400001100037000000004418797304000443.92  
2014051400001100037000000004418797306000129.80  
2014051400001100037000000004418797308000443.92  
2014051400001100037000000004418797312000129.80  
2014051400001100037000000004418797999001367.42  
2014051400001100038000000004424966074000519.20  
2014051400001100038000000004424966204002596.00  
2014051400001100038000000004424966301002596.00  
2014051400001100038000000004424966303000443.92  
2014051400001100038000000004424966305000129.80  
2014051400001100038000000004424966307000443.92  
2014051400001100038000000004424966311000129.80  
2014051400001100038000000004424966999001604.64  
2014051400001100038000000004424966999003978.73  
2014051400001100040000000003556438074000569.62  
2014051400001100040000000003556438204002848.11  
2014051400001100040000000003556438302002848.11  
2014051400001100040000000003556438304000487.03  
2014051400001100040000000003556438306000142.41  
2014051400001100040000000003556438308000487.03  
2014051400001100040000000003556438312000142.41  
2014051400001100040000000003556438999003291.86  
2014051400001100041000000002875093074000519.20  
2014051400001100041000000002875093204002596.00  
2014051400001100041000000002875093302002596.00  
2014051400001100041000000002875093304000443.92  
2014051400001100041000000002875093306000129.80  
2014051400001100041000000002875093308000443.92  
2014051400001100041000000002875093312000129.80  
2014051400001100041000000002875093999001204.04  
2014051400001100043000000002139897074000551.17  
2014051400001100043000000002139897204002755.84  
2014051400001100043000000002139897301002755.84  
2014051400001100043000000002139897303000471.25  
2014051400001100043000000002139897305000137.79  
2014051400001100043000000002139897307000471.25  
2014051400001100043000000002139897311000137.79  
2014051400001100043000000002139897999007044.21  
2014051400001100044000000000952134074000512.57  
2014051400001100044000000000952134204002562.84  
2014051400001100044000000000952134302002562.84  
2014051400001100044000000000952134304000438.25  
2014051400001100044000000000952134306000128.14  
2014051400001100044000000000952134308000438.25  
2014051400001100044000000000952134312000128.14  
2014051400001100044000000000952134999002177.30  
2014051400001100045000000003511659074000478.10  
2014051400001100045000000003511659204002390.48  
2014051400001100045000000003511659301002390.48  
2014051400001100045000000003511659303000408.77  
2014051400001100045000000003511659305000119.52  
2014051400001100045000000003511659307000408.77  
2014051400001100045000000003511659311000119.52  
2014051400001100045000000003511659999000124.33  
2014051400001100045000000003511659999000146.20  
2014051400001100047000000003590483074000485.05  
2014051400001100047000000003590483204002425.24  
2014051400001100047000000003590483301002425.24  
2014051400001100047000000003590483303000414.72  
2014051400001100047000000003590483305000121.26  
2014051400001100047000000003590483307000414.72  
2014051400001100047000000003590483311000121.26  
2014051400001100047000000003590483999003798.32  
2014051400001100048000000003617322074000478.87  
2014051400001100048000000003617322204002394.36  
2014051400001100048000000003617322302002394.36  
2014051400001100048000000003617322304000409.44  
2014051400001100048000000003617322306000119.72  
2014051400001100048000000003617322308000409.44  
2014051400001100048000000003617322312000119.72  
2014051400001100048000000003617322999005135.18  
2014051400001100051000000001932618074000298.94  
2014051400001100051000000001932618204001494.69  
2014051400001100051000000001932618301001494.69  
2014051400001100051000000001932618303000255.59  
2014051400001100051000000001932618305000074.73  
2014051400001100051000000001932618307000255.59  
2014051400001100051000000001932618311000074.73  
2014051400001100051000000001932618999000670.84  
2014051400001100052000000003616627074000294.05  
2014051400001100052000000003616627204001470.27  
2014051400001100052000000003616627301001470.27  
2014051400001100052000000003616627303000251.42  
2014051400001100052000000003616627305000073.51  
2014051400001100052000000003616627307000251.42  
2014051400001100052000000003616627311000073.51  
2014051400001100052000000003616627999000000.00  
2014051400001100053000000004470102074000387.20  
2014051400001100053000000004470102204001936.00  
2014051400001100053000000004470102301001936.00  
2014051400001100053000000004470102303000331.06  
2014051400001100053000000004470102305000096.80  
2014051400001100053000000004470102307000331.06  
2014051400001100053000000004470102311000096.80  
2014051400001100053000000004470102999001285.88  
2014051400001100054000000003081251074000414.94  
2014051400001100054000000003081251204002074.68  
2014051400001100054000000003081251301002074.68  
2014051400001100054000000003081251303000354.77  
2014051400001100054000000003081251305000103.73  
2014051400001100054000000003081251307000354.77  
2014051400001100054000000003081251311000103.73  
2014051400001100054000000003081251999003118.36  
2014051400001100055000000003314456074000394.29  
2014051400001100055000000003314456204001971.44  
2014051400001100055000000003314456301001971.44  
2014051400001100055000000003314456303000337.12  
2014051400001100055000000003314456305000098.57  
2014051400001100055000000003314456307000337.12  
2014051400001100055000000003314456311000098.57  
2014051400001100055000000003314456999004149.18  
2014051400001100056000000005169964074000389.88  
2014051400001100056000000005169964204001949.40  
2014051400001100056000000005169964302001949.40  
2014051400001100056000000005169964304000333.35  
2014051400001100056000000005169964306000097.47  
2014051400001100056000000005169964308000333.35  
2014051400001100056000000005169964312000097.47  
2014051400001100056000000005169964999001080.56  
2014051400001100057000000003012804074000389.88  
2014051400001100057000000003012804204001949.40  
2014051400001100057000000003012804302001949.40  
2014051400001100057000000003012804304000333.35  
2014051400001100057000000003012804306000097.47  
2014051400001100057000000003012804308000333.35  
2014051400001100057000000003012804312000097.47  
2014051400001100057000000003012804999002912.60  
2014051400001100058000000004450657074000389.88  
2014051400001100058000000004450657204001949.40  
2014051400001100058000000004450657301001949.40  
2014051400001100058000000004450657303000333.35  
2014051400001100058000000004450657305000097.47  
2014051400001100058000000004450657307000333.35  
2014051400001100058000000004450657311000097.47  
2014051400001100058000000004450657999003638.30  
2014051400001100059000000000936305074000413.30  
2014051400001100059000000000936305204002066.48  
2014051400001100059000000000936305301002066.48  
2014051400001100059000000000936305303000353.37  
2014051400001100059000000000936305305000103.32  
2014051400001100059000000000936305307000353.37  
2014051400001100059000000000936305311000103.32  
2014051400001100059000000000936305999000596.52  
2014051400001100059000000000936305999005000.65  
2014051400001100060000000004420896074000389.88  
2014051400001100060000000004420896204001949.40  
2014051400001100060000000004420896301001949.40  
2014051400001100060000000004420896303000333.35  
2014051400001100060000000004420896305000097.47  
2014051400001100060000000004420896307000333.35  
2014051400001100060000000004420896311000097.47  
2014051400001100060000000004420896999000102.64  
2014051400001100060000000004420896999003655.08  
2014051400001100061000000003518117074000395.06  
2014051400001100061000000003518117204001975.32  
2014051400001100061000000003518117301001975.32  
2014051400001100061000000003518117303000337.78  
2014051400001100061000000003518117305000098.77  
2014051400001100061000000003518117307000337.78  
2014051400001100061000000003518117311000098.77  
2014051400001100061000000003518117999002911.68  
2014051400001100062000000004467869074000389.88  
2014051400001100062000000004467869204001949.40  
2014051400001100062000000004467869301001949.40  
2014051400001100062000000004467869303000333.35  
2014051400001100062000000004467869305000097.47  
2014051400001100062000000004467869307000333.35  
2014051400001100062000000004467869311000097.47  
2014051400001100062000000004467869999000911.76  
2014051400001100063000000005935309074000388.24  
2014051400001100063000000005935309204001941.20  
2014051400001100063000000005935309301001941.20  
2014051400001100063000000005935309303000331.95  
2014051400001100063000000005935309305000097.06  
2014051400001100063000000005935309307000331.95  
2014051400001100063000000005935309311000097.06  
2014051400001100063000000005935309999000100.36  
2014051400001100064000000004467420074000406.38  
2014051400001100064000000004467420204002031.92  
2014051400001100064000000004467420301002031.92  
2014051400001100064000000004467420303000347.46  
2014051400001100064000000004467420305000101.60  
2014051400001100064000000004467420307000347.46  
2014051400001100064000000004467420311000101.60  
2014051400001100064000000004467420999005472.43  
2014051400001100065000000004414461074000423.23  
2014051400001100065000000004414461204002116.16  
2014051400001100065000000004414461301002116.16  
2014051400001100065000000004414461303000361.86  
2014051400001100065000000004414461305000105.81  
2014051400001100065000000004414461307000361.86  
2014051400001100065000000004414461311000105.81  
2014051400001100065000000004414461999002334.87  
2014051400001100066000000005161700074000418.05  
2014051400001100066000000005161700204002090.24  
2014051400001100066000000005161700301002090.24  
2014051400001100066000000005161700303000357.43  
2014051400001100066000000005161700305000104.51  
2014051400001100066000000005161700307000357.43  
2014051400001100066000000005161700311000104.51  
2014051400001100066000000005161700999001028.82  
2014051400001100067000000004539889074000349.10  
2014051400001100067000000004539889204001745.50  
2014051400001100067000000004539889301001745.50  
2014051400001100067000000004539889303000298.48  
2014051400001100067000000004539889305000087.28  
2014051400001100067000000004539889307000298.48  
2014051400001100067000000004539889311000087.28  
2014051400001100067000000004539889999003879.57  
2014051400001100068000000004884164074000349.10  
2014051400001100068000000004884164204001745.50  
2014051400001100068000000004884164302001745.50  
2014051400001100068000000004884164304000298.48  
2014051400001100068000000004884164306000087.28  
2014051400001100068000000004884164308000298.48  
2014051400001100068000000004884164312000087.28  
2014051400001100068000000004884164999001791.75  
2014051400001100069000000003459316074000361.12  
2014051400001100069000000003459316204001805.61  
2014051400001100069000000003459316302001805.61  
2014051400001100069000000003459316304000308.76  
2014051400001100069000000003459316306000090.28  
2014051400001100069000000003459316308000308.76  
2014051400001100069000000003459316312000090.28  
2014051400001100069000000003459316999000909.22  
2014051400001100070000000003729038074000373.29  
2014051400001100070000000003729038204001866.46  
2014051400001100070000000003729038301001866.46  
2014051400001100070000000003729038303000319.16  
2014051400001100070000000003729038305000093.32  
2014051400001100070000000003729038307000319.16  
2014051400001100070000000003729038311000093.32  
2014051400001100070000000003729038999005730.14  
2014051400001100071000000003720522074000443.10  
2014051400001100071000000003720522204002215.52  
2014051400001100071000000003720522301002215.52  
2014051400001100071000000003720522303000378.85  
2014051400001100071000000003720522305000110.78  
2014051400001100071000000003720522307000378.85  
2014051400001100071000000003720522311000110.78  
2014051400001100071000000003720522999003530.27  
2014051400001100072000000004380103074000232.00  
2014051400001100072000000004380103204001159.98  
2014051400001100072000000004380103301001159.98  
2014051400001100072000000004380103303000198.36  
2014051400001100072000000004380103305000058.00  
2014051400001100072000000004380103307000198.36  
2014051400001100072000000004380103311000058.00  
2014051400001100072000000004380103999000621.33  
2014051400001100072000000004380103999000000.00  
2014051400001100073000000003729580074000348.24  
2014051400001100073000000003729580204001741.18  
2014051400001100073000000003729580302001741.18  
2014051400001100073000000003729580304000297.74  
2014051400001100073000000003729580306000087.06  
2014051400001100073000000003729580308000297.74  
2014051400001100073000000003729580312000087.06  
2014051400001100073000000003729580999000817.79  
2014051400001100074000000005291890074000361.39  
2014051400001100074000000005291890204001806.94  
2014051400001100074000000005291890302001806.94  
2014051400001100074000000005291890304000308.99  
2014051400001100074000000005291890306000090.35  
2014051400001100074000000005291890308000308.99  
2014051400001100074000000005291890312000090.35  
2014051400001100074000000005291890999004163.02  
2014051400001100075000000004013122074000302.70  
2014051400001100075000000004013122204001513.50  
2014051400001100075000000004013122301001513.50  
2014051400001100075000000004013122303000258.81  
2014051400001100075000000004013122305000075.68  
2014051400001100075000000004013122307000258.81  
2014051400001100075000000004013122311000075.68  
2014051400001100075000000004013122999000746.28  
2014051400001100076000000006466668074000363.10  
2014051400001100076000000006466668204001815.49  
2014051400001100076000000006466668302001815.49  
2014051400001100076000000006466668304000310.45  
2014051400001100076000000006466668306000090.77  
2014051400001100076000000006466668308000310.45  
2014051400001100076000000006466668312000090.77  
2014051400001100076000000006466668999001686.82  
2014051400001100077000000000685134074000303.74  
2014051400001100077000000000685134204001518.70  
2014051400001100077000000000685134301001518.70  
2014051400001100077000000000685134303000259.70  
2014051400001100077000000000685134305000075.94  
2014051400001100077000000000685134307000259.70  
2014051400001100077000000000685134311000075.94  
2014051400001100077000000000685134999000104.88  
2014051400001100078000000005241984074000331.61  
2014051400001100078000000005241984204001658.07  
2014051400001100078000000005241984301001658.07  
2014051400001100078000000005241984303000283.53  
2014051400001100078000000005241984305000082.90  
2014051400001100078000000005241984307000283.53  
2014051400001100078000000005241984311000082.90  
2014051400001100078000000005241984999001580.15  
2014051400001100079000000005225966074000303.74  
2014051400001100079000000005225966204001518.70  
2014051400001100079000000005225966301001518.70  
2014051400001100079000000005225966303000259.70  
2014051400001100079000000005225966305000075.94  
2014051400001100079000000005225966307000259.70  
2014051400001100079000000005225966311000075.94  
2014051400001100079000000005225966999003600.90  
2014051400001100080000000003768663074000303.74  
2014051400001100080000000003768663204001518.68  
2014051400001100080000000003768663302001518.68  
2014051400001100080000000003768663304000259.69  
2014051400001100080000000003768663306000075.93  
2014051400001100080000000003768663308000259.69  
2014051400001100080000000003768663312000075.93  
2014051400001100080000000003768663999001307.94  
2014051400001100081000000006408031074000294.16  
2014051400001100081000000006408031204001470.79  
2014051400001100081000000006408031301001470.79  
2014051400001100081000000006408031303000251.51  
2014051400001100081000000006408031305000073.54  
2014051400001100081000000006408031307000251.51  
2014051400001100081000000006408031311000073.54  
2014051400001100081000000006408031999000079.48  
2014051400001100082000000002899775074000281.06  
2014051400001100082000000002899775204001405.30  
2014051400001100082000000002899775301001405.30  
2014051400001100082000000002899775303000240.31  
2014051400001100082000000002899775305000070.27  
2014051400001100082000000002899775307000240.31  
2014051400001100082000000002899775311000070.27  
2014051400001100082000000002899775999002311.42  
2014051400001100083000000001930623074000280.02  
2014051400001100083000000001930623204001400.10  
2014051400001100083000000001930623302001400.10  
2014051400001100083000000001930623304000239.42  
2014051400001100083000000001930623306000070.01  
2014051400001100083000000001930623308000239.42  
2014051400001100083000000001930623312000070.01  
2014051400001100083000000001930623999000958.20  
2014051400001100084000000002879279074000305.51  
2014051400001100084000000002879279204001527.54  
2014051400001100084000000002879279302001527.54  
2014051400001100084000000002879279304000261.21  
2014051400001100084000000002879279306000076.38  
2014051400001100084000000002879279308000261.21  
2014051400001100084000000002879279312000076.38  
2014051400001100084000000002879279999000762.19  
2014051400001100085000000006473021074000281.06  
2014051400001100085000000006473021204001405.30  
2014051400001100085000000006473021301001405.30  
2014051400001100085000000006473021303000240.31  
2014051400001100085000000006473021305000070.27  
2014051400001100085000000006473021307000240.31  
2014051400001100085000000006473021311000070.27  
2014051400001100085000000006473021999002720.49  
2014051400001100086000000004461894074000284.82  
2014051400001100086000000004461894204001424.11  
2014051400001100086000000004461894301001424.11  
2014051400001100086000000004461894303000243.52  
2014051400001100086000000004461894305000071.21  
2014051400001100086000000004461894307000243.52  
2014051400001100086000000004461894311000071.21  
2014051400001100086000000004461894999003309.66  
2014051400001100087000000005193215074000280.45  
2014051400001100087000000005193215204001402.26  
2014051400001100087000000005193215301001402.26  
2014051400001100087000000005193215303000239.79  
2014051400001100087000000005193215305000070.11  
2014051400001100087000000005193215307000239.79  
2014051400001100087000000005193215311000070.11  
2014051400001100087000000005193215999001996.14  
2014051400001100088000000003742365074000286.24  
2014051400001100088000000003742365204001431.22  
2014051400001100088000000003742365301001431.22  
2014051400001100088000000003742365303000244.74  
2014051400001100088000000003742365305000071.56  
2014051400001100088000000003742365307000244.74  
2014051400001100088000000003742365311000071.56  
2014051400001100088000000003742365999000803.57  
2014051400001100089000000004526386074000249.22  
2014051400001100089000000004526386204001246.10  
2014051400001100089000000004526386302001246.10  
2014051400001100089000000004526386304000213.08  
2014051400001100089000000004526386306000062.31  
2014051400001100089000000004526386308000213.08  
2014051400001100089000000004526386312000062.31  
2014051400001100089000000004526386999002768.11  
2014051400001100090000000004510395074000247.92  
2014051400001100090000000004510395204001239.62  
2014051400001100090000000004510395301001239.62  
2014051400001100090000000004510395303000211.98  
2014051400001100090000000004510395305000061.98  
2014051400001100090000000004510395307000211.98  
2014051400001100090000000004510395311000061.98  
2014051400001100090000000004510395999005383.80  
2014051400001100091000000004076151074000248.79  
2014051400001100091000000004076151204001243.94  
2014051400001100091000000004076151301001243.94  
2014051400001100091000000004076151303000212.71  
2014051400001100091000000004076151305000062.20  
2014051400001100091000000004076151307000212.71  
2014051400001100091000000004076151311000062.20  
2014051400001100091000000004076151999002809.41  
2014051400001100092000000002914344074000406.55  
2014051400001100092000000002914344204002032.74  
2014051400001100092000000002914344301002032.74  
2014051400001100092000000002914344303000347.60  
2014051400001100092000000002914344305000101.64  
2014051400001100092000000002914344307000347.60  
2014051400001100092000000002914344311000101.64  
2014051400001100092000000002914344999002040.64  
2014051400001100093000000003078110074000340.24  
2014051400001100093000000003078110204001701.21  
2014051400001100093000000003078110301001701.21  
2014051400001100093000000003078110303000290.91  
2014051400001100093000000003078110305000085.06  
2014051400001100093000000003078110307000290.91  
2014051400001100093000000003078110311000085.06  
2014051400001100093000000003078110999003424.07  
2014051400001100094000000006087482074000249.22  
2014051400001100094000000006087482204001246.10  
2014051400001100094000000006087482302001246.10  
2014051400001100094000000006087482304000213.08  
2014051400001100094000000006087482306000062.31  
2014051400001100094000000006087482308000213.08  
2014051400001100094000000006087482312000062.31  
2014051400001100094000000006087482999000584.83  
2014051400001100095000000006431024074000249.22  
2014051400001100095000000006431024204001246.12  
2014051400001100095000000006431024302001246.12  
2014051400001100095000000006431024304000213.09  
2014051400001100095000000006431024306000062.31  
2014051400001100095000000006431024308000213.09  
2014051400001100095000000006431024312000062.31  
2014051400001100095000000006431024999001600.87  
2014051400001100096000000003099304074000298.21  
2014051400001100096000000003099304204001491.04  
2014051400001100096000000003099304301001491.04  
2014051400001100096000000003099304303000254.97  
2014051400001100096000000003099304305000074.55  
2014051400001100096000000003099304307000254.97  
2014051400001100096000000003099304311000074.55  
2014051400001100096000000003099304999001030.03  
2014051400001100097000000004502182074000244.90  
2014051400001100097000000004502182204001224.50  
2014051400001100097000000004502182301001224.50  
2014051400001100097000000004502182303000209.39  
2014051400001100097000000004502182305000061.23  
2014051400001100097000000004502182307000209.39  
2014051400001100097000000004502182311000061.23  
2014051400001100097000000004502182999001487.75  
2014051400001100098000000004022515074000301.84  
2014051400001100098000000004022515204001509.18  
2014051400001100098000000004022515302001509.18  
2014051400001100098000000004022515304000258.07  
2014051400001100098000000004022515306000075.46  
2014051400001100098000000004022515308000258.07  
2014051400001100098000000004022515312000075.46  
2014051400001100098000000004022515999006458.86  
2014051400001100099000000005648577074000298.21  
2014051400001100099000000005648577204001491.04  
2014051400001100099000000005648577302001491.04  
2014051400001100099000000005648577304000254.97  
2014051400001100099000000005648577306000074.55  
2014051400001100099000000005648577308000254.97  
2014051400001100099000000005648577312000074.55  
2014051400001100099000000005648577999001864.32  
2014051400001100100000000007349314074000288.10  
2014051400001100100000000007349314204001440.50  
2014051400001100100000000007349314301001440.50  
2014051400001100100000000007349314305000072.03  
2014051400001100100000000007349314311000072.03  
2014051400001100100000000007349314999000040.50  
2014051400001100101000000001370502074000370.90  
2014051400001100101000000001370502204001854.49  
2014051400001100101000000001370502301001854.49  
2014051400001100101000000001370502303000317.12  
2014051400001100101000000001370502305000092.72  
2014051400001100101000000001370502307000317.12  
2014051400001100101000000001370502311000092.72  
2014051400001100101000000001370502999004252.18  
2014051400001100102000000002692604074000307.91  
2014051400001100102000000002692604204001539.57  
2014051400001100102000000002692604301001539.57  
2014051400001100102000000002692604303000263.27  
2014051400001100102000000002692604305000076.98  
2014051400001100102000000002692604307000263.27  
2014051400001100102000000002692604311000076.98  
2014051400001100102000000002692604999005476.17  
2014051400001100103000000000959934074000265.42  
2014051400001100103000000000959934204001327.10  
2014051400001100103000000000959934302001327.10  
2014051400001100103000000000959934304000226.93  
2014051400001100103000000000959934306000066.36  
2014051400001100103000000000959934308000226.93  
2014051400001100103000000000959934312000066.36  
2014051400001100103000000000959934999001275.80  
2014051400001100104000000001760686074000288.67  
2014051400001100104000000001760686204001443.37  
2014051400001100104000000001760686301001443.37  
2014051400001100104000000001760686303000246.82  
2014051400001100104000000001760686305000072.17  
2014051400001100104000000001760686307000246.82  
2014051400001100104000000001760686311000072.17  
2014051400001100104000000001760686999002542.71  
2014051400001100105000000000803131074000264.56  
2014051400001100105000000000803131204001322.78  
2014051400001100105000000000803131302001322.78  
2014051400001100105000000000803131304000226.20  
2014051400001100105000000000803131306000066.14  
2014051400001100105000000000803131308000226.20  
2014051400001100105000000000803131312000066.14  
2014051400001100105000000000803131999000994.82  
2014051400001100106000000002045701074000265.42  
2014051400001100106000000002045701204001327.10  
2014051400001100106000000002045701301001327.10  
2014051400001100106000000002045701303000226.93  
2014051400001100106000000002045701305000066.36  
2014051400001100106000000002045701307000226.93  
2014051400001100106000000002045701311000066.36  
2014051400001100106000000002045701999001152.92  
2014051400001100107000000003831838074000244.81  
2014051400001100107000000003831838204001224.06  
2014051400001100107000000003831838301001224.06  
2014051400001100107000000003831838303000209.31  
2014051400001100107000000003831838305000061.20  
2014051400001100107000000003831838307000209.31  
2014051400001100107000000003831838311000061.20  
2014051400001100107000000003831838999003461.38  
2014051400001100108000000000855279074000265.42  
2014051400001100108000000000855279204001327.10  
2014051400001100108000000000855279301001327.10  
2014051400001100108000000000855279303000226.93  
2014051400001100108000000000855279305000066.36  
2014051400001100108000000000855279307000226.93  
2014051400001100108000000000855279311000066.36  
2014051400001100108000000000855279999003614.53  
2014051400001100109000000003782731074000362.75  
2014051400001100109000000003782731204001813.76  
2014051400001100109000000003782731301001813.76  
2014051400001100109000000003782731303000310.15  
2014051400001100109000000003782731305000090.69  
2014051400001100109000000003782731307000310.15  
2014051400001100109000000003782731311000090.69  
2014051400001100109000000003782731999001132.47  
2014051400001100110000000003720627074000356.42  
2014051400001100110000000003720627204001782.10  
2014051400001100110000000003720627301001782.10  
2014051400001100110000000003720627303000304.74  
2014051400001100110000000003720627305000089.10  
2014051400001100110000000003720627307000304.74  
2014051400001100110000000003720627311000089.10  
2014051400001100110000000003720627999004987.42  
2014051400001100111000000002894101074000251.60  
2014051400001100111000000002894101204001257.98  
2014051400001100111000000002894101301001257.98  
2014051400001100111000000002894101303000215.11  
2014051400001100111000000002894101305000062.90  
2014051400001100111000000002894101307000215.11  
2014051400001100111000000002894101311000062.90  
2014051400001100111000000002894101999003032.24  
2014051400001100112000000001714032074000304.30  
2014051400001100112000000001714032204001521.51  
2014051400001100112000000001714032301001521.51  
2014051400001100112000000001714032303000260.18  
2014051400001100112000000001714032305000076.08  
2014051400001100112000000001714032307000260.18  
2014051400001100112000000001714032311000076.08  
2014051400001100112000000001714032999001062.92  
2014051400001100113000000005916650074000226.54  
2014051400001100113000000005916650204001132.72  
2014051400001100113000000005916650302001132.72  
2014051400001100113000000005916650304000193.70  
2014051400001100113000000005916650306000056.64  
2014051400001100113000000005916650308000193.70  
2014051400001100113000000005916650312000056.64  
2014051400001100113000000005916650999000527.98  
2014051400001100114000000000960278074000244.68  
2014051400001100114000000000960278204001223.42  
2014051400001100114000000000960278301001223.42  
2014051400001100114000000000960278303000209.20  
2014051400001100114000000000960278305000061.17  
2014051400001100114000000000960278307000209.20  
2014051400001100114000000000960278311000061.17  
2014051400001100114000000000960278999001977.73  
2014051400001100115000000004329789074000332.44  
2014051400001100115000000004329789204001662.18  
2014051400001100115000000004329789301001662.18  
2014051400001100115000000004329789303000284.23  
2014051400001100115000000004329789305000083.11  
2014051400001100115000000004329789307000284.23  
2014051400001100115000000004329789311000083.11  
2014051400001100115000000004329789999002805.20  
2014051400001100116000000003504972074000293.00  
2014051400001100116000000003504972204001465.02  
2014051400001100116000000003504972301001465.02  
2014051400001100116000000003504972303000250.52  
2014051400001100116000000003504972305000073.25  
2014051400001100116000000003504972307000250.52  
2014051400001100116000000003504972311000073.25  
2014051400001100116000000003504972999001664.99  
2014051400001100117000000003754990074000335.31  
2014051400001100117000000003754990204001676.54  
2014051400001100117000000003754990301001676.54  
2014051400001100117000000003754990303000286.69  
2014051400001100117000000003754990305000083.83  
2014051400001100117000000003754990307000286.69  
2014051400001100117000000003754990311000083.83  
2014051400001100117000000003754990999003360.98  
2014051400001100118000000003482063074000323.71  
2014051400001100118000000003482063204001618.57  
2014051400001100118000000003482063301001618.57  
2014051400001100118000000003482063303000276.77  
2014051400001100118000000003482063305000080.93  
2014051400001100118000000003482063307000276.77  
2014051400001100118000000003482063311000080.93  
2014051400001100118000000003482063999000992.98  
2014051400001100119000000004800059074000255.58  
2014051400001100119000000004800059204001277.89  
2014051400001100119000000004800059302001277.89  
2014051400001100119000000004800059304000218.52  
2014051400001100119000000004800059306000063.89  
2014051400001100119000000004800059308000218.52  
2014051400001100119000000004800059312000063.89  
2014051400001100119000000004800059999002961.48  
2014051400001100120000000004292985074000320.24  
2014051400001100120000000004292985204001601.22  
2014051400001100120000000004292985301001601.22  
2014051400001100120000000004292985303000273.81  
2014051400001100120000000004292985305000080.06  
2014051400001100120000000004292985307000273.81  
2014051400001100120000000004292985311000080.06  
2014051400001100120000000004292985999001732.70  
2014051400001100121000000001864381074000274.44  
2014051400001100121000000001864381204001372.22  
2014051400001100121000000001864381301001372.22  
2014051400001100121000000001864381303000234.65  
2014051400001100121000000001864381305000068.61  
2014051400001100121000000001864381307000234.65  
2014051400001100121000000001864381311000068.61  
2014051400001100121000000001864381999002773.43  
2014051400001100122000000001764275074000247.73  
2014051400001100122000000001764275204001238.64  
2014051400001100122000000001764275301001238.64  
2014051400001100122000000001764275303000211.81  
2014051400001100122000000001764275305000061.93  
2014051400001100122000000001764275307000211.81  
2014051400001100122000000001764275311000061.93  
2014051400001100122000000001764275999006067.32  
2014051400001100123000000003417050074000270.17  
2014051400001100123000000003417050204001350.87  
2014051400001100123000000003417050301001350.87  
2014051400001100123000000003417050303000231.00  
2014051400001100123000000003417050305000067.54  
2014051400001100123000000003417050307000231.00  
2014051400001100123000000003417050311000067.54  
2014051400001100123000000003417050999001115.04  
2014051400001100124000000003786262074000234.73  
2014051400001100124000000003786262204001173.66  
2014051400001100124000000003786262301001173.66  
2014051400001100124000000003786262303000200.70  
2014051400001100124000000003786262305000058.68  
2014051400001100124000000003786262307000200.70  
2014051400001100124000000003786262311000058.68  
2014051400001100124000000003786262999002590.69  
2014051400001100125000000008854526074000263.40  
2014051400001100125000000008854526204001316.99  
2014051400001100125000000008854526301001316.99  
2014051400001100125000000008854526303000225.20  
2014051400001100125000000008854526305000065.85  
2014051400001100125000000008854526307000225.20  
2014051400001100125000000008854526311000065.85  
2014051400001100125000000008854526999003372.93  
2014051400001100126000000005151886074000270.63  
2014051400001100126000000005151886204001353.13  
2014051400001100126000000005151886301001353.13  
2014051400001100126000000005151886303000231.38  
2014051400001100126000000005151886305000067.66  
2014051400001100126000000005151886307000231.38  
2014051400001100126000000005151886311000067.66  
2014051400001100126000000005151886999003767.69  
2014051400001100127000000004538011074000181.18  
2014051400001100127000000004538011204000905.90  
2014051400001100127000000004538011302000905.90  
2014051400001100127000000004538011304000154.91  
2014051400001100127000000004538011306000045.30  
2014051400001100127000000004538011308000154.91  
2014051400001100127000000004538011312000045.30  
2014051400001100127000000004538011999002610.43  
2014051400001100128000000006096339074000249.26  
2014051400001100128000000006096339204001246.28  
2014051400001100128000000006096339302001246.28  
2014051400001100128000000006096339304000213.11  
2014051400001100128000000006096339306000062.31  
2014051400001100128000000006096339308000213.11  
2014051400001100128000000006096339312000062.31  
2014051400001100128000000006096339999001154.44  
2014051400001100129000000005179460074000260.32  
2014051400001100129000000005179460204001301.61  
2014051400001100129000000005179460302001301.61  
2014051400001100129000000005179460304000222.57  
2014051400001100129000000005179460306000065.08  
2014051400001100129000000005179460308000222.57  
2014051400001100129000000005179460312000065.08  
2014051400001100129000000005179460999005919.08  
2014051400001100130000000004410789074000276.58  
2014051400001100130000000004410789204001382.91  
2014051400001100130000000004410789301001382.91  
2014051400001100130000000004410789303000236.48  
2014051400001100130000000004410789305000069.15  
2014051400001100130000000004410789307000236.48  
2014051400001100130000000004410789311000069.15  
2014051400001100130000000004410789999003171.57  
2014051400001100132000000004415402074000274.39  
2014051400001100132000000004415402204001371.97  
2014051400001100132000000004415402301001371.97  
2014051400001100132000000004415402303000234.61  
2014051400001100132000000004415402305000068.60  
2014051400001100132000000004415402307000234.61  
2014051400001100132000000004415402311000068.60  
2014051400001100132000000004415402999002897.66  
2014051400001100133000000004200223074000255.19  
2014051400001100133000000004200223204001275.95  
2014051400001100133000000004200223302001275.95  
2014051400001100133000000004200223304000218.19  
2014051400001100133000000004200223306000063.80  
2014051400001100133000000004200223308000218.19  
2014051400001100133000000004200223312000063.80  
2014051400001100133000000004200223999005635.14  
2014051400001100134000000003605581074000176.86  
2014051400001100134000000003605581204000884.30  
2014051400001100134000000003605581301000884.30  
2014051400001100134000000003605581303000151.22  
2014051400001100134000000003605581305000044.22  
2014051400001100134000000003605581307000151.22  
2014051400001100134000000003605581311000044.22  
2014051400001100134000000003605581999002085.31  
2014051400001100135000000005903134074000267.08  
2014051400001100135000000005903134204001335.41  
2014051400001100135000000005903134301001335.41  
2014051400001100135000000005903134303000228.35  
2014051400001100135000000005903134305000066.77  
2014051400001100135000000005903134307000228.35  
2014051400001100135000000005903134311000066.77  
2014051400001100135000000005903134999005793.74  
2014051400001100136000000004702349074000271.63  
2014051400001100136000000004702349204001358.17  
2014051400001100136000000004702349301001358.17  
2014051400001100136000000004702349303000232.25  
2014051400001100136000000004702349305000067.91  
2014051400001100136000000004702349307000232.25  
2014051400001100136000000004702349311000067.91  
2014051400001100136000000004702349999003236.46  
2014051400001100137000000002551314074000206.24  
2014051400001100137000000002551314204001031.18  
2014051400001100137000000002551314302001031.18  
2014051400001100137000000002551314304000176.33  
2014051400001100137000000002551314306000051.56  
2014051400001100137000000002551314308000176.33  
2014051400001100137000000002551314312000051.56  
2014051400001100137000000002551314999001989.56  
2014051400001100138000000003693620074000195.09  
2014051400001100138000000003693620204000975.44  
2014051400001100138000000003693620301000975.44  
2014051400001100138000000003693620303000166.80  
2014051400001100138000000003693620305000048.77  
2014051400001100138000000003693620307000166.80  
2014051400001100138000000003693620311000048.77  
2014051400001100138000000003693620999001195.42  
2014051400001100139000000004897781074000233.57  
2014051400001100139000000004897781204001167.85  
2014051400001100139000000004897781301001167.85  
2014051400001100139000000004897781303000199.70  
2014051400001100139000000004897781305000058.39  
2014051400001100139000000004897781307000199.70  
2014051400001100139000000004897781311000058.39  
2014051400001100139000000004897781999001136.00  
2014051400001100140000000004886972074000156.77  
2014051400001100140000000004886972204000783.84  
2014051400001100140000000004886972302000783.84  
2014051400001100140000000004886972304000134.04  
2014051400001100140000000004886972306000039.19  
2014051400001100140000000004886972308000134.04  
2014051400001100140000000004886972312000039.19  
2014051400001100140000000004886972999003314.94  
2014051400001100141000000004870962074000153.92  
2014051400001100141000000004870962204000769.60  
2014051400001100141000000004870962302000769.60  
2014051400001100141000000004870962304000131.60  
2014051400001100141000000004870962306000038.48  
2014051400001100141000000004870962308000131.60  
2014051400001100141000000004870962312000038.48  
2014051400001100141000000004870962999000209.68  
2014051400001100141000000004870962999004884.50  
2014051400001100142000000003064016074000202.00  
2014051400001100142000000003064016204001010.00  
2014051400001100142000000003064016301001010.00  
2014051400001100142000000003064016303000172.71  
2014051400001100142000000003064016305000050.50  
2014051400001100142000000003064016307000172.71  
2014051400001100142000000003064016311000050.50  
2014051400001100142000000003064016999001928.12  
2014051400001100143000000003753027074000165.15  
2014051400001100143000000003753027204000825.76  
2014051400001100143000000003753027301000825.76  
2014051400001100143000000003753027303000141.20  
2014051400001100143000000003753027305000041.29  
2014051400001100143000000003753027307000141.20  
2014051400001100143000000003753027311000041.29  
2014051400001100143000000003753027999001541.97  
2014051400001100144000000007962862074000186.65  
2014051400001100144000000007962862204000933.24  
2014051400001100144000000007962862301000933.24  
2014051400001100144000000007962862303000159.58  
2014051400001100144000000007962862305000046.66  
2014051400001100144000000007962862307000159.58  
2014051400001100144000000007962862311000046.66  
2014051400001100144000000007962862999000881.56  
2014051400001100145000000002454232074000178.94  
2014051400001100145000000002454232204000894.71  
2014051400001100145000000002454232302000894.71  
2014051400001100145000000002454232304000153.00  
2014051400001100145000000002454232306000044.74  
2014051400001100145000000002454232308000153.00  
2014051400001100145000000002454232312000044.74  
2014051400001100145000000002454232999000665.17  
2014051400001100146000000003734545074000582.72  
2014051400001100146000000003734545204002913.60  
2014051400001100146000000003734545301002913.60  
2014051400001100146000000003734545303000498.23  
2014051400001100146000000003734545305000145.68  
2014051400001100146000000003734545307000498.23  
2014051400001100146000000003734545311000145.68  
2014051400001100146000000003734545999001829.84  
2014051400001100200000000003757088074000491.83  
2014051400001100200000000003757088204002459.16  
2014051400001100200000000003757088301002459.16  
2014051400001100200000000003757088303000420.52  
2014051400001100200000000003757088305000122.96  
2014051400001100200000000003757088307000420.52  
2014051400001100200000000003757088311000122.96  
2014051400001100200000000003757088999005052.25  
2014051400001100201000000000998813074000394.48  
2014051400001100201000000000998813204001972.42  
2014051400001100201000000000998813301001972.42  
2014051400001100201000000000998813303000337.28  
2014051400001100201000000000998813305000098.62  
2014051400001100201000000000998813307000337.28  
2014051400001100201000000000998813311000098.62  
2014051400001100201000000000998813999004838.75  
2014051400001100202000000000953021074000807.74  
2014051400001100202000000000953021204004038.72  
2014051400001100202000000000953021302004038.72  
2014051400001100202000000000953021304000690.62  
2014051400001100202000000000953021306000201.94  
2014051400001100202000000000953021308000690.62  
2014051400001100202000000000953021312000201.94  
2014051400001100202000000000953021999006801.48  
2014051400001100203000000001069089074000770.40  
2014051400001100203000000001069089204003852.00  
2014051400001100203000000001069089302003852.00  
2014051400001100203000000001069089304000658.69  
2014051400001100203000000001069089306000192.60  
2014051400001100203000000001069089308000658.69  
2014051400001100203000000001069089312000192.60  
2014051400001100203000000001069089999003186.89  
2014051400001100204000000003017631074000774.72  
2014051400001100204000000003017631204003873.60  
2014051400001100204000000003017631302003873.60  
2014051400001100204000000003017631304000662.39  
2014051400001100204000000003017631306000193.68  
2014051400001100204000000003017631308000662.39  
2014051400001100204000000003017631312000193.68  
2014051400001100204000000003017631999001317.76  
2014051400001100205000000001893812074000770.40  
2014051400001100205000000001893812204003852.00  
2014051400001100205000000001893812301003852.00  
2014051400001100205000000001893812303000658.69  
2014051400001100205000000001893812305000192.60  
2014051400001100205000000001893812307000658.69  
2014051400001100205000000001893812311000192.60  
2014051400001100205000000001893812999002893.60  
2014051400001100206000000003025505074000797.58  
2014051400001100206000000003025505204003987.88  
2014051400001100206000000003025505302003987.88  
2014051400001100206000000003025505304000681.93  
2014051400001100206000000003025505306000199.39  
2014051400001100206000000003025505308000681.93  
2014051400001100206000000003025505312000199.39  
2014051400001100206000000003025505999006593.09  
2014051400001100207000000005198940074000546.56  
2014051400001100207000000005198940204002732.79  
2014051400001100207000000005198940301002732.79  
2014051400001100207000000005198940303000467.31  
2014051400001100207000000005198940305000136.64  
2014051400001100207000000005198940307000467.31  
2014051400001100207000000005198940311000136.64  
2014051400001100207000000005198940999004906.49  
2014051400001100208000000000778882074000610.62  
2014051400001100208000000000778882204003053.12  
2014051400001100208000000000778882301003053.12  
2014051400001100208000000000778882305000152.66  
2014051400001100208000000000778882311000152.66  
2014051400001100208000000000778882999004938.57  
2014051400001100209000000004901227074000717.48  
2014051400001100209000000004901227204003587.38  
2014051400001100209000000004901227301003587.38  
2014051400001100209000000004901227303000613.44  
2014051400001100209000000004901227305000179.37  
2014051400001100209000000004901227307000613.44  
2014051400001100209000000004901227311000179.37  
2014051400001100209000000004901227999000228.74  
2014051400001100210000000003621269074000707.04  
2014051400001100210000000003621269204003535.18  
2014051400001100210000000003621269301003535.18  
2014051400001100210000000003621269303000604.52  
2014051400001100210000000003621269305000176.76  
2014051400001100210000000003621269307000604.52  
2014051400001100210000000003621269311000176.76  
2014051400001100210000000003621269999007676.30  
2014051400001100211000000004414796074000693.18  
2014051400001100211000000004414796204003465.90  
2014051400001100211000000004414796301003465.90  
2014051400001100211000000004414796303000592.67  
2014051400001100211000000004414796305000173.30  
2014051400001100211000000004414796307000592.67  
2014051400001100211000000004414796311000173.30  
2014051400001100211000000004414796999006631.77  
2014051400001100212000000004411903074000481.50  
2014051400001100212000000004411903204002407.50  
2014051400001100212000000004411903302002407.50  
2014051400001100212000000004411903304000411.68  
2014051400001100212000000004411903306000120.38  
2014051400001100212000000004411903308000411.68  
2014051400001100212000000004411903312000120.38  
2014051400001100212000000004411903999001464.07  
2014051400001100213000000005213524074000589.38  
2014051400001100213000000005213524204002946.90  
2014051400001100213000000005213524302002946.90  
2014051400001100213000000005213524304000503.92  
2014051400001100213000000005213524306000147.35  
2014051400001100213000000005213524308000503.92  
2014051400001100213000000005213524312000147.35  
2014051400001100213000000005213524999000274.63  
2014051400001100213000000005213524999008198.83  
2014051400001100217000000003778798074000559.70  
2014051400001100217000000003778798204002798.48  
2014051400001100217000000003778798301002798.48  
2014051400001100217000000003778798303000478.54  
2014051400001100217000000003778798305000139.92  
2014051400001100217000000003778798307000478.54  
2014051400001100217000000003778798311000139.92  
2014051400001100217000000003778798999004760.60  
2014051400001100218000000002406485074000487.58  
2014051400001100218000000002406485204002437.92  
2014051400001100218000000002406485301002437.92  
2014051400001100218000000002406485303000416.88  
2014051400001100218000000002406485305000121.90  
2014051400001100218000000002406485307000416.88  
2014051400001100218000000002406485311000121.90  
2014051400001100218000000002406485999001946.26  
2014051400001100219000000000810986074000500.54  
2014051400001100219000000000810986204002502.72  
2014051400001100219000000000810986302002502.72  
2014051400001100219000000000810986304000427.97  
2014051400001100219000000000810986306000125.14  
2014051400001100219000000000810986308000427.97  
2014051400001100219000000000810986312000125.14  
2014051400001100219000000000810986999001266.64  
