20140514000011000000000000000301010000000000005170.9000000000
20140514000011000000000000000301010000000000005294.4100000000
20140514000011000000000000000301010000000000007195.1000000000
20140514000011000000000000000301010000000000011658.0000000000
20140514000011000000000000000301010000000000092363.2000000000
20140514000011000000000000000301010000000000148063.6900000000
20140514000011000000000000000301010000000000178401.5000000000
20140514000011000000000000000301010000000000369117.7100000000
20140514000011000000000000000901010000000000002698.3000000000
20140514000011000000000855279301010000000000000550.0000000000
20140514000011000000005179460301010000000000000350.0000000000
20140514000011000000160130029301010000000000015840.0000000000
20140514000011000000168206024901010000000000018960.0000000000
20140514000011000001023013022301010000000000005133.8800000000
20140514000011000001023013022301010000000000007868.2600000000
20140514000011000001023013022301010000000000061414.4400000000
20140514000011000001023013022301010000000000208847.4500000000
20140514000011000001028415020301010000000000029794.3900000000
20140514000011000001028415020301010000000000042083.5800000000
20140514000011000001028415020301010000000000077230.0000000000
20140514000011000001028415020301010000000000156220.2500000000
20140514000011000001028415020301010000000000438171.0400000000
