20140514000012000000000000000301010000000000002483.0200000000
20140514000012000000000000000301010000000000005876.2200000000
20140514000012000000000000000301010000000000005883.3700000000
20140514000012000000000000000301010000000000011866.8000000000
20140514000012000000000000000301010000000000054137.3800000000
20140514000012000000000000000301010000000000113191.5200000000
20140514000012000000000000000301010000000000144101.0300000000
20140514000012000000000000000301010000000000206346.0700000000
20140514000012000000000000000901010000000000002986.7700000000
20140514000012000000000855279301010000000000000550.0000000000
20140514000012000000002991007301010000009425004480.6400000000
20140514000012000000005179460301010000000000000350.0000000000
20140514000012000000160130029301010000000000007200.0000000000
20140514000012000000168206024901010000000000005760.0000000000
20140514000012000001023013022301010000000000002226.2500000000
20140514000012000001023013022301010000000000002779.8800000000
20140514000012000001023013022301010000000000032747.1800000000
20140514000012000001023013022301010000000000127699.7500000000
20140514000012000001028415020301010000000000016509.0400000000
20140514000012000001028415020301010000000000022038.3900000000
20140514000012000001028415020301010000000000074430.0000000000
20140514000012000001028415020301010000000000197702.0600000000
20140514000012000001028415020301010000000000873288.8200000000
