20150514000001000530000000044701020900000111220000173.68  
20150514000001000530000000044701020900000111700008119.60  
20150514000001000890000000045263860900000111220000091.28  
20150514000001000890000000045263860900000111700002710.82  
20150514000001000540000000030812510900000111220000925.40  
20150514000001000540000000030812510900000111700006362.14  
20150514000001000900000000045103950900000111220000104.85  
20150514000001000900000000045103950900000111700003113.88  
20150514000001000440000000009521341000000111220001426.97  
20150514000001000440000000009521341000000111700009810.41  
20150514000001000280000000030994141100000111220000294.89  
20150514000001000280000000030994141100000111310001673.52  
20150514000001000280000000030994141100000111700008367.58  
20150514000001002190000000008109860900000111220000913.95  
20150514000001002190000000008109860900000111700010971.97  
20150514000001001150000000043297891100000111220000647.63  
20150514000001001150000000043297891100000111310000609.69  
20150514000001001150000000043297891100000111700003048.46  
20150514000001001150000000043297891100000111910000515.70  
20150514000001002180000000024064850900000111220000368.22  
20150514000001002180000000024064850900000111700010448.32  
20150514000001000550000000033144560900000111220000233.32  
20150514000001000550000000033144560900000111700004957.96  
20150514000001000210000000036231231100000111220001201.95  
20150514000001000210000000036231231100000111700009443.93  
20150514000001001210000000018643811100000111220000631.64  
20150514000001001210000000018643811100000111310000521.08  
20150514000001001210000000018643811100000111600001440.00  
20150514000001001210000000018643811100000111700002605.40  
20150514000001001210000000018643811100000111910000665.46  
20150514000001000450000000035116591200000111220000186.03  
20150514000001000450000000035116591200000111700010743.23  
20150514000001001220000000017642751100000111220000221.62  
20150514000001001220000000017642751100000111310000432.14  
20150514000001001220000000017642751100000111700002160.68  
20150514000001001220000000017642751100000111910000974.55  
20150514000001000290000000037708311100000111220000752.54  
20150514000001000290000000037708311100000111310001806.85  
20150514000001000290000000037708311100000111700009034.28  
20150514000001000560000000051699641000000111220000172.31  
20150514000001000560000000051699641000000111700008055.67  
20150514000001002110000000044147960900000111220000138.21  
20150514000001002110000000044147960900000111700015404.29  
20150514000001001160000000035049721100000111220001030.12  
20150514000001001160000000035049721100000111310000741.59  
20150514000001001160000000035049721100000111700003707.94  
20150514000001001160000000035049721100000111910000278.09  
20150514000001000650000000044144611100000111220000407.68  
20150514000001000650000000044144611100000111310001549.23  
20150514000001000650000000044144611100000111700007746.18  
20150514000001000570000000030128040900000111220000136.19  
20150514000001000570000000030128040900000111700006366.85  
20150514000001001170000000037549901100000111220000770.65  
20150514000001001170000000037549901100000111310000554.80  
20150514000001001170000000037549901100000111700002773.98  
20150514000001001170000000037549901100000111910000487.18  
20150514000001000080000000028681720900000111220000547.44  
20150514000001000080000000028681720900000111700011249.35  
20150514000001000740000000052918901100000111220000102.79  
20150514000001000740000000052918901100000111310000746.24  
20150514000001000740000000052918901100000111700003731.19  
20150514000001002000000000037570880900000111220000386.13  
20150514000001002000000000037570880900000111700006194.09  
20150514000001000750000000040131221000000111220000175.94  
20150514000001000750000000040131221000000111700006386.72  
20150514000001000910000000040761511100000111220000091.44  
20150514000001000910000000040761511100000111700002715.53  
20150514000001001230000000034170501100000111220000343.57  
20150514000001001230000000034170501100000111310000669.93  
20150514000001001230000000034170501100000111700003349.65  
20150514000001001230000000034170501100000111910000978.38  
20150514000001000470000000035904831000000111220000284.22  
20150514000001000470000000035904831000000111700007460.74  
20150514000001000580000000044506571000000111220000157.56  
20150514000001000580000000044506571000000111600001440.00  
20150514000001000580000000044506571000000111700007365.93  
20150514000001001380000000036936201000000111220000531.13  
20150514000001001380000000036936201000000111310000535.50  
20150514000001001380000000036936201000000111700002677.50  
20150514000001001010000000013705021100000111220000643.42  
20150514000001001010000000013705021100000111310000509.99  
20150514000001001010000000013705021100000111700002549.95  
20150514000001001010000000013705021100000111910000144.50  
20150514000001000180000000030045571200000111220000928.53  
20150514000001000180000000030045571200000111700012276.21  
20150514000001001020000000026926041100000111220000288.69  
20150514000001001020000000026926041100000111310000299.23  
20150514000001001020000000026926041100000111700001496.17  
20150514000001001020000000026926041100000111910000059.85  
20150514000001000920000000029143441100000111220001294.24  
20150514000001000920000000029143441100000111310000915.18  
20150514000001000920000000029143441100000111700004575.92  
20150514000001000920000000029143441100000111910000537.68  
20150514000001002130000000052135240900000111220000085.72  
20150514000001002130000000052135240900000111700006340.99  
20150514000001001030000000009599340900000111220001537.44  
20150514000001001030000000009599340900000111700004143.26  
20150514000001001240000000037862621100000111220000392.20  
20150514000001001240000000037862621100000111310000467.36  
20150514000001001240000000037862621100000111700002336.78  
20150514000001001240000000037862621100000111910000058.42  
20150514000001000090000000028683471000000111220000320.18  
20150514000001000090000000028683471000000111700010766.40  
20150514000001000100000000031374600900000111220000662.80  
20150514000001000100000000031374600900000111700007210.53  
20150514000001000810000000064080310900000111220000186.32  
20150514000001000810000000064080310900000111700006251.23  
20150514000001000810000000064080310900000111910000625.12  
20150514000001000760000000064666681100000111220000175.70  
20150514000001000760000000064666681100000111310001275.65  
20150514000001000760000000064666681100000111700006378.25  
20150514000001000110000000030253460900000111700013061.81  
20150514000001000300000000037697441200000111220000168.92  
20150514000001000300000000037697441200000111700010544.94  
20150514000001000930000000030781101100000111220000807.12  
20150514000001000930000000030781101100000111310000705.02  
20150514000001000930000000030781101100000111700003525.09  
20150514000001000930000000030781101100000111910000282.00  
20150514000001001250000000088545261100000111220000095.27  
20150514000001001250000000088545261100000111310000408.67  
20150514000001001250000000088545261100000111700002043.36  
20150514000001001250000000088545261100000111910000345.67  
20150514000001000590000000009363050900000111220000692.91  
20150514000001000590000000009363050900000111700004763.76  
20150514000001001260000000051518861100000111220000165.14  
20150514000001001260000000051518861100000111310000322.02  
20150514000001001260000000051518861100000111700001610.08  
20150514000001001260000000051518861100000111910000080.51  
20150514000001000820000000028997750900000111220000128.31  
20150514000001000820000000028997750900000111700004304.75  
20150514000001000310000000036220651200000111220000692.07  
20150514000001000310000000036220651200000111700006353.40  
20150514000001000660000000051617001100000111220000175.90  
20150514000001000660000000051617001100000111310001470.55  
20150514000001000660000000051617001100000111700007352.73  
20150514000001001270000000045380110900000111220000094.31  
20150514000001001270000000045380110900000111700002022.92  
20150514000001000830000000019306230900000111220000168.21  
20150514000001000830000000019306230900000111700005643.71  
20150514000001000950000000064310240900000111220000144.06  
20150514000001000950000000064310240900000111700004278.56  
20150514000001001040000000017606861100000111220000689.71  
20150514000001001040000000017606861100000111310000714.89  
20150514000001001040000000017606861100000111700003574.44  
20150514000001001180000000034820631100000111220001118.27  
20150514000001001180000000034820631100000111310000805.05  
20150514000001001180000000034820631100000111700004025.25  
20150514000001001180000000034820631100000111910000858.72  
20150514000001000670000000045398890900000111220000103.63  
20150514000001000670000000045398890900000111700004331.84  
20150514000001001190000000048000591100000111220000225.92  
20150514000001001190000000048000591100000111310000502.71  
20150514000001001190000000048000591100000111700002513.53  
20150514000001001190000000048000591100000111910000050.27  
20150514000001000960000000030993041100000111220000168.09  
20150514000001000960000000030993041100000111310000998.43  
20150514000001000960000000030993041100000111700004992.13  
20150514000001001200000000042929851100000111220000149.42  
20150514000001001200000000042929851100000111310000731.45  
20150514000001001200000000042929851100000111700003657.24  
20150514000001001200000000042929851100000111910000771.82  
20150514000001001050000000008031310900000111220001614.79  
20150514000001001050000000008031310900000111700004351.70  
20150514000001002090000000049012270900000111220000187.54  
20150514000001002090000000049012270900000111700020903.15  
20150514000001000680000000048841640900000111220000157.14  
20150514000001000680000000048841640900000111700006568.73  
20150514000001000840000000028792790900000111220001158.76  
20150514000001000840000000028792790900000111700005717.26  
20150514000001000850000000064730211000000111220000105.79  
20150514000001000850000000064730211000000111700003549.42  
20150514000001001390000000048977811100000111220000162.50  
20150514000001001390000000048977811100000111310000589.83  
20150514000001001390000000048977811100000111700002949.15  
20150514000001001390000000048977811100000111910000481.70  
20150514000001000320000000037688620900000111220000374.12  
20150514000001000320000000037688620900000111700010615.80  
20150514000001001060000000020457010900000111220001550.55  
20150514000001001060000000020457010900000111700004178.58  
20150514000001001460000000037345451000000111220000171.46  
20150514000001001460000000037345451000000111700012684.01  
20150514000001000340000000052702481200000111220000178.37  
20150514000001000340000000052702481200000111700011134.76  
20150514000001000770000000006851340900000111220000185.70  
20150514000001000770000000006851340900000111700006741.04  
20150514000001001400000000048869720900000111220000042.60  
20150514000001001400000000048869720900000111600001440.00  
20150514000001001400000000048869720900000111700000773.19  
20150514000001000350000000044334130900000111220000176.36  
20150514000001000350000000044334130900000111700011009.23  
20150514000001001070000000038318380900000111220000451.35  
20150514000001001070000000038318380900000111700002339.10  
20150514000001002050000000018938121100000111700030730.51  
20150514000001001080000000008552790900000111220000989.48  
20150514000001001080000000008552790900000111700002666.57  
20150514000001000690000000034593161200000111220000175.56  
20150514000001000690000000034593161200000111700007338.40  
20150514000001001280000000060963391100000111220000159.92  
20150514000001001280000000060963391100000111310000686.02  
20150514000001001280000000060963391100000111700003430.09  
20150514000001001280000000060963391100000111910000942.57  
20150514000001000700000000037290380900000111220000552.48  
20150514000001000700000000037290380900000111700003396.18  
20150514000001000710000000037205221100000111220000906.92  
20150514000001000710000000037205221100000111310001115.00  
20150514000001000710000000037205221100000111700005574.99  
20150514000001000360000000028904761200000111700011724.04  
20150514000001000370000000044187971200000111220000175.94  
20150514000001000370000000044187971200000111700010983.35  
20150514000001001290000000051794601100000111220000119.69  
20150514000001001290000000051794601100000111310000233.39  
20150514000001001290000000051794601100000111600001440.00  
20150514000001001290000000051794601100000111700001166.93  
20150514000001001290000000051794601100000111910000530.95  
20150514000001001300000000044107891100000111220000578.73  
20150514000001001300000000044107891100000111310000477.43  
20150514000001001300000000044107891100000111700002387.16  
20150514000001001300000000044107891100000111910000740.52  
20150514000001000480000000036173220900000111220000093.52  
20150514000001000480000000036173220900000111700005400.81  
20150514000001002060000000030255050900000111220000548.94  
20150514000001002060000000030255050900000111700027192.96  
20150514000001001090000000037827311100000111220001387.68  
20150514000001001090000000037827311100000111310000890.40  
20150514000001001090000000037827311100000111700004451.99  
20150514000001001090000000037827311100000111910001283.65  
20150514000001000780000000052419840900000111220000148.35  
20150514000001000780000000052419840900000111700005385.28  
20150514000001000780000000052419840900000111910000538.53  
20150514000001002010000000029910070900000111700011209.84  
20150514000001002030000000010690890900000111700030438.68  
20150514000001000130000000031378190900000111220001131.14  
20150514000001000130000000031378190900000111700012305.63  
20150514000001000790000000052259660900000111220000088.86  
20150514000001000790000000052259660900000111700003225.56  
20150514000001000860000000044618940900000111220000214.40  
20150514000001000860000000044618940900000111700003269.61  
20150514000001001410000000048709620900000111220000069.04  
20150514000001001410000000048709620900000111600001440.00  
20150514000001001410000000048709620900000111700001253.00  
20150514000001000870000000051932150900000111220000135.07  
20150514000001000870000000051932150900000111700004531.65  
20150514000001000190000000005681381200000111220001544.00  
20150514000001000190000000005681381200000111700010615.00  
20150514000001000600000000044208960900000111220000158.16  
20150514000001000600000000044208960900000111600001440.00  
20150514000001000600000000044208960900000111700007393.93  
20150514000001000610000000035181171000000111220000284.17  
20150514000001000610000000035181171000000111700006038.63  
20150514000001001420000000030640161000000111220000637.91  
20150514000001001420000000030640161000000111310000445.26  
20150514000001001420000000030640161000000111700002226.33  
20150514000001000970000000045021820900000111220000173.12  
20150514000001000970000000045021820900000111700005141.42  
20150514000001002220000000028625750900000111700008406.03  
20150514000001000980000000040225151100000111220000180.88  
20150514000001000980000000040225151100000111310000488.36  
20150514000001000980000000040225151100000111600001440.00  
20150514000001000980000000040225151100000111700002441.82  
20150514000001001320000000044154021100000111220000231.27  
20150514000001001320000000044154021100000111310000450.96  
20150514000001001320000000044154021100000111700002254.78  
20150514000001001320000000044154021100000111910000368.28  
20150514000001002210000000029008541000000111700003429.95  
20150514000001001330000000042002231100000111220000095.15  
20150514000001001330000000042002231100000111310000408.19  
20150514000001001330000000042002231100000111700002040.96  
20150514000001001330000000042002231100000111910000571.05  
20150514000001002070000000051989401000000111220000146.34  
20150514000001002070000000051989401000000111700016310.91  
20150514000001000990000000056485771100000111220000150.41  
20150514000001000990000000056485771100000111310000893.40  
20150514000001000990000000056485771100000111700004467.00  
20150514000001000380000000044249660900000111220000134.48  
20150514000001000380000000044249660900000111700008394.97  
20150514000001001340000000036055810900000111220000107.46  
20150514000001001340000000036055810900000111700002304.81  
20150514000001001430000000037530270900000111220000447.13  
20150514000001001430000000037530270900000111700002254.03  
20150514000001002100000000036212690900000111220000848.34  
20150514000001002100000000036212690900000111700013905.13  
20150514000001000150000000035888920900000111700013469.49  
20150514000001001350000000059031341100000111220000213.68  
20150514000001001350000000059031341100000111310000416.65  
20150514000001001350000000059031341100000111600001440.00  
20150514000001001350000000059031341100000111700002083.27  
20150514000001001350000000059031341100000111910000421.87  
20150514000001000620000000044678691200000111220000172.72  
20150514000001000620000000044678691200000111700008074.83  
20150514000001002120000000044119031000000111700019552.52  
20150514000001000880000000037423650900000111220000384.57  
20150514000001000880000000037423650900000111700005864.88  
20150514000001001100000000037206271100000111220000710.09  
20150514000001001100000000037206271100000111310000455.62  
20150514000001001100000000037206271100000111700002278.12  
20150514000001001100000000037206271100000111910000353.12  
20150514000001000400000000035564380900000111220000330.65  
20150514000001000400000000035564380900000111700009382.23  
20150514000001000400000000035564380900000111910000938.22  
20150514000001001110000000028941011100000111220000717.08  
20150514000001001110000000028941011100000111700002841.86  
20150514000001000410000000028750931100000111220000178.36  
20150514000001000410000000028750931100000111700011134.17  
20150514000001002020000000009530210900000111220000151.81  
20150514000001002020000000009530210900000111700027824.03  
20150514000001001120000000017140321100000111220001619.91  
20150514000001001120000000017140321100000111700004365.50  
20150514000001001120000000017140321100000111910000945.86  
20150514000001002170000000037787980900000111220000642.38  
20150514000001002170000000037787980900000111700006234.82  
20150514000001000800000000037686630900000111220000160.99  
20150514000001000800000000037686630900000111700005844.17  
20150514000001000200000000042889520900000111220000188.25  
20150514000001000200000000042889520900000111700012942.20  
20150514000001001360000000047023491100000111220000237.87  
20150514000001001360000000047023491100000111310000463.83  
20150514000001001360000000047023491100000111700002319.17  
20150514000001001360000000047023491100000111910001026.73  
20150514000001002040000000030176310900000111220000181.20  
20150514000001002040000000030176310900000111700032313.69  
20150514000001000250000000031317101100000111220000806.81  
20150514000001000250000000031317101100000111700006339.24  
20150514000001001130000000059166500900000111220000123.81  
20150514000001001130000000059166500900000111600001440.00  
20150514000001001130000000059166500900000111700003336.59  
20150514000001001370000000025513140900000111220000843.41  
20150514000001001370000000025513140900000111700002660.34  
20150514000001000730000000037295801200000111220000142.57  
20150514000001000730000000037295801200000111700005959.68  
20150514000001001440000000079628621100000111220000158.56  
20150514000001001440000000079628621100000111310000575.50  
20150514000001001440000000079628621100000111700002877.51  
20150514000001000260000000013206270900000111220000171.72  
20150514000001000260000000013206270900000111700011333.22  
20150514000001000270000000013847920900000111220000168.52  
20150514000001000270000000013847920900000111700011122.44  
20150514000001000430000000021398970900000111220000822.82  
20150514000001000430000000021398970900000111700006114.92  
20150514000001000160000000037321240900000111220000901.82  
20150514000001000160000000037321240900000111700012829.60  
20150514000001001000000000073493141000000111220001912.75  
20150514000001001000000000073493141000000111700005680.69  
20150514000001001450000000024542320900000111220000165.81  
20150514000001001450000000024542320900000111700003009.11  
20150514000001001450000000024542320900000111910000451.37  
20150514000001002080000000007788821200000111220001350.05  
20150514000001002080000000007788821200000111700015047.44  
20150514000001000630000000059353090900000111220000188.27  
20150514000001000630000000059353090900000111700008801.72  
20150514000001001140000000009602780900000111220000711.72  
20150514000001001140000000009602780900000111700003688.48  
20150514000001000640000000044674200900000111220000489.75  
20150514000001000640000000044674200900000111700004403.06  
