20150514000001000000000000000301010000009596005876.2200000000
20150514000001000000000000000901010000009597002986.7700000000
20150514000001000000000855279301010000009609000550.0000000000
20150514000001000000005179460301010000009605000350.0000000000
20150514000001000000160130029301010000009603007200.0000000000
20150514000001000000168206024901010000009604005760.0000000000
20150514000001000001006803028301010000009598205816.5600000000
20150514000001000001006803028301010000009708002468.3800000000
20150514000001000001022913028301010000009602229560.6700000000
20150514000001000001023013022301010000009595167099.1200000000
20150514000001000001028339025301010000009600116917.6700000000
20150514000001000001028339025301010000009709005947.8900000000
20150514000001000001028415020301010000000000074430.0000000000
20150514000001000001028415020301010000000000112749.8600000000
