20150514000002000530000000044701020900000111220000216.00  
20150514000002000530000000044701020900000111700007351.74  
20150514000002000890000000045263860900000111220000216.00  
20150514000002000890000000045263860900000111700002717.54  
20150514000002000540000000030812510900000111220001468.80  
20150514000002000540000000030812510900000111700005780.58  
20150514000002000900000000045103950900000111220000216.00  
20150514000002000900000000045103950900000111700003053.69  
20150514000002000440000000009521341000000111220001814.40  
20150514000002000440000000009521341000000111700009423.60  
20150514000002000280000000030994141100000111220000475.20  
20150514000002000280000000030994141100000111310002696.80  
20150514000002000280000000030994141100000111700007172.96  
20150514000002002190000000008109860900000111220001123.20  
20150514000002002190000000008109860900000111700010760.92  
20150514000002001150000000043297891100000111220001123.20  
20150514000002001150000000043297891100000111310001057.40  
20150514000002001150000000043297891100000111700001667.79  
20150514000002001150000000043297891100000111910001598.22  
20150514000002002180000000024064850900000111220000475.20  
20150514000002002180000000024064850900000111700010333.61  
20150514000002000550000000033144560900000111220000475.20  
20150514000002000550000000033144560900000111700004866.69  
20150514000002000210000000036231231100000111220001814.40  
20150514000002000210000000036231231100000111700008669.68  
20150514000002001210000000018643811100000111220001123.20  
20150514000002001210000000018643811100000111310000926.60  
20150514000002001210000000018643811100000111600002880.00  
20150514000002001210000000018643811100000111700001009.38  
20150514000002001210000000018643811100000111910000797.26  
20150514000002000450000000035116591200000111220000216.00  
20150514000002000450000000035116591200000111700010711.56  
20150514000002001220000000017642751100000111220000475.20  
20150514000002001220000000017642751100000111310000926.60  
20150514000002001220000000017642751100000111700000430.98  
20150514000002001220000000017642751100000111910001414.03  
20150514000002000290000000037708311100000111220001123.20  
20150514000002000290000000037708311100000111310002696.80  
20150514000002000290000000037708311100000111700007762.46  
20150514000002000560000000051699641000000111220000216.00  
20150514000002000560000000051699641000000111700008240.83  
20150514000002002110000000044147960900000111220000216.00  
20150514000002002110000000044147960900000111700015094.46  
20150514000002001160000000035049721100000111220001468.80  
20150514000002001160000000035049721100000111310001057.40  
20150514000002001160000000035049721100000111700002910.96  
20150514000002000650000000044144611100000111220000475.20  
20150514000002000650000000044144611100000111310001805.80  
20150514000002000650000000044144611100000111700007431.38  
20150514000002000570000000030128040900000111220000216.00  
20150514000002000570000000030128040900000111700006247.05  
20150514000002001170000000037549901100000111220001468.80  
20150514000002001170000000037549901100000111310001057.40  
20150514000002001170000000037549901100000111700001024.51  
20150514000002001170000000037549901100000111910001724.89  
20150514000002000080000000028681720900000111220000777.60  
20150514000002000080000000028681720900000111700010790.67  
20150514000002000740000000052918901100000111220000216.00  
20150514000002000740000000052918901100000111310001568.20  
20150514000002000740000000052918901100000111700005868.57  
20150514000002002000000000037570880900000111220000777.60  
20150514000002002000000000037570880900000111700005848.82  
20150514000002000750000000040131221000000111220000216.00  
20150514000002000750000000040131221000000111700006346.66  
20150514000002000910000000040761511100000111220000216.00  
20150514000002000910000000040761511100000111700002518.63  
20150514000002001230000000034170501100000111220000475.20  
20150514000002001230000000034170501100000111310000926.60  
20150514000002001230000000034170501100000111700002580.01  
20150514000002001230000000034170501100000111910001260.56  
20150514000002000470000000035904831000000111220000475.20  
20150514000002000470000000035904831000000111700007293.71  
20150514000002000580000000044506571000000111220000216.00  
20150514000002000580000000044506571000000111600001440.00  
20150514000002000580000000044506571000000111700007304.69  
20150514000002001380000000036936201000000111220000777.60  
20150514000002001380000000036936201000000111310000784.00  
20150514000002001380000000036936201000000111700002195.22  
20150514000002001010000000013705021100000111220001468.80  
20150514000002001010000000013705021100000111310001164.20  
20150514000002001010000000013705021100000111700000750.06  
20150514000002001010000000013705021100000111910000691.25  
20150514000002000180000000030045571200000111220001123.20  
20150514000002000180000000030045571200000111700012081.54  
20150514000002001020000000026926041100000111220001123.20  
20150514000002001020000000026926041100000111310001164.20  
20150514000002001020000000026926041100000111700000212.18  
20150514000002001020000000026926041100000111910000494.79  
20150514000002000920000000029143441100000111220001814.40  
20150514000002000920000000029143441100000111310001283.00  
20150514000002000920000000029143441100000111700003515.63  
20150514000002000920000000029143441100000111910000449.05  
20150514000002002130000000052135240900000111220000216.00  
20150514000002002130000000052135240900000111700006307.52  
20150514000002001030000000009599340900000111220002160.00  
20150514000002001030000000009599340900000111700003522.60  
20150514000002001240000000037862621100000111220000777.60  
20150514000002001240000000037862621100000111310000926.60  
20150514000002001240000000037862621100000111700001430.28  
20150514000002001240000000037862621100000111910000162.16  
20150514000002000090000000028683471000000111220000475.20  
20150514000002000090000000028683471000000111700010718.21  
20150514000002000100000000031374600900000111220001468.80  
20150514000002000100000000031374600900000111700006140.36  
20150514000002000810000000064080310900000111220000216.00  
20150514000002000810000000064080310900000111700006123.38  
20150514000002000810000000064080310900000111910000652.23  
20150514000002000760000000064666681100000111220000216.00  
20150514000002000760000000064666681100000111310001568.20  
20150514000002000760000000064666681100000111700006045.40  
20150514000002000110000000030253460900000111700013061.91  
20150514000002000300000000037697441200000111220000216.00  
20150514000002000300000000037697441200000111700010339.47  
20150514000002000930000000030781101100000111220001468.80  
20150514000002000930000000030781101100000111310001283.00  
20150514000002000930000000030781101100000111700001997.38  
20150514000002000930000000030781101100000111910000994.33  
20150514000002001250000000088545261100000111220000216.00  
20150514000002001250000000088545261100000111310000926.60  
20150514000002001250000000088545261100000111700001617.06  
20150514000002001250000000088545261100000111910001276.98  
20150514000002000590000000009363050900000111220001468.80  
20150514000002000590000000009363050900000111700004046.85  
20150514000002001260000000051518861100000111220000475.20  
20150514000002001260000000051518861100000111310000926.60  
20150514000002001260000000051518861100000111700000563.71  
20150514000002001260000000051518861100000111910000254.82  
20150514000002000820000000028997750900000111220000216.00  
20150514000002000820000000028997750900000111700004219.80  
20150514000002000310000000036220651200000111220001468.80  
20150514000002000310000000036220651200000111700005476.68  
20150514000002000660000000051617001100000111220000216.00  
20150514000002000660000000051617001100000111310001805.80  
20150514000002000660000000051617001100000111700006977.38  
20150514000002001270000000045380110900000111220000216.00  
20150514000002001270000000045380110900000111700001926.98  
20150514000002000830000000019306230900000111220000216.00  
20150514000002000830000000019306230900000111700005594.90  
20150514000002000950000000064310240900000111220000216.00  
20150514000002000950000000064310240900000111700004180.99  
20150514000002001040000000017606861100000111220001123.20  
20150514000002001040000000017606861100000111310001164.20  
20150514000002001040000000017606861100000111700002704.45  
20150514000002001180000000034820631100000111220001468.80  
20150514000002001180000000034820631100000111310001057.40  
20150514000002001180000000034820631100000111700003103.47  
20150514000002001180000000034820631100000111910001521.12  
20150514000002000670000000045398890900000111220000216.00  
20150514000002000670000000045398890900000111700004181.08  
20150514000002001190000000048000591100000111220000475.20  
20150514000002001190000000048000591100000111310001057.40  
20150514000002001190000000048000591100000111700002399.30  
20150514000002001190000000048000591100000111910000105.74  
20150514000002000960000000030993041100000111220000216.00  
20150514000002000960000000030993041100000111310001283.00  
20150514000002000960000000030993041100000111700004654.16  
20150514000002001200000000042929851100000111220000216.00  
20150514000002001200000000042929851100000111310001057.40  
20150514000002001200000000042929851100000111700003062.09  
20150514000002001200000000042929851100000111910000264.35  
20150514000002001050000000008031310900000111220002160.00  
20150514000002001050000000008031310900000111700003805.09  
20150514000002002090000000049012270900000111220000216.00  
20150514000002002090000000049012270900000111700020874.69  
20150514000002000680000000048841640900000111220000216.00  
20150514000002000680000000048841640900000111700006549.00  
20150514000002000840000000028792790900000111220001468.80  
20150514000002000840000000028792790900000111700005398.82  
20150514000002000850000000064730211000000111220000216.00  
20150514000002000850000000064730211000000111700003481.32  
20150514000002001390000000048977811100000111220000216.00  
20150514000002001390000000048977811100000111310000784.00  
20150514000002001390000000048977811100000111700002469.53  
20150514000002001390000000048977811100000111910001131.90  
20150514000002000320000000037688620900000111220000475.20  
20150514000002000320000000037688620900000111700010517.43  
20150514000002001060000000020457010900000111220002160.00  
20150514000002001060000000020457010900000111700003648.39  
20150514000002001460000000037345451000000111220000216.00  
20150514000002001460000000037345451000000111700012817.21  
20150514000002000340000000052702481200000111220000216.00  
20150514000002000340000000052702481200000111700010935.33  
20150514000002000770000000006851340900000111220000216.00  
20150514000002000770000000006851340900000111700006701.24  
20150514000002001400000000048869720900000111220000216.00  
20150514000002001400000000048869720900000111600001440.00  
20150514000002001400000000048869720900000111700000603.25  
20150514000002000350000000044334130900000111220000216.00  
20150514000002000350000000044334130900000111700010967.99  
20150514000002001070000000038318380900000111220001123.20  
20150514000002001070000000038318380900000111700001648.52  
20150514000002002050000000018938121100000111700030392.51  
20150514000002001080000000008552790900000111220002160.00  
20150514000002001080000000008552790900000111700001378.16  
20150514000002000690000000034593161200000111220000216.00  
20150514000002000690000000034593161200000111700007289.96  
20150514000002001280000000060963391100000111220000216.00  
20150514000002001280000000060963391100000111310000926.60  
20150514000002001280000000060963391100000111700002666.17  
20150514000002001280000000060963391100000111910002066.51  
20150514000002000700000000037290380900000111220001468.80  
20150514000002000700000000037290380900000111700002474.40  
20150514000002000710000000037205221100000111220001468.80  
20150514000002000710000000037205221100000111310001805.80  
20150514000002000710000000037205221100000111700004338.83  
20150514000002000360000000028904761200000111700011563.04  
20150514000002000370000000044187971200000111220000216.00  
20150514000002000370000000044187971200000111700010760.19  
20150514000002001290000000051794601100000111220000475.20  
20150514000002001290000000051794601100000111310000926.60  
20150514000002001290000000051794601100000111600001440.00  
201505140000020012900000000517946011000001117000-1294.62  
20150514000002001290000000051794601100000111910001394.73  
20150514000002001300000000044107891100000111220001123.20  
20150514000002001300000000044107891100000111310000926.60  
20150514000002001300000000044107891100000111700000632.89  
20150514000002001300000000044107891100000111910001393.76  
20150514000002000480000000036173220900000111220000216.00  
20150514000002000480000000036173220900000111700005404.32  
20150514000002002060000000030255050900000111220000777.60  
20150514000002002060000000030255050900000111700026478.80  
20150514000002001090000000037827311100000111220001814.40  
20150514000002001090000000037827311100000111310001164.20  
20150514000002001090000000037827311100000111700003326.24  
20150514000002001090000000037827311100000111910001853.02  
20150514000002000780000000052419840900000111220000216.00  
20150514000002000780000000052419840900000111700005222.20  
20150514000002000780000000052419840900000111910000744.90  
20150514000002002010000000029910070900000111700011289.88  
20150514000002002030000000010690890900000111700030263.65  
20150514000002000130000000031378190900000111220001468.80  
20150514000002000130000000031378190900000111700011817.85  
20150514000002000790000000052259660900000111220000216.00  
20150514000002000790000000052259660900000111700003167.69  
20150514000002000860000000044618940900000111220000475.20  
20150514000002000860000000044618940900000111700003014.16  
20150514000002001410000000048709620900000111220000216.00  
20150514000002001410000000048709620900000111700002552.03  
20150514000002000870000000051932150900000111220000216.00  
20150514000002000870000000051932150900000111700004398.22  
20150514000002000190000000005681381200000111220002160.00  
20150514000002000190000000005681381200000111700009977.80  
20150514000002000600000000044208960900000111220000216.00  
20150514000002000600000000044208960900000111600001440.00  
20150514000002000600000000044208960900000111700007333.99  
20150514000002000610000000035181171000000111220000475.20  
20150514000002000610000000035181171000000111700005847.45  
20150514000002001420000000030640161000000111220001123.20  
20150514000002001420000000030640161000000111310000784.00  
20150514000002001420000000030640161000000111700001437.58  
20150514000002000970000000045021820900000111220000216.00  
20150514000002000970000000045021820900000111700005072.51  
20150514000002002220000000028625750900000111700020904.31  
20150514000002000980000000040225151100000111220000475.20  
20150514000002000980000000040225151100000111310001283.00  
20150514000002000980000000040225151100000111600001440.00  
20150514000002000980000000040225151100000111700001359.95  
20150514000002001320000000044154021100000111220000475.20  
20150514000002001320000000044154021100000111310000926.60  
20150514000002001320000000044154021100000111700001164.45  
20150514000002001320000000044154021100000111910000824.29  
20150514000002002210000000029008541000000111700015244.17  
20150514000002001330000000042002231100000111220000216.00  
20150514000002001330000000042002231100000111310000926.60  
20150514000002001330000000042002231100000111700000810.43  
20150514000002001330000000042002231100000111910000637.04  
20150514000002002070000000051989401000000111220000216.00  
20150514000002002070000000051989401000000111700016246.89  
20150514000002000990000000056485771100000111220000216.00  
20150514000002000990000000056485771100000111310001283.00  
20150514000002000990000000056485771100000111700004003.08  
20150514000002000380000000044249660900000111220000216.00  
20150514000002000380000000044249660900000111700008373.52  
20150514000002001340000000036055810900000111220000216.00  
20150514000002001340000000036055810900000111700002223.76  
20150514000002001430000000037530270900000111220000777.60  
20150514000002001430000000037530270900000111700001942.70  
20150514000002002100000000036212690900000111220001468.80  
20150514000002002100000000036212690900000111700013819.34  
20150514000002000150000000035888920900000111700013630.76  
20150514000002001350000000059031341100000111220000475.20  
20150514000002001350000000059031341100000111310000926.60  
20150514000002001350000000059031341100000111600001440.00  
20150514000002001350000000059031341100000111700000826.93  
20150514000002001350000000059031341100000111910000695.92  
20150514000002000620000000044678691200000111220000216.00  
20150514000002000620000000044678691200000111700007952.60  
20150514000002002120000000044119031000000111700019554.33  
20150514000002000880000000037423650900000111220000475.20  
20150514000002000880000000037423650900000111700005753.65  
20150514000002001100000000037206271100000111220001814.40  
20150514000002001100000000037206271100000111310001164.20  
20150514000002001100000000037206271100000111700000-25.01  
20150514000002001100000000037206271100000111910000953.19  
20150514000002000400000000035564380900000111220000475.20  
20150514000002000400000000035564380900000111700008898.57  
20150514000002000400000000035564380900000111910001213.56  
20150514000002001110000000028941011100000111220001468.80  
20150514000002001110000000028941011100000111700002123.34  
20150514000002000410000000028750931100000111220000216.00  
20150514000002000410000000028750931100000111700011095.33  
20150514000002002020000000009530210900000111220000216.00  
20150514000002002020000000009530210900000111700027521.28  
20150514000002001120000000017140321100000111220002160.00  
20150514000002001120000000017140321100000111700003297.62  
20150514000002001120000000017140321100000111910000802.81  
20150514000002002170000000037787980900000111220001468.80  
20150514000002002170000000037787980900000111700005269.50  
20150514000002000800000000037686630900000111220000216.00  
20150514000002000800000000037686630900000111700005791.87  
20150514000002000200000000042889520900000111220000216.00  
20150514000002000200000000042889520900000111700012897.01  
20150514000002001360000000047023491100000111220000475.20  
20150514000002001360000000047023491100000111310000926.60  
20150514000002001360000000047023491100000111700000827.36  
20150514000002001360000000047023491100000111910000696.88  
20150514000002002040000000030176310900000111220000216.00  
20150514000002002040000000030176310900000111700032092.09  
20150514000002000250000000031317101100000111220001814.40  
20150514000002000250000000031317101100000111700005410.25  
20150514000002001130000000059166500900000111220000216.00  
20150514000002001130000000059166500900000111600001440.00  
20150514000002001130000000059166500900000111700003244.40  
20150514000002001370000000025513140900000111220001468.80  
20150514000002001370000000025513140900000111700002048.26  
20150514000002000730000000037295801200000111220000216.00  
20150514000002000730000000037295801200000111700005772.87  
20150514000002001440000000079628621100000111220000216.00  
20150514000002001440000000079628621100000111310000784.00  
20150514000002001440000000079628621100000111600002880.00  
20150514000002001440000000079628621100000111700001156.46  
20150514000002000260000000013206270900000111220000216.00  
20150514000002000260000000013206270900000111700010951.37  
20150514000002000270000000013847920900000111220000216.00  
20150514000002000270000000013847920900000111700010627.74  
20150514000002000430000000021398970900000111220001814.40  
20150514000002000430000000021398970900000111700005150.00  
20150514000002000160000000037321240900000111220001123.20  
20150514000002000160000000037321240900000111700012706.00  
20150514000002001000000000073493141000000111220002160.00  
20150514000002001000000000073493141000000111700005433.04  
20150514000002001450000000024542320900000111220000216.00  
20150514000002001450000000024542320900000111700002823.27  
20150514000002001450000000024542320900000111910000588.00  
20150514000002002080000000007788821200000111220002160.00  
20150514000002002080000000007788821200000111700014614.09  
20150514000002000630000000059353090900000111220000216.00  
20150514000002000630000000059353090900000111700008733.11  
20150514000002001140000000009602780900000111220001123.20  
20150514000002001140000000009602780900000111700003322.39  
20150514000002000640000000044674200900000111220001123.20  
20150514000002000640000000044674200900000111700003799.38  
