20150514000002000000000000000301010000009732005876.2200000000
20150514000002000000000000000301010000009734011797.2000000000
20150514000002000000000000000301010000009734054786.7600000000
20150514000002000000000000000301010000009734155521.7500000000
20150514000002000000000000000301010000009740208435.4000000000
20150514000002000000000000000301010000009741002579.1300000000
20150514000002000000000000000301010000009742119584.2400000000
20150514000002000000000000000301010000009743006057.2900000000
20150514000002000000000000000901010000009733002986.7700000000
20150514000002000000000855279301010000009739000550.0000000000
20150514000002000000005179460301010000009738000350.0000000000
20150514000002000000160130029301010000009736005760.0000000000
20150514000002000000168206024901010000009737007200.0000000000
20150514000002000001023013022301010000009731002110.0700000000
20150514000002000001023013022301010000009731002116.7800000000
20150514000002000001023013022301010000009731033088.2500000000
20150514000002000001023013022301010000009731132505.6500000000
20150514000002000001028415020301010000000000015696.0900000000
20150514000002000001028415020301010000000000016630.0700000000
20150514000002000001028415020301010000000000074430.0000000000
20150514000002000001028415020301010000000000209408.6300000000
20150514000002000001028415020301010000000000914351.0400000000
