20150514000003000000000000000301010000009930005716.4300000000
20150514000003000000000000000901010000009931003189.0300000000
20150514000003000000000855279301010000009941000550.0000000000
20150514000003000000005179460301010000009940000350.0000000000
20150514000003000000160130029301010000009938007200.0000000000
20150514000003000000168206024901010000009939007200.0000000000
20150514000003000001006803028301010000009933209259.2000000000
20150514000003000001006803028301010000009934002579.1300000000
20150514000003000001022913028301010000009937218114.7700000000
20150514000003000001023013022301010000009929168517.2900000000
20150514000003000001028339025301010000009935116229.0800000000
20150514000003000001028339025301010000009936006021.0700000000
20150514000003000001028415020301010000000000072830.0000000000
20150514000003000001028415020301010000000000115227.3100000000
