20150514000003000530000000044701020900000111220000151.70  
20150514000003000530000000044701020900000111600001440.00  
20150514000003000530000000044701020900000111700007092.13  
20150514000003000890000000045263860900000111220000094.51  
20150514000003000890000000045263860900000111700002806.99  
20150514000003000540000000030812510900000111220000915.93  
20150514000003000540000000030812510900000111700006297.03  
20150514000003000900000000045103950900000111220000104.65  
20150514000003000900000000045103950900000111700003108.11  
20150514000003000440000000009521341000000111220001427.17  
20150514000003000440000000009521341000000111700009811.80  
20150514000003000280000000030994141100000111220000295.27  
20150514000003000280000000030994141100000111310001675.67  
20150514000003000280000000030994141100000111700008378.32  
20150514000003002190000000008109860900000111220000913.90  
20150514000003002190000000008109860900000111700010971.42  
20150514000003001150000000043297891100000111220000670.64  
20150514000003001150000000043297891100000111310000631.35  
20150514000003001150000000043297891100000111700003156.76  
20150514000003001150000000043297891100000111910000937.17  
20150514000003002180000000024064850900000111220000378.23  
20150514000003002180000000024064850900000111700010732.47  
20150514000003000550000000033144560900000111220000249.02  
20150514000003000550000000033144560900000111700005291.65  
20150514000003000210000000036231231100000111220001183.93  
20150514000003000210000000036231231100000111700009302.35  
20150514000003001210000000018643811100000111220000550.51  
20150514000003001210000000018643811100000111310000454.15  
20150514000003001210000000018643811100000111600001440.00  
20150514000003001210000000018643811100000111700002270.76  
20150514000003000450000000035116591200000111220000186.00  
20150514000003000450000000035116591200000111700010741.26  
20150514000003001220000000017642751100000111220000226.94  
20150514000003001220000000017642751100000111310000442.52  
20150514000003001220000000017642751100000111700002212.58  
20150514000003001220000000017642751100000111910000689.58  
20150514000003000290000000037708311100000111220000739.87  
20150514000003000290000000037708311100000111310001776.42  
20150514000003000290000000037708311100000111700008882.10  
20150514000003000560000000051699641000000111220000174.51  
20150514000003000560000000051699641000000111700008158.39  
20150514000003002110000000044147960900000111220000141.07  
20150514000003002110000000044147960900000111700015723.61  
20150514000003001160000000035049721100000111220001027.35  
20150514000003001160000000035049721100000111310000739.59  
20150514000003001160000000035049721100000111700003697.97  
20150514000003001160000000035049721100000111910000203.39  
20150514000003000650000000044144611100000111220000407.92  
20150514000003000650000000044144611100000111310001550.12  
20150514000003000650000000044144611100000111700007750.57  
20150514000003000570000000030128040900000111220000143.27  
20150514000003000570000000030128040900000111700006697.75  
20150514000003001170000000037549901100000111220000807.54  
20150514000003001170000000037549901100000111310000581.36  
20150514000003001170000000037549901100000111700002906.78  
20150514000003001170000000037549901100000111910000910.18  
20150514000003000740000000052918901100000111220000171.78  
20150514000003000740000000052918901100000111310001247.16  
20150514000003000740000000052918901100000111700006235.81  
20150514000003002000000000037570880900000111220000388.10  
20150514000003002000000000037570880900000111700006225.82  
20150514000003000750000000040131221000000111220000175.94  
20150514000003000750000000040131221000000111700006386.72  
20150514000003000910000000040761511100000111220000091.35  
20150514000003000910000000040761511100000111700002713.12  
20150514000003001230000000034170501100000111220000344.87  
20150514000003001230000000034170501100000111310000672.47  
20150514000003001230000000034170501100000111700003362.34  
20150514000003001230000000034170501100000111910001139.69  
20150514000003000470000000035904831000000111220000295.34  
20150514000003000470000000035904831000000111700007752.79  
20150514000003000580000000044506571000000111220000152.54  
20150514000003000580000000044506571000000111600001440.00  
20150514000003000580000000044506571000000111700007131.29  
20150514000003001380000000036936201000000111220000532.93  
20150514000003001380000000036936201000000111310000537.32  
20150514000003001380000000036936201000000111700002686.57  
20150514000003001010000000013705021100000111220000723.44  
20150514000003001010000000013705021100000111310000573.41  
20150514000003001010000000013705021100000111700002867.05  
20150514000003001010000000013705021100000111910000830.85  
20150514000003000180000000030045571200000111220000928.53  
20150514000003000180000000030045571200000111700012276.21  
20150514000003001020000000026926041100000111220000390.49  
20150514000003001020000000026926041100000111310000404.74  
20150514000003001020000000026926041100000111700002023.70  
20150514000003001020000000026926041100000111910000175.38  
20150514000003000920000000029143441100000111220001289.99  
20150514000003000920000000029143441100000111310000912.18  
20150514000003000920000000029143441100000111700004560.89  
20150514000003000920000000029143441100000111910000357.27  
20150514000003002130000000052135240900000111220000090.13  
20150514000003002130000000052135240900000111700006667.80  
20150514000003001030000000009599340900000111220001540.85  
20150514000003001030000000009599340900000111700004152.45  
20150514000003001240000000037862621100000111220000431.29  
20150514000003001240000000037862621100000111310000513.93  
20150514000003001240000000037862621100000111700002569.65  
20150514000003001240000000037862621100000111910000115.64  
20150514000003000090000000028683471000000111220000323.19  
20150514000003000090000000028683471000000111700010867.46  
20150514000003000100000000031374600900000111220000648.34  
20150514000003000100000000031374600900000111700007053.27  
20150514000003000810000000064080310900000111220000186.22  
20150514000003000810000000064080310900000111700006247.86  
20150514000003000810000000064080310900000111910000656.03  
20150514000003000760000000064666681100000111220000174.99  
20150514000003000760000000064666681100000111310001270.45  
20150514000003000760000000064666681100000111700006352.22  
20150514000003000110000000030253460900000111700013062.21  
20150514000003000300000000037697441200000111220000166.34  
20150514000003000300000000037697441200000111700010383.77  
20150514000003000930000000030781101100000111220000808.06  
20150514000003000930000000030781101100000111310000705.84  
20150514000003000930000000030781101100000111700003529.20  
20150514000003000930000000030781101100000111910000282.34  
20150514000003001250000000088545261100000111220000124.99  
20150514000003001250000000088545261100000111310000536.17  
20150514000003001250000000088545261100000111700002680.87  
20150514000003001250000000088545261100000111910000822.70  
20150514000003000590000000009363050900000111220000696.47  
20150514000003000590000000009363050900000111700004788.23  
20150514000003001260000000051518861100000111220000179.15  
20150514000003001260000000051518861100000111310000349.33  
20150514000003001260000000051518861100000111700001746.64  
20150514000003001260000000051518861100000111910000227.07  
20150514000003000820000000028997750900000111220000125.15  
20150514000003000820000000028997750900000111700004199.00  
20150514000003000310000000036220651200000111220000708.26  
20150514000003000310000000036220651200000111700006501.99  
20150514000003000660000000051617001100000111220000175.90  
20150514000003000660000000051617001100000111310001470.55  
20150514000003000660000000051617001100000111700007352.73  
20150514000003001270000000045380110900000111220000108.75  
20150514000003001270000000045380110900000111700002332.62  
20150514000003000830000000019306230900000111220000168.25  
20150514000003000830000000019306230900000111700005644.97  
20150514000003000950000000064310240900000111220000152.76  
20150514000003000950000000064310240900000111700004536.80  
20150514000003001040000000017606861100000111220000660.86  
20150514000003001040000000017606861100000111310000684.98  
20150514000003001040000000017606861100000111700003424.91  
20150514000003001180000000034820631100000111220001118.58  
20150514000003001180000000034820631100000111310000805.27  
20150514000003001180000000034820631100000111700004026.37  
20150514000003001180000000034820631100000111910000874.06  
20150514000003000670000000045398890900000111220000103.27  
20150514000003000670000000045398890900000111700004316.81  
20150514000003001190000000048000591100000111220000274.93  
20150514000003001190000000048000591100000111310000611.77  
20150514000003001190000000048000591100000111700003058.83  
20150514000003001190000000048000591100000111910000030.58  
20150514000003000960000000030993041100000111220000168.13  
20150514000003000960000000030993041100000111310000998.67  
20150514000003000960000000030993041100000111700004993.37  
20150514000003001200000000042929851100000111220000147.98  
20150514000003001200000000042929851100000111310000724.42  
20150514000003001200000000042929851100000111700003622.11  
20150514000003001200000000042929851100000111910000543.32  
20150514000003001050000000008031310900000111220001620.42  
20150514000003001050000000008031310900000111700004366.87  
20150514000003002090000000049012270900000111220000187.54  
20150514000003002090000000049012270900000111700020903.15  
20150514000003000680000000048841640900000111220000156.64  
20150514000003000680000000048841640900000111700006547.65  
20150514000003000840000000028792790900000111220001161.54  
20150514000003000840000000028792790900000111700005730.98  
20150514000003000850000000064730211000000111220000114.80  
20150514000003000850000000064730211000000111700003851.76  
20150514000003001390000000048977811100000111220000174.45  
20150514000003001390000000048977811100000111310000633.20  
20150514000003001390000000048977811100000111700003165.98  
20150514000003001390000000048977811100000111910001180.64  
20150514000003000320000000037688620900000111220000374.21  
20150514000003000320000000037688620900000111700010618.38  
20150514000003001060000000020457010900000111220001531.04  
20150514000003001060000000020457010900000111700004126.01  
20150514000003001460000000037345451000000111220000175.03  
20150514000003001460000000037345451000000111700012948.16  
20150514000003000340000000052702481200000111220000174.90  
20150514000003000340000000052702481200000111700010918.45  
20150514000003000770000000006851340900000111220000185.54  
20150514000003000770000000006851340900000111700006735.20  
20150514000003001400000000048869720900000111220000050.06  
20150514000003001400000000048869720900000111600002880.00  
20150514000003001400000000048869720900000111700000908.43  
20150514000003002230000000044334130900000111220000176.30  
20150514000003002230000000044334130900000111700011005.83  
20150514000003001070000000038318380900000111220000449.49  
20150514000003001070000000038318380900000111700002329.50  
20150514000003002050000000018938121100000111700028669.61  
20150514000003001080000000008552790900000111220000993.33  
20150514000003001080000000008552790900000111700002676.92  
20150514000003000690000000034593161200000111220000175.57  
20150514000003000690000000034593161200000111700007338.99  
20150514000003001280000000060963391100000111220000169.39  
20150514000003001280000000060963391100000111310000726.65  
20150514000003001280000000060963391100000111700003633.26  
20150514000003001280000000060963391100000111910001271.65  
20150514000003000700000000037290380900000111220000590.72  
20150514000003000700000000037290380900000111700003631.28  
20150514000003000710000000037205221100000111220000907.49  
20150514000003000710000000037205221100000111310001115.70  
20150514000003000710000000037205221100000111700005578.53  
20150514000003000360000000028904761200000111700011563.24  
20150514000003000370000000044187971200000111220000173.44  
20150514000003000370000000044187971200000111700010826.85  
20150514000003001290000000051794601100000111220000090.53  
20150514000003001290000000051794601100000111310000176.53  
20150514000003001290000000051794601100000111600001440.00  
20150514000003001290000000051794601100000111700000882.67  
20150514000003001290000000051794601100000111910000164.96  
20150514000003001300000000044107891100000111220000570.16  
20150514000003001300000000044107891100000111310000470.36  
20150514000003001300000000044107891100000111700002351.81  
20150514000003001300000000044107891100000111910000611.96  
20150514000003000480000000036173220900000111220000101.24  
20150514000003000480000000036173220900000111700005846.35  
20150514000003002060000000030255050900000111220000554.75  
20150514000003002060000000030255050900000111700027480.77  
20150514000003001090000000037827311100000111220001384.26  
20150514000003001090000000037827311100000111310000888.21  
20150514000003001090000000037827311100000111700004441.03  
20150514000003001090000000037827311100000111910001166.69  
20150514000003000780000000052419840900000111220000152.71  
20150514000003000780000000052419840900000111700005543.64  
20150514000003000780000000052419840900000111910000582.09  
20150514000003002010000000029910070900000111700011250.01  
20150514000003002030000000010690890900000111700030730.51  
20150514000003000130000000031378190900000111220001159.74  
20150514000003000130000000031378190900000111700012616.76  
20150514000003000790000000052259660900000111220000089.57  
20150514000003000790000000052259660900000111700003251.59  
20150514000003000860000000044618940900000111220000201.05  
20150514000003000860000000044618940900000111700003066.04  
20150514000003001410000000048709620900000111220000144.67  
20150514000003001410000000048709620900000111700002625.57  
20150514000003000870000000051932150900000111220000132.92  
20150514000003000870000000051932150900000111700004459.76  
20150514000003000190000000005681381200000111220001541.30  
20150514000003000190000000005681381200000111700010596.40  
20150514000003000600000000044208960900000111220000157.28  
20150514000003000600000000044208960900000111600001440.00  
20150514000003000600000000044208960900000111700007352.93  
20150514000003000610000000035181171000000111220000284.62  
20150514000003000610000000035181171000000111700006048.12  
20150514000003001420000000030640161000000111220000632.36  
20150514000003001420000000030640161000000111310000441.39  
20150514000003001420000000030640161000000111700002206.98  
20150514000003000970000000045021820900000111220000174.87  
20150514000003000970000000045021820900000111700005193.53  
20150514000003002220000000028625750900000111700020904.31  
20150514000003000980000000040225151100000111220000180.82  
20150514000003000980000000040225151100000111310000488.19  
20150514000003000980000000040225151100000111600001440.00  
20150514000003000980000000040225151100000111700002440.96  
20150514000003001320000000044154021100000111220000234.83  
20150514000003001320000000044154021100000111310000457.90  
20150514000003001320000000044154021100000111700002289.52  
20150514000003001320000000044154021100000111910000440.75  
20150514000003002210000000029008541100000111700015518.84  
20150514000003001330000000042002231100000111220000101.75  
20150514000003001330000000042002231100000111310000436.50  
20150514000003001330000000042002231100000111700002182.49  
20150514000003001330000000042002231100000111910000502.88  
20150514000003002070000000051989401000000111220000146.41  
20150514000003002070000000051989401000000111700016318.92  
20150514000003000990000000056485771100000111220000150.21  
20150514000003000990000000056485771100000111310000892.22  
20150514000003000990000000056485771100000111700004461.13  
20150514000003000380000000044249660900000111220000134.86  
20150514000003000380000000044249660900000111700008418.77  
20150514000003001340000000036055810900000111220000108.01  
20150514000003001340000000036055810900000111700002316.80  
20150514000003001430000000037530270900000111220000448.62  
20150514000003001430000000037530270900000111700002261.58  
20150514000003002100000000036212690900000111220000874.97  
20150514000003002100000000036212690900000111700014341.55  
20150514000003000150000000035888920900000111700013770.32  
20150514000003001350000000059031341100000111220000217.45  
20150514000003001350000000059031341100000111310000424.00  
20150514000003001350000000059031341100000111600001440.00  
20150514000003001350000000059031341100000111700002120.00  
20150514000003001350000000059031341100000111910000682.37  
20150514000003000620000000044678691200000111220000173.31  
20150514000003000620000000044678691200000111700008102.14  
20150514000003002120000000044119031000000111700019554.46  
20150514000003000880000000037423650900000111220000384.65  
20150514000003000880000000037423650900000111700005866.00  
20150514000003001100000000037206271100000111220000806.04  
20150514000003001100000000037206271100000111310000517.19  
20150514000003001100000000037206271100000111700002585.95  
20150514000003001100000000037206271100000111910000968.66  
20150514000003000400000000035564380900000111220000332.46  
20150514000003000400000000035564380900000111700009433.66  
20150514000003000400000000035564380900000111910000943.36  
20150514000003001110000000028941011100000111220000719.31  
20150514000003001110000000028941011100000111700002850.71  
20150514000003000410000000028750931100000111220000178.36  
20150514000003000410000000028750931100000111700011134.37  
20150514000003002020000000009530210900000111220000144.25  
20150514000003002020000000009530210900000111700026439.71  
20150514000003001120000000017140321100000111220001579.43  
20150514000003001120000000017140321100000111700004540.19  
20150514000003001120000000017140321100000111910000587.04  
20150514000003002170000000037787980900000111220000647.70  
20150514000003002170000000037787980900000111700006286.55  
20150514000003000800000000037686630900000111220000161.06  
20150514000003000800000000037686630900000111700005846.77  
20150514000003000200000000042889520900000111220000188.17  
20150514000003000200000000042889520900000111700012936.72  
20150514000003001360000000047023491100000111220000236.12  
20150514000003001360000000047023491100000111310000460.41  
20150514000003001360000000047023491100000111700002302.05  
20150514000003001360000000047023491100000111910000527.08  
20150514000003002040000000030176310900000111220000181.20  
20150514000003002040000000030176310900000111700032313.69  
20150514000003000250000000031317101100000111220000809.95  
20150514000003000250000000031317101100000111700006363.87  
20150514000003001130000000059166500900000111220000123.81  
20150514000003001130000000059166500900000111600001440.00  
20150514000003001130000000059166500900000111700003336.59  
20150514000003001370000000025513140900000111220000841.33  
20150514000003001370000000025513140900000111700002653.78  
20150514000003000730000000037295801200000111220000139.31  
20150514000003000730000000037295801200000111700005823.20  
20150514000003001440000000079628621100000111220000094.81  
20150514000003001440000000079628621100000111310000344.12  
20150514000003001440000000079628621100000111600001440.00  
20150514000003001440000000079628621100000111700001720.59  
20150514000003000260000000013206270900000111220000175.45  
20150514000003000260000000013206270900000111700011579.37  
20150514000003000270000000013847920900000111220000166.20  
20150514000003000270000000013847920900000111700010968.98  
20150514000003000430000000021398970900000111220000824.35  
20150514000003000430000000021398970900000111700006126.27  
20150514000003000160000000037321240900000111220000908.52  
20150514000003000160000000037321240900000111700012924.88  
20150514000003001000000000073493141000000111220001907.21  
20150514000003001000000000073493141000000111700005664.23  
20150514000003001450000000024542320900000111220000164.28  
20150514000003001450000000024542320900000111700002981.43  
20150514000003001450000000024542320900000111910000402.49  
20150514000003002080000000007788821200000111220001376.40  
20150514000003002080000000007788821200000111700015341.18  
20150514000003000630000000059353090900000111220000188.31  
20150514000003000630000000059353090900000111700008803.48  
20150514000003001140000000009602780900000111220000708.47  
20150514000003001140000000009602780900000111700003671.64  
20150514000003000640000000044674200900000111220000520.12  
20150514000003000640000000044674200900000111700004676.12  
