20150514000004000000000000000301010000010096005716.4300000000
20150514000004000000000000000901010000010097003189.0300000000
20150514000004000000000855279301010000010108000550.0000000000
20150514000004000000004800059201010000010106000500.0000000000
20150514000004000000005179460301010000010107000350.0000000000
20150514000004000000160130029301010000010105005760.0000000000
20150514000004000000168206024901010000010104007200.0000000000
20150514000004000001006803028301010000010100209850.6300000000
20150514000004000001006803028301010000010101002604.0800000000
20150514000004000001022913028301010000010098213301.9600000000
20150514000004000001023013022301010000010095168806.3700000000
20150514000004000001028339025301010000010102116199.0700000000
20150514000004000001028339025301010000010103006021.0700000000
20150514000004000001028415020301010000000000072830.0000000000
20150514000004000001028415020301010000000000115473.1900000000
