20150514000004000530000000044701020900000111220000216.00  
20150514000004000530000000044701020900000111600001440.00  
20150514000004000530000000044701020900000111700006835.93  
20150514000004000890000000045263860900000111220000216.00  
20150514000004000890000000045263860900000111700002843.11  
20150514000004000540000000030812510900000111220001468.80  
20150514000004000540000000030812510900000111700005560.96  
20150514000004000900000000045103950900000111220000216.00  
20150514000004000900000000045103950900000111700003014.10  
20150514000004000440000000009521341000000111220001814.40  
20150514000004000440000000009521341000000111700009427.06  
20150514000004000280000000030994141100000111220000475.20  
20150514000004000280000000030994141100000111310002696.80  
20150514000004000280000000030994141100000111700007147.62  
20150514000004002190000000008109860900000111220001123.20  
20150514000004002190000000008109860900000111700010303.22  
20150514000004001150000000043297891100000111220001123.20  
20150514000004001150000000043297891100000111310001057.40  
20150514000004001150000000043297891100000111700001890.67  
20150514000004001150000000043297891100000111910000185.05  
20150514000004002180000000024064850900000111220000475.20  
20150514000004002180000000024064850900000111700010289.84  
20150514000004000550000000033144560900000111220000475.20  
20150514000004000550000000033144560900000111700005105.93  
20150514000004000210000000036231231100000111220001814.40  
20150514000004000210000000036231231100000111700008670.08  
20150514000004001210000000018643811100000111220001123.20  
20150514000004001210000000018643811100000111310000926.60  
20150514000004001210000000018643811100000111600001440.00  
20150514000004001210000000018643811100000111700001237.26  
20150514000004001210000000018643811100000111910001296.27  
20150514000004000450000000035116591200000111220000216.00  
20150514000004000450000000035116591200000111700010135.36  
20150514000004001220000000017642751100000111220000475.20  
20150514000004001220000000017642751100000111310000926.60  
20150514000004001220000000017642751100000111700000734.06  
20150514000004001220000000017642751100000111910001426.58  
20150514000004000290000000037708311100000111220001123.20  
20150514000004000290000000037708311100000111310002696.80  
20150514000004000290000000037708311100000111700007580.01  
20150514000004000560000000051699641000000111220000216.00  
20150514000004000560000000051699641000000111700008012.87  
20150514000004002110000000044147960900000111220000216.00  
20150514000004002110000000044147960900000111700015230.93  
20150514000004001160000000035049721100000111220001468.80  
20150514000004001160000000035049721100000111310001057.40  
20150514000004001160000000035049721100000111700002576.33  
20150514000004001160000000035049721100000111910001883.50  
20150514000004000650000000044144611100000111220000475.20  
20150514000004000650000000044144611100000111310001805.80  
20150514000004000650000000044144611100000111700007411.21  
20150514000004000570000000030128040900000111220000216.00  
20150514000004000570000000030128040900000111700006584.29  
20150514000004001170000000037549901100000111220001468.80  
20150514000004001170000000037549901100000111310001057.40  
20150514000004001170000000037549901100000111700001040.61  
20150514000004001170000000037549901100000111910001598.22  
20150514000004000740000000052918901100000111220000216.00  
20150514000004000740000000052918901100000111310001568.20  
20150514000004000740000000052918901100000111700005866.57  
20150514000004002000000000037570880900000111220000777.60  
20150514000004002000000000037570880900000111700005880.86  
20150514000004000750000000040131221000000111220000216.00  
20150514000004000750000000040131221000000111700006313.99  
20150514000004000910000000040761511100000111220000216.00  
20150514000004000910000000040761511100000111700002639.35  
20150514000004001230000000034170501100000111220000475.20  
20150514000004001230000000034170501100000111310000926.60  
20150514000004001230000000034170501100000111700002674.15  
20150514000004001230000000034170501100000111910000462.34  
20150514000004000470000000035904831000000111220000475.20  
20150514000004000470000000035904831000000111700007583.19  
20150514000004000580000000044506571000000111220000216.00  
20150514000004000580000000044506571000000111600001440.00  
20150514000004000580000000044506571000000111700006949.51  
20150514000004001380000000036936201000000111220000777.60  
20150514000004001380000000036936201000000111310000784.00  
20150514000004001380000000036936201000000111700002195.22  
20150514000004001010000000013705021100000111220001814.40  
20150514000004001010000000013705021100000111310001164.20  
20150514000004001010000000013705021100000111700000877.25  
20150514000004001010000000013705021100000111910000232.84  
20150514000004000180000000030045571200000111220001123.20  
20150514000004000180000000030045571200000111700012081.54  
20150514000004001020000000026926041100000111220001123.20  
20150514000004001020000000026926041100000111310001164.20  
20150514000004001020000000026926041100000111700000219.36  
20150514000004001020000000026926041100000111910000465.68  
20150514000004000920000000029143441100000111220001814.40  
20150514000004000920000000029143441100000111310001283.00  
20150514000004000920000000029143441100000111700003523.00  
20150514000004000920000000029143441100000111910000384.90  
20150514000004002130000000052135240900000111220000216.00  
20150514000004002130000000052135240900000111700006580.29  
20150514000004001030000000009599340900000111220002160.00  
20150514000004001030000000009599340900000111700003533.60  
20150514000004001240000000037862621100000111220000777.60  
20150514000004001240000000037862621100000111310000926.60  
20150514000004001240000000037862621100000111700001734.00  
20150514000004001240000000037862621100000111910000162.16  
20150514000004000090000000028683471000000111220000475.20  
20150514000004000090000000028683471000000111700011000.66  
20150514000004000100000000031374600900000111220001468.80  
20150514000004000100000000031374600900000111700006633.60  
20150514000004000810000000064080310900000111220000216.00  
20150514000004000810000000064080310900000111700006130.08  
20150514000004000810000000064080310900000111910000652.23  
20150514000004000760000000064666681100000111220000216.00  
20150514000004000760000000064666681100000111310001568.20  
20150514000004000760000000064666681100000111700006002.65  
20150514000004000110000000030253460900000111700012883.81  
20150514000004000300000000037697441200000111220000216.00  
20150514000004000300000000037697441200000111700010339.37  
20150514000004000930000000030781101100000111220001468.80  
20150514000004000930000000030781101100000111310001283.00  
20150514000004000930000000030781101100000111700001780.78  
20150514000004000930000000030781101100000111910002263.96  
20150514000004001250000000088545261100000111220000216.00  
20150514000004001250000000088545261100000111310000926.60  
20150514000004001250000000088545261100000111700001485.38  
20150514000004001250000000088545261100000111910001776.94  
20150514000004000590000000009363050900000111220001468.80  
20150514000004000590000000009363050900000111700004042.60  
20150514000004001260000000051518861100000111220000475.20  
20150514000004001260000000051518861100000111310000926.60  
20150514000004001260000000051518861100000111700001863.65  
20150514000004001260000000051518861100000111910001153.43  
20150514000004000820000000028997750900000111220000216.00  
20150514000004000820000000028997750900000111700003857.89  
20150514000004000310000000036220651200000111220001468.80  
20150514000004000310000000036220651200000111700005760.96  
20150514000004000660000000051617001100000111220000216.00  
20150514000004000660000000051617001100000111310001805.80  
20150514000004000660000000051617001100000111700006977.38  
20150514000004001270000000045380110900000111220000216.00  
20150514000004001270000000045380110900000111700002233.45  
20150514000004000830000000019306230900000111220000216.00  
20150514000004000830000000019306230900000111700005596.41  
20150514000004000950000000064310240900000111220000216.00  
20150514000004000950000000064310240900000111700004477.07  
20150514000004001040000000017606861100000111220001123.20  
20150514000004001040000000017606861100000111310001164.20  
20150514000004001040000000017606861100000111700002545.66  
20150514000004001180000000034820631100000111220001468.80  
20150514000004001180000000034820631100000111310001057.40  
20150514000004001180000000034820631100000111700003089.15  
20150514000004001180000000034820631100000111910001640.07  
20150514000004000670000000045398890900000111220000216.00  
20150514000004000670000000045398890900000111700004273.27  
20150514000004001190000000048000591100000111220000475.20  
20150514000004001190000000048000591100000111310001057.40  
20150514000004001190000000048000591100000111700001902.99  
20150514000004001190000000048000591100000111910000052.87  
20150514000004000960000000030993041100000111220000216.00  
20150514000004000960000000030993041100000111310001283.00  
20150514000004000960000000030993041100000111700004655.88  
20150514000004001200000000042929851100000111220000216.00  
20150514000004001200000000042929851100000111310001057.40  
20150514000004001200000000042929851100000111700003108.28  
20150514000004001050000000008031310900000111220002160.00  
20150514000004001050000000008031310900000111700003827.29  
20150514000004002090000000049012270900000111220000216.00  
20150514000004002090000000049012270900000111700020874.69  
20150514000004000680000000048841640900000111220000216.00  
20150514000004000680000000048841640900000111700006492.56  
20150514000004000840000000028792790900000111220001468.80  
20150514000004000840000000028792790900000111700005390.92  
20150514000004000850000000064730211000000111220000216.00  
20150514000004000850000000064730211000000111700003743.06  
20150514000004001390000000048977811100000111220000216.00  
20150514000004001390000000048977811100000111310000784.00  
20150514000004001390000000048977811100000111700002866.02  
20150514000004001390000000048977811100000111910000619.03  
20150514000004000320000000037688620900000111220000475.20  
20150514000004000320000000037688620900000111700010519.04  
20150514000004001060000000020457010900000111220002160.00  
20150514000004001060000000020457010900000111700003648.39  
20150514000004001460000000037345451000000111220000216.00  
20150514000004001460000000037345451000000111700012773.93  
20150514000004000340000000052702481200000111220000216.00  
20150514000004000340000000052702481200000111700010876.05  
20150514000004000770000000006851340900000111220000216.00  
20150514000004000770000000006851340900000111700006696.94  
20150514000004001400000000048869720900000111220000216.00  
20150514000004001400000000048869720900000111600001440.00  
20150514000004001400000000048869720900000111700000658.14  
20150514000004002240000000044334130900000111220000216.00  
20150514000004002240000000044334130900000111700013021.02  
20150514000004001070000000038318380900000111220001123.20  
20150514000004001070000000038318380900000111700001672.24  
20150514000004002050000000018938121100000111700028755.97  
20150514000004001080000000008552790900000111220002160.00  
20150514000004001080000000008552790900000111700002242.95  
20150514000004000690000000034593161200000111220000216.00  
20150514000004000690000000034593161200000111700007299.46  
20150514000004001280000000060963391100000111220000216.00  
20150514000004001280000000060963391100000111310000926.60  
20150514000004001280000000060963391100000111700003177.90  
20150514000004001280000000060963391100000111910000769.28  
20150514000004000700000000037290380900000111220001468.80  
20150514000004000700000000037290380900000111700002644.52  
20150514000004000710000000037205221100000111220001468.80  
20150514000004000710000000037205221100000111310001805.80  
20150514000004000710000000037205221100000111700004335.06  
20150514000004000360000000028904761200000111700011541.24  
20150514000004000370000000044187971200000111220000216.00  
20150514000004000370000000044187971200000111700010782.99  
20150514000004001290000000051794601100000111220000475.20  
20150514000004001290000000051794601100000111310000926.60  
20150514000004001290000000051794601100000111600001440.00  
2015051400000400129000000005179460110000011170000-954.81  
20150514000004001290000000051794601100000111910000636.08  
20150514000004001300000000044107891100000111220001123.20  
20150514000004001300000000044107891100000111310000926.60  
20150514000004001300000000044107891100000111700000694.11  
20150514000004001300000000044107891100000111910001489.31  
20150514000004000480000000036173220900000111220000216.00  
20150514000004000480000000036173220900000111700005587.02  
20150514000004002060000000030255050900000111220000777.60  
20150514000004002060000000030255050900000111700027259.12  
20150514000004001090000000037827311100000111220001814.40  
20150514000004001090000000037827311100000111310001164.20  
20150514000004001090000000037827311100000111700003365.43  
20150514000004001090000000037827311100000111910001507.39  
20150514000004000780000000052419840900000111220000216.00  
20150514000004000780000000052419840900000111700005098.02  
20150514000004000780000000052419840900000111910000705.69  
20150514000004002010000000029910070900000111700013460.14  
20150514000004002030000000010690890900000111700030730.51  
20150514000004000130000000031378190900000111220001468.80  
20150514000004000130000000031378190900000111700012309.13  
20150514000004000790000000052259660900000111220000216.00  
20150514000004000790000000052259660900000111700003156.57  
20150514000004000860000000044618940900000111220000475.20  
20150514000004000860000000044618940900000111700002887.29  
20150514000004001410000000048709620900000111220000216.00  
20150514000004001410000000048709620900000111700002554.12  
20150514000004000870000000051932150900000111220000216.00  
20150514000004000870000000051932150900000111700004261.08  
20150514000004000190000000005681381200000111220002160.00  
20150514000004000190000000005681381200000111700010000.20  
20150514000004000600000000044208960900000111220000216.00  
20150514000004000600000000044208960900000111700008736.91  
20150514000004000610000000035181171000000111220000475.20  
20150514000004000610000000035181171000000111700005859.40  
20150514000004001420000000030640161000000111220001123.20  
20150514000004001420000000030640161000000111310000784.00  
20150514000004001420000000030640161000000111700001442.94  
20150514000004000970000000045021820900000111220000216.00  
20150514000004000970000000045021820900000111700005152.00  
20150514000004002220000000028625750900000111700020904.31  
20150514000004000980000000040225151100000111220000475.20  
20150514000004000980000000040225151100000111310001283.00  
20150514000004000980000000040225151100000111600001440.00  
20150514000004000980000000040225151100000111700001376.82  
20150514000004001320000000044154021100000111220000475.20  
20150514000004001320000000044154021100000111310000926.60  
20150514000004001320000000044154021100000111700001144.04  
20150514000004001320000000044154021100000111910000879.31  
20150514000004002210000000029008541100000111700015544.34  
20150514000004001330000000042002231100000111220000216.00  
20150514000004001330000000042002231100000111310000926.60  
20150514000004001330000000042002231100000111700000887.60  
20150514000004001330000000042002231100000111910001936.20  
20150514000004002070000000051989401000000111220000216.00  
20150514000004002070000000051989401000000111700016254.12  
20150514000004000990000000056485771100000111220000216.00  
20150514000004000990000000056485771100000111310001283.00  
20150514000004000990000000056485771100000111700004011.53  
20150514000004000380000000044249660900000111220000216.00  
20150514000004000380000000044249660900000111700008363.32  
20150514000004001340000000036055810900000111220000216.00  
20150514000004001340000000036055810900000111700002221.87  
20150514000004001430000000037530270900000111220000777.60  
20150514000004001430000000037530270900000111700001941.65  
20150514000004002100000000036212690900000111220001468.80  
20150514000004002100000000036212690900000111700013789.76  
20150514000004000150000000035888920900000111700013770.12  
20150514000004001350000000059031341100000111220000475.20  
20150514000004001350000000059031341100000111310000926.60  
20150514000004001350000000059031341100000111600001440.00  
20150514000004001350000000059031341100000111700000678.24  
20150514000004001350000000059031341100000111910001644.71  
20150514000004000620000000044678691200000111220000216.00  
20150514000004000620000000044678691200000111700007910.12  
20150514000004002120000000044119031000000111700019555.59  
20150514000004000880000000037423650900000111220000475.20  
20150514000004000880000000037423650900000111700005713.75  
20150514000004001100000000037206271100000111220001814.40  
20150514000004001100000000037206271100000111310001164.20  
2015051400000400110000000003720627110000011170000-226.82  
20150514000004001100000000037206271100000111910002037.36  
20150514000004000400000000035564380900000111220000475.20  
20150514000004000400000000035564380900000111700008882.78  
20150514000004000400000000035564380900000111910001348.40  
20150514000004001110000000028941011100000111220001468.80  
20150514000004001110000000028941011100000111700002117.20  
20150514000004000410000000028750931100000111220000216.00  
20150514000004000410000000028750931100000111700011096.33  
20150514000004002020000000009530210900000111220000216.00  
20150514000004002020000000009530210900000111700026210.26  
20150514000004001120000000017140321100000111220002160.00  
20150514000004001120000000017140321100000111700003738.39  
20150514000004002170000000037787980900000111220001468.80  
20150514000004002170000000037787980900000111700005067.37  
20150514000004000800000000037686630900000111220000216.00  
20150514000004000800000000037686630900000111700005793.48  
20150514000004000200000000042889520900000111220000216.00  
20150514000004000200000000042889520900000111700012914.45  
20150514000004001360000000047023491100000111220000475.20  
20150514000004001360000000047023491100000111310000926.60  
20150514000004001360000000047023491100000111700001053.86  
20150514000004001360000000047023491100000111910001191.07  
20150514000004002040000000030176310900000111220000216.00  
20150514000004002040000000030176310900000111700032278.89  
20150514000004000250000000031317101100000111220001814.40  
20150514000004000250000000031317101100000111700004922.79  
20150514000004001130000000059166500900000111220000216.00  
20150514000004001130000000059166500900000111600001440.00  
20150514000004001130000000059166500900000111700003244.40  
20150514000004001370000000025513140900000111220001468.80  
20150514000004001370000000025513140900000111700002033.46  
20150514000004000730000000037295801200000111220000216.00  
20150514000004000730000000037295801200000111700005648.26  
20150514000004001440000000079628621100000111220000216.00  
20150514000004001440000000079628621100000111310000784.00  
20150514000004001440000000079628621100000111600001440.00  
20150514000004001440000000079628621100000111700000983.47  
20150514000004001440000000079628621100000111910001053.50  
20150514000004000260000000013206270900000111220000216.00  
20150514000004000260000000013206270900000111700011881.73  
20150514000004000270000000013847920900000111220000216.00  
20150514000004000270000000013847920900000111700010921.78  
20150514000004000430000000021398970900000111220001814.40  
20150514000004000430000000021398970900000111700005156.71  
20150514000004000160000000037321240900000111220001123.20  
20150514000004000160000000037321240900000111700012709.40  
20150514000004001000000000073493141000000111220002160.00  
20150514000004001000000000073493141000000111700005435.54  
20150514000004001450000000024542320900000111220000216.00  
20150514000004001450000000024542320900000111700002823.68  
20150514000004001450000000024542320900000111910000588.00  
20150514000004002080000000007788821200000111220002160.00  
20150514000004002080000000007788821200000111700014590.64  
20150514000004000630000000059353090900000111220000216.00  
20150514000004000630000000059353090900000111700008514.53  
20150514000004001140000000009602780900000111220001123.20  
20150514000004001140000000009602780900000111700003244.25  
20150514000004000640000000044674200900000111220001123.20  
20150514000004000640000000044674200900000111700004085.75  
