2015051400000500009000000002868347074000336.21  
2015051400000500009000000002868347204001681.06  
2015051400000500009000000002868347301001681.06  
2015051400000500009000000002868347303000287.46  
2015051400000500009000000002868347305000084.05  
2015051400000500009000000002868347307000287.46  
2015051400000500009000000002868347311000084.05  
2015051400000500009000000002868347999002908.23  
2015051400000500010000000003137460074000370.99  
2015051400000500010000000003137460204001854.94  
2015051400000500010000000003137460301001854.94  
2015051400000500010000000003137460303000317.19  
2015051400000500010000000003137460305000092.75  
2015051400000500010000000003137460307000317.19  
2015051400000500010000000003137460311000092.75  
2015051400000500010000000003137460999008257.61  
2015051400000500011000000003025346074000319.58  
2015051400000500011000000003025346204001597.90  
2015051400000500011000000003025346302001597.90  
2015051400000500011000000003025346304000273.24  
2015051400000500011000000003025346306000079.90  
2015051400000500011000000003025346308000273.24  
2015051400000500011000000003025346312000079.90  
2015051400000500011000000003025346999001065.45  
2015051400000500013000000003137819074000370.99  
2015051400000500013000000003137819204001854.94  
2015051400000500013000000003137819301001854.94  
2015051400000500013000000003137819303000317.19  
2015051400000500013000000003137819305000092.75  
2015051400000500013000000003137819307000317.19  
2015051400000500013000000003137819311000092.75  
2015051400000500013000000003137819999001575.42  
2015051400000500015000000003588892074000319.58  
2015051400000500015000000003588892204001597.90  
2015051400000500015000000003588892302001597.90  
2015051400000500015000000003588892304000273.24  
2015051400000500015000000003588892306000079.90  
2015051400000500015000000003588892308000273.24  
2015051400000500015000000003588892312000079.90  
2015051400000500015000000003588892999000383.68  
2015051400000500016000000003732124074000358.89  
2015051400000500016000000003732124204001794.46  
2015051400000500016000000003732124301001794.46  
2015051400000500016000000003732124303000306.85  
2015051400000500016000000003732124305000089.72  
2015051400000500016000000003732124307000306.85  
2015051400000500016000000003732124311000089.72  
2015051400000500016000000003732124999001136.93  
2015051400000500018000000003004557074000336.31  
2015051400000500018000000003004557204001681.56  
2015051400000500018000000003004557301001681.56  
2015051400000500018000000003004557303000287.55  
2015051400000500018000000003004557305000084.08  
2015051400000500018000000003004557307000287.55  
2015051400000500018000000003004557311000084.08  
2015051400000500018000000003004557999000780.38  
2015051400000500019000000000568138074000372.60  
2015051400000500019000000000568138204001863.00  
2015051400000500019000000000568138301001863.00  
2015051400000500019000000000568138305000093.15  
2015051400000500019000000000568138311000093.15  
2015051400000500019000000000568138999003081.60  
2015051400000500020000000004288952074000304.56  
2015051400000500020000000004288952204001522.80  
2015051400000500020000000004288952301001522.80  
2015051400000500020000000004288952303000260.40  
2015051400000500020000000004288952305000076.14  
2015051400000500020000000004288952307000260.40  
2015051400000500020000000004288952311000076.14  
2015051400000500020000000004288952999000036.11  
2015051400000500021000000003623123074000348.62  
2015051400000500021000000003623123204001743.12  
2015051400000500021000000003623123302001743.12  
2015051400000500021000000003623123304000298.07  
2015051400000500021000000003623123306000087.16  
2015051400000500021000000003623123308000298.07  
2015051400000500021000000003623123312000087.16  
2015051400000500021000000003623123999003450.92  
2015051400000500025000000003131710074000348.62  
2015051400000500025000000003131710204001743.12  
2015051400000500025000000003131710301001743.12  
2015051400000500025000000003131710303000298.07  
2015051400000500025000000003131710305000087.16  
2015051400000500025000000003131710307000298.07  
2015051400000500025000000003131710311000087.16  
2015051400000500025000000003131710999006903.57  
2015051400000500026000000001320627001002134.19  
2015051400000500026000000001320627074000292.68  
2015051400000500026000000001320627204001463.40  
2015051400000500026000000001320627301001463.40  
2015051400000500026000000001320627303000250.24  
2015051400000500026000000001320627305000073.17  
2015051400000500026000000001320627307000250.24  
2015051400000500026000000001320627311000073.17  
2015051400000500026000000001320627999000395.64  
2015051400000500027000000001384792001000722.28  
2015051400000500027000000001384792074000292.68  
2015051400000500027000000001384792204001463.40  
2015051400000500027000000001384792302001463.40  
2015051400000500027000000001384792304000250.24  
2015051400000500027000000001384792306000073.17  
2015051400000500027000000001384792308000250.24  
2015051400000500027000000001384792312000073.17  
2015051400000500027000000001384792999001056.53  
2015051400000500028000000003099414074000340.25  
2015051400000500028000000003099414204001701.24  
2015051400000500028000000003099414302001701.24  
2015051400000500028000000003099414304000290.91  
2015051400000500028000000003099414306000085.06  
2015051400000500028000000003099414308000290.91  
2015051400000500028000000003099414312000085.06  
2015051400000500028000000003099414999004219.70  
2015051400000500029000000003770831074000362.93  
2015051400000500029000000003770831204001814.64  
2015051400000500029000000003770831301001814.64  
2015051400000500029000000003770831303000310.30  
2015051400000500029000000003770831305000090.73  
2015051400000500029000000003770831307000310.30  
2015051400000500029000000003770831311000090.73  
2015051400000500029000000003770831999003720.18  
2015051400000500030000000003769744074000277.24  
2015051400000500030000000003769744204001386.20  
2015051400000500030000000003769744301001386.20  
2015051400000500030000000003769744303000237.04  
2015051400000500030000000003769744305000069.31  
2015051400000500030000000003769744307000237.04  
2015051400000500030000000003769744311000069.31  
2015051400000500030000000003769744999001246.33  
2015051400000500031000000003622065074000321.09  
2015051400000500031000000003622065204001605.44  
2015051400000500031000000003622065301001605.44  
2015051400000500031000000003622065303000274.53  
2015051400000500031000000003622065305000080.27  
2015051400000500031000000003622065307000274.53  
2015051400000500031000000003622065311000080.27  
2015051400000500031000000003622065999005722.18  
2015051400000500032000000003768862074000286.31  
2015051400000500032000000003768862204001431.56  
2015051400000500032000000003768862301001431.56  
2015051400000500032000000003768862303000244.80  
2015051400000500032000000003768862305000071.58  
2015051400000500032000000003768862307000244.80  
2015051400000500032000000003768862311000071.58  
2015051400000500032000000003768862999001207.45  
2015051400000500034000000005270248074000277.24  
2015051400000500034000000005270248204001386.20  
2015051400000500034000000005270248301001386.20  
2015051400000500034000000005270248303000237.04  
2015051400000500034000000005270248305000069.31  
2015051400000500034000000005270248307000237.04  
2015051400000500034000000005270248311000069.31  
2015051400000500034000000005270248999000656.20  
2015051400000500036000000002890476074000269.68  
2015051400000500036000000002890476204001348.40  
2015051400000500036000000002890476301001348.40  
2015051400000500036000000002890476303000230.58  
2015051400000500036000000002890476305000067.42  
2015051400000500036000000002890476307000230.58  
2015051400000500036000000002890476311000067.42  
2015051400000500036000000002890476999000046.04  
2015051400000500037000000004418797074000277.24  
2015051400000500037000000004418797204001386.20  
2015051400000500037000000004418797302001386.20  
2015051400000500037000000004418797304000237.04  
2015051400000500037000000004418797306000069.31  
2015051400000500037000000004418797308000237.04  
2015051400000500037000000004418797312000069.31  
2015051400000500037000000004418797999000828.74  
2015051400000500038000000004424966074000277.24  
2015051400000500038000000004424966204001386.20  
2015051400000500038000000004424966301001386.20  
2015051400000500038000000004424966303000237.04  
2015051400000500038000000004424966305000069.31  
2015051400000500038000000004424966307000237.04  
2015051400000500038000000004424966311000069.31  
2015051400000500038000000004424966999003403.34  
2015051400000500040000000003556438074000314.63  
2015051400000500040000000003556438204001573.14  
2015051400000500040000000003556438302001573.14  
2015051400000500040000000003556438304000269.01  
2015051400000500040000000003556438306000078.66  
2015051400000500040000000003556438308000269.01  
2015051400000500040000000003556438312000078.66  
2015051400000500040000000003556438999002677.01  
2015051400000500041000000002875093074000277.24  
2015051400000500041000000002875093204001386.20  
2015051400000500041000000002875093302001386.20  
2015051400000500041000000002875093304000237.04  
2015051400000500041000000002875093306000069.31  
2015051400000500041000000002875093308000237.04  
2015051400000500041000000002875093312000069.31  
2015051400000500041000000002875093999000654.90  
2015051400000500043000000002139897074000333.18  
2015051400000500043000000002139897204001665.92  
2015051400000500043000000002139897301001665.92  
2015051400000500043000000002139897303000284.87  
2015051400000500043000000002139897305000083.30  
2015051400000500043000000002139897307000284.87  
2015051400000500043000000002139897311000083.30  
2015051400000500043000000002139897999006449.27  
2015051400000500044000000000952134074000312.98  
2015051400000500044000000000952134204001564.92  
2015051400000500044000000000952134302001564.92  
2015051400000500044000000000952134304000267.60  
2015051400000500044000000000952134306000078.25  
2015051400000500044000000000952134308000267.60  
2015051400000500044000000000952134312000078.25  
2015051400000500044000000000952134999001300.79  
2015051400000500045000000003511659074000257.04  
2015051400000500045000000003511659204001285.20  
2015051400000500045000000003511659301001285.20  
2015051400000500045000000003511659303000219.77  
2015051400000500045000000003511659305000064.26  
2015051400000500045000000003511659307000219.77  
2015051400000500045000000003511659311000064.26  
2015051400000500045000000003511659999000732.42  
2015051400000500047000000003590483074000266.11  
2015051400000500047000000003590483204001330.56  
2015051400000500047000000003590483301001330.56  
2015051400000500047000000003590483303000227.53  
2015051400000500047000000003590483305000066.53  
2015051400000500047000000003590483307000227.53  
2015051400000500047000000003590483311000066.53  
2015051400000500047000000003590483999001596.52  
2015051400000500048000000003617322074000257.04  
2015051400000500048000000003617322204001285.20  
2015051400000500048000000003617322302001285.20  
2015051400000500048000000003617322304000219.77  
2015051400000500048000000003617322306000064.26  
2015051400000500048000000003617322308000219.77  
2015051400000500048000000003617322312000064.26  
2015051400000500048000000003617322999005181.64  
2015051400000500053000000004470102074000209.52  
2015051400000500053000000004470102204001047.60  
2015051400000500053000000004470102301001047.60  
2015051400000500053000000004470102303000179.14  
2015051400000500053000000004470102305000052.38  
2015051400000500053000000004470102307000179.14  
2015051400000500053000000004470102311000052.38  
2015051400000500053000000004470102999001800.73  
2015051400000500054000000003081251074000253.37  
2015051400000500054000000003081251204001266.84  
2015051400000500054000000003081251301001266.84  
2015051400000500054000000003081251303000216.63  
2015051400000500054000000003081251305000063.34  
2015051400000500054000000003081251307000216.63  
2015051400000500054000000003081251311000063.34  
2015051400000500054000000003081251999001000.06  
2015051400000500055000000003314456074000218.59  
2015051400000500055000000003314456204001092.96  
2015051400000500055000000003314456301001092.96  
2015051400000500055000000003314456303000186.90  
2015051400000500055000000003314456305000054.65  
2015051400000500055000000003314456307000186.90  
2015051400000500055000000003314456311000054.65  
2015051400000500055000000003314456999003732.74  
2015051400000500056000000005169964074000209.52  
2015051400000500056000000005169964204001047.60  
2015051400000500056000000005169964302001047.60  
2015051400000500056000000005169964304000179.14  
2015051400000500056000000005169964306000052.38  
2015051400000500056000000005169964308000179.14  
2015051400000500056000000005169964312000052.38  
2015051400000500056000000005169964999000890.44  
2015051400000500057000000003012804074000209.52  
2015051400000500057000000003012804204001047.60  
2015051400000500057000000003012804302001047.60  
2015051400000500057000000003012804304000179.14  
2015051400000500057000000003012804306000052.38  
2015051400000500057000000003012804308000179.14  
2015051400000500057000000003012804312000052.38  
2015051400000500057000000003012804999002176.79  
2015051400000500058000000004450657001000057.11  
2015051400000500058000000004450657074000209.52  
2015051400000500058000000004450657204001047.60  
2015051400000500058000000004450657301001047.60  
2015051400000500058000000004450657303000179.14  
2015051400000500058000000004450657305000052.38  
2015051400000500058000000004450657307000179.14  
2015051400000500058000000004450657311000052.38  
2015051400000500058000000004450657999000481.63  
2015051400000500059000000000936305074000253.37  
2015051400000500059000000000936305204001266.84  
2015051400000500059000000000936305301001266.84  
2015051400000500059000000000936305303000216.63  
2015051400000500059000000000936305305000063.34  
2015051400000500059000000000936305307000216.63  
2015051400000500059000000000936305311000063.34  
2015051400000500059000000000936305999004639.65  
2015051400000500060000000004420896074000209.52  
2015051400000500060000000004420896204001047.60  
2015051400000500060000000004420896301001047.60  
2015051400000500060000000004420896303000179.14  
2015051400000500060000000004420896305000052.38  
2015051400000500060000000004420896307000179.14  
2015051400000500060000000004420896311000052.38  
2015051400000500060000000004420896999000007.80  
2015051400000500061000000003518117074000218.59  
2015051400000500061000000003518117204001092.96  
2015051400000500061000000003518117301001092.96  
2015051400000500061000000003518117303000186.90  
2015051400000500061000000003518117305000054.65  
2015051400000500061000000003518117307000186.90  
2015051400000500061000000003518117311000054.65  
2015051400000500061000000003518117999002917.02  
2015051400000500062000000004467869074000209.52  
2015051400000500062000000004467869204001047.60  
2015051400000500062000000004467869301001047.60  
2015051400000500062000000004467869303000179.14  
2015051400000500062000000004467869305000052.38  
2015051400000500062000000004467869307000179.14  
2015051400000500062000000004467869311000052.38  
2015051400000500062000000004467869999000614.39  
2015051400000500063000000005935309074000209.52  
2015051400000500063000000005935309204001047.60  
2015051400000500063000000005935309301001047.60  
2015051400000500063000000005935309303000179.14  
2015051400000500063000000005935309305000052.38  
2015051400000500063000000005935309307000179.14  
2015051400000500063000000005935309311000052.38  
2015051400000500063000000005935309999000232.68  
2015051400000500064000000004467420074000241.27  
2015051400000500064000000004467420204001206.36  
2015051400000500064000000004467420301001206.36  
2015051400000500064000000004467420303000206.29  
2015051400000500064000000004467420305000060.32  
2015051400000500064000000004467420307000206.29  
2015051400000500064000000004467420311000060.32  
2015051400000500064000000004467420999004625.47  
2015051400000500065000000004414461074000233.33  
2015051400000500065000000004414461204001166.64  
2015051400000500065000000004414461301001166.64  
2015051400000500065000000004414461303000199.50  
2015051400000500065000000004414461305000058.33  
2015051400000500065000000004414461307000199.50  
2015051400000500065000000004414461311000058.33  
2015051400000500065000000004414461999000191.48  
2015051400000500066000000005161700074000224.26  
2015051400000500066000000005161700204001121.28  
2015051400000500066000000005161700301001121.28  
2015051400000500066000000005161700303000191.74  
2015051400000500066000000005161700305000056.06  
2015051400000500066000000005161700307000191.74  
2015051400000500066000000005161700311000056.06  
2015051400000500066000000005161700999000653.55  
2015051400000500067000000004539889074000188.14  
2015051400000500067000000004539889204000940.70  
2015051400000500067000000004539889301000940.70  
2015051400000500067000000004539889303000160.86  
2015051400000500067000000004539889305000047.04  
2015051400000500067000000004539889307000160.86  
2015051400000500067000000004539889311000047.04  
2015051400000500067000000004539889999003635.64  
2015051400000500068000000004884164074000188.14  
2015051400000500068000000004884164204000940.70  
2015051400000500068000000004884164302000940.70  
2015051400000500068000000004884164304000160.86  
2015051400000500068000000004884164306000047.04  
2015051400000500068000000004884164308000160.86  
2015051400000500068000000004884164312000047.04  
2015051400000500068000000004884164999001412.95  
2015051400000500069000000003459316074000188.14  
2015051400000500069000000003459316204000940.70  
2015051400000500069000000003459316302000940.70  
2015051400000500069000000003459316304000160.86  
2015051400000500069000000003459316306000047.04  
2015051400000500069000000003459316308000160.86  
2015051400000500069000000003459316312000047.04  
2015051400000500069000000003459316999000570.87  
2015051400000500070000000003729038074000231.99  
2015051400000500070000000003729038204001159.94  
2015051400000500070000000003729038301001159.94  
2015051400000500070000000003729038303000198.35  
2015051400000500070000000003729038305000058.00  
2015051400000500070000000003729038307000198.35  
2015051400000500070000000003729038311000058.00  
2015051400000500070000000003729038999005002.75  
2015051400000500071000000003720522074000268.10  
2015051400000500071000000003720522204001340.52  
2015051400000500071000000003720522301001340.52  
2015051400000500071000000003720522303000229.23  
2015051400000500071000000003720522305000067.03  
2015051400000500071000000003720522307000229.23  
2015051400000500071000000003720522311000067.03  
2015051400000500071000000003720522999003181.15  
2015051400000500073000000003729580074000188.14  
2015051400000500073000000003729580204000940.70  
2015051400000500073000000003729580302000940.70  
2015051400000500073000000003729580304000160.86  
2015051400000500073000000003729580306000047.04  
2015051400000500073000000003729580308000160.86  
2015051400000500073000000003729580312000047.04  
2015051400000500073000000003729580999002056.06  
2015051400000500074000000005291890074000195.74  
2015051400000500074000000005291890204000978.72  
2015051400000500074000000005291890302000978.72  
2015051400000500074000000005291890304000167.36  
2015051400000500074000000005291890306000048.94  
2015051400000500074000000005291890308000167.36  
2015051400000500074000000005291890312000048.94  
2015051400000500074000000005291890999000777.06  
2015051400000500075000000004013122001000067.55  
2015051400000500075000000004013122074000164.38  
2015051400000500075000000004013122204000821.90  
2015051400000500075000000004013122301000821.90  
2015051400000500075000000004013122303000140.54  
2015051400000500075000000004013122305000041.10  
2015051400000500075000000004013122307000140.54  
2015051400000500075000000004013122311000041.10  
2015051400000500075000000004013122999000509.44  
2015051400000500076000000006466668074000195.74  
2015051400000500076000000006466668204000978.72  
2015051400000500076000000006466668302000978.72  
2015051400000500076000000006466668304000167.36  
2015051400000500076000000006466668306000048.94  
2015051400000500076000000006466668308000167.36  
2015051400000500076000000006466668312000048.94  
2015051400000500076000000006466668999000623.16  
2015051400000500078000000005241984074000180.06  
2015051400000500078000000005241984204000900.31  
2015051400000500078000000005241984301000900.31  
2015051400000500078000000005241984303000153.95  
2015051400000500078000000005241984305000045.02  
2015051400000500078000000005241984307000153.95  
2015051400000500078000000005241984311000045.02  
2015051400000500078000000005241984999001515.80  
2015051400000500079000000005225966074000164.38  
2015051400000500079000000005225966204000821.90  
2015051400000500079000000005225966301000821.90  
2015051400000500079000000005225966303000140.54  
2015051400000500079000000005225966305000041.10  
2015051400000500079000000005225966307000140.54  
2015051400000500079000000005225966311000041.10  
2015051400000500079000000005225966999003676.20  
2015051400000500080000000003768663074000164.38  
2015051400000500080000000003768663204000821.90  
2015051400000500080000000003768663302000821.90  
2015051400000500080000000003768663304000140.54  
2015051400000500080000000003768663306000041.10  
2015051400000500080000000003768663308000140.54  
2015051400000500080000000003768663312000041.10  
2015051400000500080000000003768663999001028.84  
2015051400000500081000000006408031074000167.72  
2015051400000500081000000006408031204000838.59  
2015051400000500081000000006408031301000838.59  
2015051400000500081000000006408031303000143.40  
2015051400000500081000000006408031305000041.93  
2015051400000500081000000006408031307000143.40  
2015051400000500081000000006408031311000041.93  
2015051400000500081000000006408031999000095.37  
2015051400000500082000000002899775074000152.50  
2015051400000500082000000002899775204000762.50  
2015051400000500082000000002899775301000762.50  
2015051400000500082000000002899775303000130.39  
2015051400000500082000000002899775305000038.13  
2015051400000500082000000002899775307000130.39  
2015051400000500082000000002899775311000038.13  
2015051400000500082000000002899775999002151.78  
2015051400000500083000000001930623074000152.50  
2015051400000500083000000001930623204000762.50  
2015051400000500083000000001930623302000762.50  
2015051400000500083000000001930623304000130.39  
2015051400000500083000000001930623306000038.13  
2015051400000500083000000001930623308000130.39  
2015051400000500083000000001930623312000038.13  
2015051400000500083000000001930623999000707.87  
2015051400000500084000000002879279074000196.35  
2015051400000500084000000002879279204000981.74  
2015051400000500084000000002879279302000981.74  
2015051400000500084000000002879279304000167.88  
2015051400000500084000000002879279306000049.09  
2015051400000500084000000002879279308000167.88  
2015051400000500084000000002879279312000049.09  
2015051400000500084000000002879279999000749.50  
2015051400000500085000000006473021074000152.50  
2015051400000500085000000006473021204000762.50  
2015051400000500085000000006473021301000762.50  
2015051400000500085000000006473021303000130.39  
2015051400000500085000000006473021305000038.13  
2015051400000500085000000006473021307000130.39  
2015051400000500085000000006473021311000038.13  
2015051400000500085000000006473021999002561.53  
2015051400000500086000000004461894001000353.08  
2015051400000500086000000004461894074000161.57  
2015051400000500086000000004461894204000807.86  
2015051400000500086000000004461894301000807.86  
2015051400000500086000000004461894303000138.14  
2015051400000500086000000004461894305000040.39  
2015051400000500086000000004461894307000138.14  
2015051400000500086000000004461894311000040.39  
2015051400000500086000000004461894999003389.05  
2015051400000500087000000005193215074000152.50  
2015051400000500087000000005193215204000762.50  
2015051400000500087000000005193215301000762.50  
2015051400000500087000000005193215303000130.39  
2015051400000500087000000005193215305000038.13  
2015051400000500087000000005193215307000130.39  
2015051400000500087000000005193215311000038.13  
2015051400000500087000000005193215999001956.96  
2015051400000500088000000003742365074000161.57  
2015051400000500088000000003742365204000807.86  
2015051400000500088000000003742365301000807.86  
2015051400000500088000000003742365303000138.14  
2015051400000500088000000003742365305000040.39  
2015051400000500088000000003742365307000138.14  
2015051400000500088000000003742365311000040.39  
2015051400000500088000000003742365999000558.31  
2015051400000500089000000004526386074000135.86  
2015051400000500089000000004526386204000679.30  
2015051400000500089000000004526386302000679.30  
2015051400000500089000000004526386304000116.16  
2015051400000500089000000004526386306000033.97  
2015051400000500089000000004526386308000116.16  
2015051400000500089000000004526386312000033.97  
2015051400000500089000000004526386999002885.94  
2015051400000500090000000004510395074000135.86  
2015051400000500090000000004510395204000679.30  
2015051400000500090000000004510395301000679.30  
2015051400000500090000000004510395303000116.16  
2015051400000500090000000004510395305000033.97  
2015051400000500090000000004510395307000116.16  
2015051400000500090000000004510395311000033.97  
2015051400000500090000000004510395999003050.25  
2015051400000500091000000004076151074000135.86  
2015051400000500091000000004076151204000679.30  
2015051400000500091000000004076151301000679.30  
2015051400000500091000000004076151303000116.16  
2015051400000500091000000004076151305000033.97  
2015051400000500091000000004076151307000116.16  
2015051400000500091000000004076151311000033.97  
2015051400000500091000000004076151999002946.15  
2015051400000500092000000002914344074000227.09  
2015051400000500092000000002914344204001135.43  
2015051400000500092000000002914344301001135.43  
2015051400000500092000000002914344303000194.16  
2015051400000500092000000002914344305000056.77  
2015051400000500092000000002914344307000194.16  
2015051400000500092000000002914344311000056.77  
2015051400000500092000000002914344999001687.40  
2015051400000500093000000003078110074000240.12  
2015051400000500093000000003078110204001200.58  
2015051400000500093000000003078110301001200.58  
2015051400000500093000000003078110303000205.30  
2015051400000500093000000003078110305000060.03  
2015051400000500093000000003078110307000205.30  
2015051400000500093000000003078110311000060.03  
2015051400000500093000000003078110999003203.33  
2015051400000500095000000006431024074000135.86  
2015051400000500095000000006431024204000679.30  
2015051400000500095000000006431024302000679.30  
2015051400000500095000000006431024304000116.16  
2015051400000500095000000006431024306000033.97  
2015051400000500095000000006431024308000116.16  
2015051400000500095000000006431024312000033.97  
2015051400000500095000000006431024999001076.73  
2015051400000500096000000003099304074000161.52  
2015051400000500096000000003099304204000807.60  
2015051400000500096000000003099304301000807.60  
2015051400000500096000000003099304303000138.10  
2015051400000500096000000003099304305000040.38  
2015051400000500096000000003099304307000138.10  
2015051400000500096000000003099304311000040.38  
2015051400000500096000000003099304999000759.07  
2015051400000500097000000004502182074000135.86  
2015051400000500097000000004502182204000679.30  
2015051400000500097000000004502182301000679.30  
2015051400000500097000000004502182303000116.16  
2015051400000500097000000004502182305000033.97  
2015051400000500097000000004502182307000116.16  
2015051400000500097000000004502182311000033.97  
2015051400000500097000000004502182999000426.37  
2015051400000500098000000004022515074000170.59  
2015051400000500098000000004022515204000852.96  
2015051400000500098000000004022515302000852.96  
2015051400000500098000000004022515304000145.86  
2015051400000500098000000004022515306000042.65  
2015051400000500098000000004022515308000145.86  
2015051400000500098000000004022515312000042.65  
2015051400000500098000000004022515999004026.65  
2015051400000500099000000005648577074000161.52  
2015051400000500099000000005648577204000807.60  
2015051400000500099000000005648577302000807.60  
2015051400000500099000000005648577304000138.10  
2015051400000500099000000005648577306000040.38  
2015051400000500099000000005648577308000138.10  
2015051400000500099000000005648577312000040.38  
2015051400000500099000000005648577999001403.52  
2015051400000500100000000007349314074000203.90  
2015051400000500100000000007349314204001019.50  
2015051400000500100000000007349314301001019.50  
2015051400000500100000000007349314305000050.98  
2015051400000500100000000007349314311000050.98  
2015051400000500100000000007349314999000039.10  
2015051400000500101000000001370502074000205.94  
2015051400000500101000000001370502204001029.71  
2015051400000500101000000001370502301001029.71  
2015051400000500101000000001370502303000176.08  
2015051400000500101000000001370502305000051.49  
2015051400000500101000000001370502307000176.08  
2015051400000500101000000001370502311000051.49  
2015051400000500101000000001370502999003848.77  
2015051400000500102000000002692604074000187.75  
2015051400000500102000000002692604204000938.74  
2015051400000500102000000002692604301000938.74  
2015051400000500102000000002692604303000160.52  
2015051400000500102000000002692604305000046.94  
2015051400000500102000000002692604307000160.52  
2015051400000500102000000002692604311000046.94  
2015051400000500102000000002692604999004548.10  
2015051400000500103000000000959934074000192.02  
2015051400000500103000000000959934204000960.10  
2015051400000500103000000000959934302000960.10  
2015051400000500103000000000959934304000164.18  
2015051400000500103000000000959934306000048.01  
2015051400000500103000000000959934308000164.18  
2015051400000500103000000000959934312000048.01  
2015051400000500103000000000959934999001276.70  
2015051400000500104000000001760686074000179.02  
2015051400000500104000000001760686204000895.08  
2015051400000500104000000001760686301000895.08  
2015051400000500104000000001760686303000153.06  
2015051400000500104000000001760686305000044.75  
2015051400000500104000000001760686307000153.06  
2015051400000500104000000001760686311000044.75  
2015051400000500104000000001760686999002280.04  
2015051400000500105000000000803131074000192.02  
2015051400000500105000000000803131204000960.10  
2015051400000500105000000000803131302000960.10  
2015051400000500105000000000803131304000164.18  
2015051400000500105000000000803131306000048.01  
2015051400000500105000000000803131308000164.18  
2015051400000500105000000000803131312000048.01  
2015051400000500105000000000803131999001002.81  
2015051400000500106000000002045701074000192.02  
2015051400000500106000000002045701204000960.10  
2015051400000500106000000002045701301000960.10  
2015051400000500106000000002045701303000164.18  
2015051400000500106000000002045701305000048.01  
2015051400000500106000000002045701307000164.18  
2015051400000500106000000002045701311000048.01  
2015051400000500106000000002045701999001320.22  
2015051400000500107000000003831838074000155.73  
2015051400000500107000000003831838204000778.66  
2015051400000500107000000003831838301000778.66  
2015051400000500107000000003831838303000133.15  
2015051400000500107000000003831838305000038.93  
2015051400000500107000000003831838307000133.15  
2015051400000500107000000003831838311000038.93  
2015051400000500107000000003831838999003324.99  
2015051400000500108000000000855279074000192.02  
2015051400000500108000000000855279204000960.10  
2015051400000500108000000000855279301000960.10  
2015051400000500108000000000855279303000164.18  
2015051400000500108000000000855279305000048.01  
2015051400000500108000000000855279307000164.18  
2015051400000500108000000000855279311000048.01  
2015051400000500108000000000855279999002606.01  
2015051400000500109000000003782731074000231.95  
2015051400000500109000000003782731204001159.75  
2015051400000500109000000003782731301001159.75  
2015051400000500109000000003782731303000198.32  
2015051400000500109000000003782731305000057.99  
2015051400000500109000000003782731307000198.32  
2015051400000500109000000003782731311000057.99  
2015051400000500109000000003782731999001147.04  
2015051400000500110000000003720627074000214.49  
2015051400000500110000000003720627204001072.43  
2015051400000500110000000003720627301001072.43  
2015051400000500110000000003720627303000183.39  
2015051400000500110000000003720627305000053.62  
2015051400000500110000000003720627307000183.39  
2015051400000500110000000003720627311000053.62  
2015051400000500110000000003720627999004680.29  
2015051400000500111000000002894101074000167.83  
2015051400000500111000000002894101204000839.14  
2015051400000500111000000002894101301000839.14  
2015051400000500111000000002894101303000143.49  
2015051400000500111000000002894101305000041.96  
2015051400000500111000000002894101307000143.49  
2015051400000500111000000002894101311000041.96  
2015051400000500111000000002894101999002829.23  
2015051400000500112000000001714032074000205.31  
2015051400000500112000000001714032204001026.56  
2015051400000500112000000001714032301001026.56  
2015051400000500112000000001714032303000175.54  
2015051400000500112000000001714032305000051.33  
2015051400000500112000000001714032307000175.54  
2015051400000500112000000001714032311000051.33  
2015051400000500112000000001714032999001254.55  
2015051400000500113000000005916650074000123.98  
2015051400000500113000000005916650204000619.90  
2015051400000500113000000005916650302000619.90  
2015051400000500113000000005916650304000106.00  
2015051400000500113000000005916650306000031.00  
2015051400000500113000000005916650308000106.00  
2015051400000500113000000005916650312000031.00  
2015051400000500113000000005916650999001815.77  
2015051400000500114000000000960278074000155.73  
2015051400000500114000000000960278204000778.66  
2015051400000500114000000000960278301000778.66  
2015051400000500114000000000960278303000133.15  
2015051400000500114000000000960278305000038.93  
2015051400000500114000000000960278307000133.15  
2015051400000500114000000000960278311000038.93  
2015051400000500114000000000960278999001681.21  
2015051400000500115000000004329789074000209.93  
2015051400000500115000000004329789204001049.64  
2015051400000500115000000004329789301001049.64  
2015051400000500115000000004329789303000179.49  
2015051400000500115000000004329789305000052.48  
2015051400000500115000000004329789307000179.49  
2015051400000500115000000004329789311000052.48  
2015051400000500115000000004329789999002549.97  
2015051400000500116000000003504972074000207.82  
2015051400000500116000000003504972204001039.08  
2015051400000500116000000003504972301001039.08  
2015051400000500116000000003504972303000177.68  
2015051400000500116000000003504972305000051.95  
2015051400000500116000000003504972307000177.68  
2015051400000500116000000003504972311000051.95  
2015051400000500116000000003504972999001504.21  
2015051400000500117000000003754990074000206.07  
2015051400000500117000000003754990204001030.37  
2015051400000500117000000003754990301001030.37  
2015051400000500117000000003754990303000176.19  
2015051400000500117000000003754990305000051.52  
2015051400000500117000000003754990307000176.19  
2015051400000500117000000003754990311000051.52  
2015051400000500117000000003754990999003084.90  
2015051400000500118000000003482063074000211.01  
2015051400000500118000000003482063204001055.05  
2015051400000500118000000003482063301001055.05  
2015051400000500118000000003482063303000180.41  
2015051400000500118000000003482063305000052.75  
2015051400000500118000000003482063307000180.41  
2015051400000500118000000003482063311000052.75  
2015051400000500118000000003482063999000997.67  
2015051400000500119000000004800059074000145.63  
2015051400000500119000000004800059204000728.17  
2015051400000500119000000004800059302000728.17  
2015051400000500119000000004800059304000124.52  
2015051400000500119000000004800059306000036.41  
2015051400000500119000000004800059308000124.52  
2015051400000500119000000004800059312000036.41  
2015051400000500119000000004800059999002529.42  
2015051400000500120000000004292985074000134.45  
2015051400000500120000000004292985204000672.24  
2015051400000500120000000004292985301000672.24  
2015051400000500120000000004292985303000114.95  
2015051400000500120000000004292985305000033.61  
2015051400000500120000000004292985307000114.95  
2015051400000500120000000004292985311000033.61  
2015051400000500120000000004292985999001356.82  
2015051400000500121000000001864381074000176.20  
2015051400000500121000000001864381204000880.99  
2015051400000500121000000001864381301000880.99  
2015051400000500121000000001864381303000150.65  
2015051400000500121000000001864381305000044.05  
2015051400000500121000000001864381307000150.65  
2015051400000500121000000001864381311000044.05  
2015051400000500121000000001864381999002621.24  
2015051400000500122000000001764275074000152.55  
2015051400000500122000000001764275204000762.76  
2015051400000500122000000001764275301000762.76  
2015051400000500122000000001764275303000130.43  
2015051400000500122000000001764275305000038.14  
2015051400000500122000000001764275307000130.43  
2015051400000500122000000001764275311000038.14  
2015051400000500122000000001764275999002955.96  
2015051400000500123000000003417050074000142.92  
2015051400000500123000000003417050204000714.60  
2015051400000500123000000003417050301000714.60  
2015051400000500123000000003417050303000122.20  
2015051400000500123000000003417050305000035.73  
2015051400000500123000000003417050307000122.20  
2015051400000500123000000003417050311000035.73  
2015051400000500123000000003417050999001132.57  
2015051400000500124000000003786262074000140.72  
2015051400000500124000000003786262204000703.62  
2015051400000500124000000003786262301000703.62  
2015051400000500124000000003786262303000120.32  
2015051400000500124000000003786262305000035.18  
2015051400000500124000000003786262307000120.32  
2015051400000500124000000003786262311000035.18  
2015051400000500124000000003786262999002253.08  
2015051400000500125000000008854526074000150.06  
2015051400000500125000000008854526204000750.32  
2015051400000500125000000008854526301000750.32  
2015051400000500125000000008854526303000128.30  
2015051400000500125000000008854526305000037.52  
2015051400000500125000000008854526307000128.30  
2015051400000500125000000008854526311000037.52  
2015051400000500125000000008854526999002205.21  
2015051400000500126000000005151886074000130.20  
2015051400000500126000000005151886204000650.99  
2015051400000500126000000005151886301000650.99  
2015051400000500126000000005151886303000111.32  
2015051400000500126000000005151886305000032.55  
2015051400000500126000000005151886307000111.32  
2015051400000500126000000005151886311000032.55  
2015051400000500126000000005151886999001847.97  
2015051400000500127000000004538011074000100.22  
2015051400000500127000000004538011204000501.10  
2015051400000500127000000004538011302000501.10  
2015051400000500127000000004538011304000085.69  
2015051400000500127000000004538011306000025.06  
2015051400000500127000000004538011308000085.69  
2015051400000500127000000004538011312000025.06  
2015051400000500127000000004538011999001792.26  
2015051400000500128000000006096339074000147.69  
2015051400000500128000000006096339204000738.45  
2015051400000500128000000006096339302000738.45  
2015051400000500128000000006096339304000126.27  
2015051400000500128000000006096339306000036.92  
2015051400000500128000000006096339308000126.27  
2015051400000500128000000006096339312000036.92  
2015051400000500128000000006096339999000660.31  
2015051400000500129000000005179460074000157.53  
2015051400000500129000000005179460204000787.67  
2015051400000500129000000005179460302000787.67  
2015051400000500129000000005179460304000134.69  
2015051400000500129000000005179460306000039.38  
2015051400000500129000000005179460308000134.69  
2015051400000500129000000005179460312000039.38  
2015051400000500129000000005179460999004758.17  
2015051400000500130000000004410789074000174.94  
2015051400000500130000000004410789204000874.72  
2015051400000500130000000004410789301000874.72  
2015051400000500130000000004410789303000149.58  
2015051400000500130000000004410789305000043.74  
2015051400000500130000000004410789307000149.58  
2015051400000500130000000004410789311000043.74  
2015051400000500130000000004410789999002905.22  
2015051400000500132000000004415402074000150.10  
2015051400000500132000000004415402204000750.51  
2015051400000500132000000004415402301000750.51  
2015051400000500132000000004415402303000128.34  
2015051400000500132000000004415402305000037.53  
2015051400000500132000000004415402307000128.34  
2015051400000500132000000004415402311000037.53  
2015051400000500132000000004415402999002640.86  
2015051400000500133000000004200223074000140.37  
2015051400000500133000000004200223204000701.86  
2015051400000500133000000004200223302000701.86  
2015051400000500133000000004200223304000120.02  
2015051400000500133000000004200223306000035.09  
2015051400000500133000000004200223308000120.02  
2015051400000500133000000004200223312000035.09  
2015051400000500133000000004200223999003273.19  
2015051400000500134000000003605581074000100.22  
2015051400000500134000000003605581204000501.10  
2015051400000500134000000003605581301000501.10  
2015051400000500134000000003605581303000085.69  
2015051400000500134000000003605581305000025.06  
2015051400000500134000000003605581307000085.69  
2015051400000500134000000003605581311000025.06  
2015051400000500134000000003605581999001802.12  
2015051400000500135000000005903134074000136.80  
2015051400000500135000000005903134204000684.00  
2015051400000500135000000005903134301000684.00  
2015051400000500135000000005903134303000116.96  
2015051400000500135000000005903134305000034.20  
2015051400000500135000000005903134307000116.96  
2015051400000500135000000005903134311000034.20  
2015051400000500135000000005903134999002283.20  
2015051400000500136000000004702349074000158.98  
2015051400000500136000000004702349204000794.91  
2015051400000500136000000004702349301000794.91  
2015051400000500136000000004702349303000135.93  
2015051400000500136000000004702349305000039.75  
2015051400000500136000000004702349307000135.93  
2015051400000500136000000004702349311000039.75  
2015051400000500136000000004702349999002686.68  
2015051400000500137000000002551314074000144.07  
2015051400000500137000000002551314204000720.34  
2015051400000500137000000002551314302000720.34  
2015051400000500137000000002551314304000123.18  
2015051400000500137000000002551314306000036.02  
2015051400000500137000000002551314308000123.18  
2015051400000500137000000002551314312000036.02  
2015051400000500137000000002551314999001884.61  
2015051400000500138000000003693620074000121.30  
2015051400000500138000000003693620204000606.48  
2015051400000500138000000003693620301000606.48  
2015051400000500138000000003693620303000103.71  
2015051400000500138000000003693620305000030.32  
2015051400000500138000000003693620307000103.71  
2015051400000500138000000003693620311000030.32  
2015051400000500138000000003693620999001051.39  
2015051400000500139000000004897781074000120.10  
2015051400000500139000000004897781204000600.48  
2015051400000500139000000004897781301000600.48  
2015051400000500139000000004897781303000102.68  
2015051400000500139000000004897781305000030.02  
2015051400000500139000000004897781307000102.68  
2015051400000500139000000004897781311000030.02  
2015051400000500139000000004897781999000374.35  
2015051400000500140000000004886972074000085.96  
2015051400000500140000000004886972204000429.80  
2015051400000500140000000004886972302000429.80  
2015051400000500140000000004886972304000073.50  
2015051400000500140000000004886972306000021.49  
2015051400000500140000000004886972308000073.50  
2015051400000500140000000004886972312000021.49  
2015051400000500140000000004886972999002782.40  
2015051400000500141000000004870962074000085.96  
2015051400000500141000000004870962204000429.80  
2015051400000500141000000004870962302000429.80  
2015051400000500141000000004870962304000073.50  
2015051400000500141000000004870962306000021.49  
2015051400000500141000000004870962308000073.50  
2015051400000500141000000004870962312000021.49  
2015051400000500141000000004870962999000847.18  
2015051400000500142000000003064016074000133.39  
2015051400000500142000000003064016204000666.96  
2015051400000500142000000003064016301000666.96  
2015051400000500142000000003064016303000114.05  
2015051400000500142000000003064016305000033.35  
2015051400000500142000000003064016307000114.05  
2015051400000500142000000003064016311000033.35  
2015051400000500142000000003064016999001793.71  
2015051400000500143000000003753027074000105.62  
2015051400000500143000000003753027204000528.08  
2015051400000500143000000003753027301000528.08  
2015051400000500143000000003753027303000090.30  
2015051400000500143000000003753027305000026.40  
2015051400000500143000000003753027307000090.30  
2015051400000500143000000003753027311000026.40  
2015051400000500143000000003753027999001404.89  
2015051400000500144000000007962862074000116.99  
2015051400000500144000000007962862204000584.97  
2015051400000500144000000007962862301000584.97  
2015051400000500144000000007962862303000100.03  
2015051400000500144000000007962862305000029.25  
2015051400000500144000000007962862307000100.03  
2015051400000500144000000007962862311000029.25  
2015051400000500144000000007962862999002177.47  
2015051400000500145000000002454232074000095.76  
2015051400000500145000000002454232204000478.80  
2015051400000500145000000002454232302000478.80  
2015051400000500145000000002454232304000081.87  
2015051400000500145000000002454232306000023.94  
2015051400000500145000000002454232308000081.87  
2015051400000500145000000002454232312000023.94  
2015051400000500145000000002454232999000498.32  
2015051400000500146000000003734545074000327.14  
2015051400000500146000000003734545204001635.70  
2015051400000500146000000003734545301001635.70  
2015051400000500146000000003734545303000279.70  
2015051400000500146000000003734545305000081.79  
2015051400000500146000000003734545307000279.70  
2015051400000500146000000003734545311000081.79  
2015051400000500146000000003734545999001110.90  
2015051400000500200000000003757088074000276.70  
2015051400000500200000000003757088204001383.48  
2015051400000500200000000003757088301001383.48  
2015051400000500200000000003757088303000236.58  
2015051400000500200000000003757088305000069.17  
2015051400000500200000000003757088307000236.58  
2015051400000500200000000003757088311000069.17  
2015051400000500200000000003757088999004952.83  
2015051400000500201000000002991007074000384.98  
2015051400000500201000000002991007204001924.90  
2015051400000500201000000002991007302001924.90  
2015051400000500201000000002991007304000329.16  
2015051400000500201000000002991007306000096.25  
2015051400000500201000000002991007308000329.16  
2015051400000500201000000002991007312000096.25  
2015051400000500201000000002991007999005632.80  
2015051400000500202000000000953021074000799.36  
2015051400000500202000000000953021204003996.80  
2015051400000500202000000000953021302003996.80  
2015051400000500202000000000953021304000683.45  
2015051400000500202000000000953021306000199.84  
2015051400000500202000000000953021308000683.45  
2015051400000500202000000000953021312000199.84  
2015051400000500202000000000953021999008358.71  
2015051400000500203000000001069089074000770.40  
2015051400000500203000000001069089204003852.00  
2015051400000500203000000001069089302003852.00  
2015051400000500203000000001069089304000658.69  
2015051400000500203000000001069089306000192.60  
2015051400000500203000000001069089308000658.69  
2015051400000500203000000001069089312000192.60  
2015051400000500203000000001069089999002893.60  
2015051400000500204000000003017631074000777.96  
2015051400000500204000000003017631204003889.80  
2015051400000500204000000003017631302003889.80  
2015051400000500204000000003017631304000665.16  
2015051400000500204000000003017631306000194.49  
2015051400000500204000000003017631308000665.16  
2015051400000500204000000003017631312000194.49  
2015051400000500204000000003017631999001343.68  
2015051400000500205000000001893812074000770.40  
2015051400000500205000000001893812204003852.00  
2015051400000500205000000001893812301003852.00  
2015051400000500205000000001893812303000658.69  
2015051400000500205000000001893812305000192.60  
2015051400000500205000000001893812307000658.69  
2015051400000500205000000001893812311000192.60  
2015051400000500205000000001893812999004712.60  
2015051400000500206000000003025505074000797.62  
2015051400000500206000000003025505204003988.08  
2015051400000500206000000003025505302003988.08  
2015051400000500206000000003025505304000681.96  
2015051400000500206000000003025505306000199.40  
2015051400000500206000000003025505308000681.96  
2015051400000500206000000003025505312000199.40  
2015051400000500206000000003025505999006382.09  
2015051400000500207000000005198940074000489.06  
2015051400000500207000000005198940204002445.30  
2015051400000500207000000005198940301002445.30  
2015051400000500207000000005198940303000418.15  
2015051400000500207000000005198940305000122.27  
2015051400000500207000000005198940307000418.15  
2015051400000500207000000005198940311000122.27  
2015051400000500207000000005198940999004099.45  
2015051400000500208000000000778882074000557.10  
2015051400000500208000000000778882204002785.50  
2015051400000500208000000000778882301002785.50  
2015051400000500208000000000778882305000139.28  
2015051400000500208000000000778882311000139.28  
2015051400000500208000000000778882999006772.82  
2015051400000500209000000004901227074000489.06  
2015051400000500209000000004901227204002445.30  
2015051400000500209000000004901227301002445.30  
2015051400000500209000000004901227303000418.15  
2015051400000500209000000004901227305000122.27  
2015051400000500209000000004901227307000418.15  
2015051400000500209000000004901227311000122.27  
2015051400000500209000000004901227999000114.53  
2015051400000500210000000003621269001000054.73  
2015051400000500210000000003621269074000532.91  
2015051400000500210000000003621269204002664.54  
2015051400000500210000000003621269301002664.54  
2015051400000500210000000003621269303000455.64  
2015051400000500210000000003621269305000133.23  
2015051400000500210000000003621269307000455.64  
2015051400000500210000000003621269311000133.23  
2015051400000500210000000003621269999007164.44  
2015051400000500211000000004414796074000489.06  
2015051400000500211000000004414796204002445.30  
2015051400000500211000000004414796301002445.30  
2015051400000500211000000004414796303000418.15  
2015051400000500211000000004414796305000122.27  
2015051400000500211000000004414796307000418.15  
2015051400000500211000000004414796311000122.27  
2015051400000500211000000004414796999005778.76  
2015051400000500212000000004411903074000481.50  
2015051400000500212000000004411903204002407.50  
2015051400000500212000000004411903302002407.50  
2015051400000500212000000004411903304000411.68  
2015051400000500212000000004411903306000120.38  
2015051400000500212000000004411903308000411.68  
2015051400000500212000000004411903312000120.38  
2015051400000500212000000004411903999001458.71  
2015051400000500213000000005213524074000327.14  
2015051400000500213000000005213524204001635.70  
2015051400000500213000000005213524302001635.70  
2015051400000500213000000005213524304000279.70  
2015051400000500213000000005213524306000081.79  
2015051400000500213000000005213524308000279.70  
2015051400000500213000000005213524312000081.79  
2015051400000500213000000005213524999007357.66  
2015051400000500217000000003778798074000336.53  
2015051400000500217000000003778798204001682.64  
2015051400000500217000000003778798301001682.64  
2015051400000500217000000003778798303000287.73  
2015051400000500217000000003778798305000084.13  
2015051400000500217000000003778798307000287.73  
2015051400000500217000000003778798311000084.13  
2015051400000500217000000003778798999007333.18  
2015051400000500218000000002406485001001191.84  
2015051400000500218000000002406485074000286.31  
2015051400000500218000000002406485204001431.56  
2015051400000500218000000002406485301001431.56  
2015051400000500218000000002406485303000244.80  
2015051400000500218000000002406485305000071.58  
2015051400000500218000000002406485307000244.80  
2015051400000500218000000002406485311000071.58  
2015051400000500218000000002406485999001368.83  
2015051400000500219000000000810986074000308.99  
2015051400000500219000000000810986204001544.96  
2015051400000500219000000000810986302001544.96  
2015051400000500219000000000810986304000264.19  
2015051400000500219000000000810986306000077.25  
2015051400000500219000000000810986308000264.19  
2015051400000500219000000000810986312000077.25  
2015051400000500219000000000810986999001369.02  
2015051400000500221000000002900854074000481.50  
2015051400000500221000000002900854204002407.50  
2015051400000500221000000002900854302002407.50  
2015051400000500221000000002900854304000411.68  
2015051400000500221000000002900854306000120.38  
2015051400000500221000000002900854308000411.68  
2015051400000500221000000002900854312000120.38  
2015051400000500221000000002900854999005301.60  
2015051400000500222000000002862575074000481.50  
2015051400000500222000000002862575204002407.50  
2015051400000500222000000002862575301002407.50  
2015051400000500222000000002862575303000411.68  
2015051400000500222000000002862575305000120.38  
2015051400000500222000000002862575307000411.68  
2015051400000500222000000002862575311000120.38  
2015051400000500222000000002862575999000110.75  
2015051400000500224000000004433413001001216.10  
2015051400000500224000000004433413074000327.14  
2015051400000500224000000004433413204001635.70  
2015051400000500224000000004433413301001635.70  
2015051400000500224000000004433413303000279.70  
2015051400000500224000000004433413305000081.79  
2015051400000500224000000004433413307000279.70  
2015051400000500224000000004433413311000081.79  
2015051400000500224000000004433413999000937.54  
