20150514000005000530000000044701020900000111220000264.98  
20150514000005000530000000044701020900000111600001440.00  
20150514000005000530000000044701020900000111700007078.79  
20150514000005000890000000045263860900000111220000169.37  
20150514000005000890000000045263860900000111700002874.29  
20150514000005000540000000030812510900000111220002040.79  
20150514000005000540000000030812510900000111700008017.40  
20150514000005000900000000045103950900000111220000160.22  
20150514000005000900000000045103950900000111700002719.13  
20150514000005000440000000009521341000000111220002507.70  
20150514000005000440000000009521341000000111700009851.69  
20150514000005000280000000030994141100000111220000519.64  
20150514000005000280000000030994141100000111310001685.13  
20150514000005000280000000030994141100000111700008425.66  
20150514000005002190000000008109860900000111220001541.60  
20150514000005002190000000008109860900000111700010575.33  
20150514000005001150000000043297891100000111220001238.25  
20150514000005001150000000043297891100000111310000666.12  
20150514000005001150000000043297891100000111700003330.61  
20150514000005001150000000043297891100000111910001377.36  
20150514000005002180000000024064850900000111220000577.15  
20150514000005002180000000024064850900000111700009358.26  
20150514000005000550000000033144560900000111220000441.89  
20150514000005000550000000033144560900000111700005365.81  
20150514000005000210000000036231231100000111220002143.03  
20150514000005000210000000036231231100000111700009621.74  
20150514000005001210000000018643811100000111220001130.94  
20150514000005001210000000018643811100000111310000533.13  
20150514000005001210000000018643811100000111600001440.00  
20150514000005001210000000018643811100000111700002665.67  
20150514000005001210000000018643811100000111910000739.17  
20150514000005000450000000035116591200000111220000308.41  
20150514000005000450000000035116591200000111700010177.68  
20150514000005001220000000017642751100000111220000403.63  
20150514000005001220000000017642751100000111310000449.74  
20150514000005001220000000017642751100000111700002248.71  
20150514000005001220000000017642751100000111910000600.13  
20150514000005000290000000037708311100000111220001312.81  
20150514000005000290000000037708311100000111310001801.17  
20150514000005000290000000037708311100000111700009005.84  
20150514000005000560000000051699641000000111220000297.83  
20150514000005000560000000051699641000000111700007956.23  
20150514000005002110000000044147960900000111220000240.63  
20150514000005002110000000044147960900000111700015325.62  
20150514000005001160000000035049721100000111220001871.60  
20150514000005001160000000035049721100000111310000769.93  
20150514000005001160000000035049721100000111700003849.66  
20150514000005001160000000035049721100000111910001074.70  
20150514000005000650000000044144611100000111220000712.25  
20150514000005000650000000044144611100000111310001546.64  
20150514000005000650000000044144611100000111700007733.23  
20150514000005000570000000030128040900000111220000251.41  
20150514000005000570000000030128040900000111700006716.30  
20150514000005001170000000037549901100000111220001474.14  
20150514000005001170000000037549901100000111310000606.42  
20150514000005001170000000037549901100000111700003032.12  
20150514000005001170000000037549901100000111910000796.56  
20150514000005000740000000052918901100000111220000299.94  
20150514000005000740000000052918901100000111310001244.37  
20150514000005000740000000052918901100000111700006221.87  
20150514000005002000000000037570880900000111220000700.68  
20150514000005002000000000037570880900000111700006422.89  
20150514000005000750000000040131221000000111220000303.42  
20150514000005000750000000040131221000000111700006293.95  
20150514000005000910000000040761511100000111220000166.02  
20150514000005000910000000040761511100000111700002817.43  
20150514000005001230000000034170501100000111220000594.10  
20150514000005001230000000034170501100000111310000661.97  
20150514000005001230000000034170501100000111700003309.86  
20150514000005001230000000034170501100000111910000539.24  
20150514000005000470000000035904831000000111220000626.12  
20150514000005000470000000035904831000000111700009391.81  
20150514000005000580000000044506571000000111220000310.52  
20150514000005000580000000044506571000000111700008295.24  
20150514000005001380000000036936201000000111220000951.94  
20150514000005001380000000036936201000000111310000548.44  
20150514000005001380000000036936201000000111700002742.20  
20150514000005001010000000013705021100000111220001507.21  
20150514000005001010000000013705021100000111310000581.09  
20150514000005001010000000013705021100000111700002905.43  
20150514000005001010000000013705021100000111910000145.87  
20150514000005000180000000030045571200000111220001624.55  
20150514000005000180000000030045571200000111700012273.40  
20150514000005001020000000026926041100000111220000763.46  
20150514000005001020000000026926041100000111310000452.19  
20150514000005001020000000026926041100000111700002260.93  
20150514000005001020000000026926041100000111910000169.56  
20150514000005000920000000029143441100000111220002299.76  
20150514000005000920000000029143441100000111310000929.26  
20150514000005000920000000029143441100000111700004646.30  
20150514000005000920000000029143441100000111910000348.48  
20150514000005002130000000052135240900000111220000159.93  
20150514000005002130000000052135240900000111700006760.43  
20150514000005001030000000009599340900000111220002796.91  
20150514000005001030000000009599340900000111700004307.09  
20150514000005001240000000037862621100000111220000752.10  
20150514000005001240000000037862621100000111310000512.12  
20150514000005001240000000037862621100000111700002560.61  
20150514000005001240000000037862621100000111910000064.02  
20150514000005000090000000028683471000000111220000582.04  
20150514000005000090000000028683471000000111700011183.71  
20150514000005000100000000031374600900000111220001099.44  
20150514000005000100000000031374600900000111700006834.72  
20150514000005000810000000064080310900000111220000325.66  
20150514000005000810000000064080310900000111700006243.49  
20150514000005000810000000064080310900000111910000655.57  
20150514000005000760000000064666681100000111220000305.89  
20150514000005000760000000064666681100000111310001269.03  
20150514000005000760000000064666681100000111700006345.16  
20150514000005000110000000030253460900000111700012882.61  
20150514000005000300000000037697441200000111220000295.97  
20150514000005000300000000037697441200000111700010557.84  
20150514000005000930000000030781101100000111220001557.88  
20150514000005000930000000030781101100000111310000777.61  
20150514000005000930000000030781101100000111700003888.03  
20150514000005000930000000030781101100000111910001053.01  
20150514000005001250000000088545261100000111220000218.86  
20150514000005001250000000088545261100000111310000536.50  
20150514000005001250000000088545261100000111700002682.49  
20150514000005001250000000088545261100000111910000906.45  
20150514000005000590000000009363050900000111220001302.32  
20150514000005000590000000009363050900000111700005116.28  
20150514000005001260000000051518861100000111220000489.84  
20150514000005001260000000051518861100000111310000545.80  
20150514000005001260000000051518861100000111700002728.98  
20150514000005001260000000051518861100000111910000069.93  
20150514000005000820000000028997750900000111220000223.28  
20150514000005000820000000028997750900000111700004280.79  
20150514000005000310000000036220651200000111220001327.55  
20150514000005000310000000036220651200000111700006964.16  
20150514000005000660000000051617001100000111220000307.92  
20150514000005000660000000051617001100000111310001471.03  
20150514000005000660000000051617001100000111700007355.16  
20150514000005001270000000045380110900000111220000194.76  
20150514000005001270000000045380110900000111700002387.07  
20150514000005000830000000019306230900000111220000294.86  
20150514000005000830000000019306230900000111700005653.12  
20150514000005000950000000064310240900000111220000270.04  
20150514000005000950000000064310240900000111700004582.83  
20150514000005001040000000017606861100000111220001215.08  
20150514000005001040000000017606861100000111310000719.67  
20150514000005001040000000017606861100000111700003598.37  
20150514000005001180000000034820631100000111220002000.64  
20150514000005001180000000034820631100000111310000823.02  
20150514000005001180000000034820631100000111700004115.08  
20150514000005001180000000034820631100000111910001273.10  
20150514000005000670000000045398890900000111220000183.87  
20150514000005000670000000045398890900000111700004391.85  
20150514000005001190000000048000591100000111220000437.03  
20150514000005001190000000048000591100000111310000555.70  
20150514000005001190000000048000591100000111700002778.50  
20150514000005001190000000048000591100000111910000055.58  
20150514000005000960000000030993041100000111220000294.43  
20150514000005000960000000030993041100000111310000999.34  
20150514000005000960000000030993041100000111700004996.70  
20150514000005001200000000042929851100000111220000253.66  
20150514000005001200000000042929851100000111310000709.58  
20150514000005001200000000042929851100000111700003547.93  
20150514000005001050000000008031310900000111220002904.74  
20150514000005001050000000008031310900000111700004473.15  
20150514000005002090000000049012270900000111220000328.19  
20150514000005002090000000049012270900000111700020902.29  
20150514000005000680000000048841640900000111220000273.18  
20150514000005000680000000048841640900000111700006525.23  
20150514000005000840000000028792790900000111220002047.47  
20150514000005000840000000028792790900000111700005772.63  
20150514000005000850000000064730211000000111220000202.97  
20150514000005000850000000064730211000000111700003891.35  
20150514000005001390000000048977811100000111220000306.39  
20150514000005001390000000048977811100000111310000635.48  
20150514000005001390000000048977811100000111700003177.40  
20150514000005001390000000048977811100000111910000748.01  
20150514000005000320000000037688620900000111220000655.76  
20150514000005000320000000037688620900000111700010632.87  
20150514000005001060000000020457010900000111220002779.77  
20150514000005001060000000020457010900000111700004280.71  
20150514000005001460000000037345451000000111220000304.28  
20150514000005001460000000037345451000000111700012862.84  
20150514000005000340000000052702481200000111220000312.06  
20150514000005000340000000052702481200000111700011131.88  
20150514000005001400000000048869720900000111220000085.25  
20150514000005001400000000048869720900000111600001440.00  
20150514000005001400000000048869720900000111700000884.07  
20150514000005002240000000044334130900000111220000280.19  
20150514000005002240000000044334130900000111700011844.19  
20150514000005001070000000038318380900000111220000876.43  
20150514000005001070000000038318380900000111700002595.51  
20150514000005002050000000018938121100000111700028911.51  
20150514000005001080000000008552790900000111220002273.55  
20150514000005001080000000008552790900000111700003501.14  
20150514000005000690000000034593161200000111220000307.02  
20150514000005000690000000034593161200000111700007333.47  
20150514000005001280000000060963391100000111220000296.16  
20150514000005001280000000060963391100000111310000725.97  
20150514000005001280000000060963391100000111700003629.87  
20150514000005001280000000060963391100000111910001133.58  
20150514000005000700000000037290380900000111220001135.10  
20150514000005000700000000037290380900000111700003987.26  
20150514000005000710000000037205221100000111220001633.73  
20150514000005000710000000037205221100000111310001147.75  
20150514000005000710000000037205221100000111700005738.76  
20150514000005000360000000028904761200000111700011724.14  
20150514000005000370000000044187971200000111220000307.36  
20150514000005000370000000044187971200000111700010964.04  
20150514000005001290000000051794601100000111220000223.55  
20150514000005001290000000051794601100000111310000249.08  
20150514000005001290000000051794601100000111600001440.00  
20150514000005001290000000051794601100000111700001245.42  
20150514000005001290000000051794601100000111910000399.32  
20150514000005001300000000044107891100000111220001062.93  
20150514000005001300000000044107891100000111310000501.07  
20150514000005001300000000044107891100000111700002505.36  
20150514000005001300000000044107891100000111910000660.79  
20150514000005000480000000036173220900000111220000177.56  
20150514000005000480000000036173220900000111700005859.31  
20150514000005002060000000030255050900000111220000970.08  
20150514000005002060000000030255050900000111700027459.79  
20150514000005001090000000037827311100000111220002457.59  
20150514000005001090000000037827311100000111310000901.08  
20150514000005001090000000037827311100000111700004505.42  
20150514000005001090000000037827311100000111910001112.28  
20150514000005000780000000052419840900000111220000266.31  
20150514000005000780000000052419840900000111700005524.26  
20150514000005000780000000052419840900000111910000552.43  
20150514000005002010000000029910070900000111700011169.64  
20150514000005002030000000010690890900000111700030730.51  
20150514000005000130000000031378190900000111220002025.40  
20150514000005000130000000031378190900000111700012590.95  
20150514000005000790000000052259660900000111220000160.88  
20150514000005000790000000052259660900000111700003337.28  
20150514000005000860000000044618940900000111220000340.69  
20150514000005000860000000044618940900000111700002969.00  
20150514000005001410000000048709620900000111220000255.45  
20150514000005001410000000048709620900000111700002649.09  
20150514000005000870000000051932150900000111220000232.94  
20150514000005000870000000051932150900000111700004465.95  
20150514000005000190000000005681381200000111220002738.95  
20150514000005000190000000005681381200000111700010760.15  
20150514000005000600000000044208960900000111220000329.67  
20150514000005000600000000044208960900000111700008807.03  
20150514000005000610000000035181171000000111220000503.96  
20150514000005000610000000035181171000000111700006119.46  
20150514000005001420000000030640161000000111220001187.15  
20150514000005001420000000030640161000000111310000473.51  
20150514000005001420000000030640161000000111700002367.52  
20150514000005000970000000045021820900000111220000306.23  
20150514000005000970000000045021820900000111700005197.00  
20150514000005002220000000028625750900000111700020904.31  
20150514000005000980000000040225151100000111220000333.32  
20150514000005000980000000040225151100000111310000514.25  
20150514000005000980000000040225151100000111600001440.00  
20150514000005000980000000040225151100000111700002571.26  
20150514000005001320000000044154021100000111220000433.28  
20150514000005001320000000044154021100000111310000482.78  
20150514000005001320000000044154021100000111700002413.88  
20150514000005001320000000044154021100000111910000580.34  
20150514000005002210000000029008541100000111700015713.46  
20150514000005001330000000042002231100000111220000153.67  
20150514000005001330000000042002231100000111310000376.70  
20150514000005001330000000042002231100000111700001883.52  
20150514000005001330000000042002231100000111910000439.50  
20150514000005002070000000051989401000000111220000266.59  
20150514000005002070000000051989401000000111700016978.97  
20150514000005000990000000056485771100000111220000264.26  
20150514000005000990000000056485771100000111310000896.96  
20150514000005000990000000056485771100000111700004484.80  
20150514000005000380000000044249660900000111220000237.15  
20150514000005000380000000044249660900000111700008459.65  
20150514000005001340000000036055810900000111220000194.01  
20150514000005001340000000036055810900000111700002377.96  
20150514000005001430000000037530270900000111220000825.82  
20150514000005001430000000037530270900000111700002378.91  
20150514000005002100000000036212690900000111220001547.29  
20150514000005002100000000036212690900000111700014492.30  
20150514000005000150000000035888920900000111700013564.38  
20150514000005001350000000059031341100000111220000448.32  
20150514000005001350000000059031341100000111310000499.53  
20150514000005001350000000059031341100000111600001440.00  
20150514000005001350000000059031341100000111700002497.66  
20150514000005001350000000059031341100000111910000241.96  
20150514000005000620000000044678691200000111220000307.79  
20150514000005000620000000044678691200000111700008222.32  
20150514000005002120000000044119031000000111700019556.35  
20150514000005000880000000037423650900000111220000668.43  
20150514000005000880000000037423650900000111700005825.08  
20150514000005001100000000037206271100000111220001385.92  
20150514000005001100000000037206271100000111310000508.15  
20150514000005001100000000037206271100000111700002540.76  
20150514000005001100000000037206271100000111910000246.14  
20150514000005000400000000035564380900000111220000584.39  
20150514000005000400000000035564380900000111700009475.61  
20150514000005000400000000035564380900000111910000994.94  
20150514000005001110000000028941011100000111220001377.07  
20150514000005001110000000028941011100000111700003118.55  
20150514000005000410000000028750931100000111220000312.10  
20150514000005000410000000028750931100000111700011133.14  
20150514000005002020000000009530210900000111220000250.90  
20150514000005002020000000009530210900000111700026278.46  
20150514000005001120000000017140321100000111220002837.61  
20150514000005001120000000017140321100000111700004369.76  
20150514000005001120000000017140321100000111910000498.88  
20150514000005002170000000037787980900000111220001123.49  
20150514000005002170000000037787980900000111700006231.10  
20150514000005000800000000037686630900000111220000282.64  
20150514000005000800000000037686630900000111700005862.88  
20150514000005000200000000042889520900000111220000329.06  
20150514000005000200000000042889520900000111700012927.35  
20150514000005001360000000047023491100000111220000444.83  
20150514000005001360000000047023491100000111310000495.65  
20150514000005001360000000047023491100000111700002478.24  
20150514000005001360000000047023491100000111910000833.31  
20150514000005002040000000030176310900000111220000316.90  
20150514000005002040000000030176310900000111700032293.48  
20150514000005000250000000031317101100000111220001514.10  
20150514000005000250000000031317101100000111700006798.02  
20150514000005001130000000059166500900000111220000219.23  
20150514000005001130000000059166500900000111600003096.00  
20150514000005001130000000059166500900000111700003376.10  
20150514000005001370000000025513140900000111220001571.21  
20150514000005001370000000025513140900000111700002832.02  
20150514000005000730000000037295801200000111220000247.34  
20150514000005000730000000037295801200000111700005907.96  
20150514000005001440000000079628621100000111220000189.25  
20150514000005001440000000079628621100000111310000392.52  
20150514000005001440000000079628621100000111600001440.00  
20150514000005001440000000079628621100000111700001962.59  
20150514000005001440000000079628621100000111910000384.34  
20150514000005000260000000013206270900000111220000264.61  
20150514000005000260000000013206270900000111700009979.58  
20150514000005000270000000013847920900000111220000284.01  
20150514000005000270000000013847920900000111700010711.20  
20150514000005000430000000021398970900000111220001542.42  
20150514000005000430000000021398970900000111700006550.12  
20150514000005000160000000037321240900000111220001591.24  
20150514000005000160000000037321240900000111700012935.68  
20150514000005001000000000073493141000000111220003349.70  
20150514000005001000000000073493141000000111700005684.74  
20150514000005001450000000024542320900000111220000290.62  
20150514000005001450000000024542320900000111700003013.79  
20150514000005001450000000024542320900000111910000376.72  
20150514000005002080000000007788821200000111220002445.11  
20150514000005002080000000007788821200000111700015573.01  
20150514000005000630000000059353090900000111220000321.56  
20150514000005000630000000059353090900000111700008590.26  
20150514000005001140000000009602780900000111220001291.38  
20150514000005001140000000009602780900000111700003824.34  
20150514000005000640000000044674200900000111220000962.11  
20150514000005000640000000044674200900000111700004942.73  
