20150514000005000000000000001301010000010262005662.9700000000
20150514000005000000000000002901010000010261003189.0300000000
20150514000005000000000855279301010000010269000550.0000000000
20150514000005000000004800059201010000010271000500.0000000000
20150514000005000000005179460301010000010270000350.0000000000
20150514000005000000160130029301010000010267004320.0000000000
20150514000005000000168206024901010000010268007200.0000000000
20150514000005000001006803028301010000010322218740.4900000000
20150514000005000001006803028301010000010323002919.9600000000
20150514000005000001022913028301010000010278212620.8300000000
20150514000005000001023013022301010000010260175097.4800000000
20150514000005000001028339025301010000010324119360.3500000000
20150514000005000001028339025301010000010325006216.1400000000
20150514000005000001028415020301010000000000073330.0000000000
20150514000005000001028415020301010000000000120564.1800000000
