2015051400000600009000000002868347074000337.46  
2015051400000600009000000002868347204001687.32  
2015051400000600009000000002868347301001687.32  
2015051400000600009000000002868347303000288.53  
2015051400000600009000000002868347305000084.37  
2015051400000600009000000002868347307000288.53  
2015051400000600009000000002868347311000084.37  
2015051400000600009000000002868347999002893.39  
2015051400000600010000000003137460074000353.36  
2015051400000600010000000003137460204001766.81  
2015051400000600010000000003137460301001766.81  
2015051400000600010000000003137460303000302.12  
2015051400000600010000000003137460305000088.34  
2015051400000600010000000003137460307000302.12  
2015051400000600010000000003137460311000088.34  
2015051400000600010000000003137460999008339.89  
2015051400000600011000000003025346074000319.58  
2015051400000600011000000003025346204001597.90  
2015051400000600011000000003025346302001597.90  
2015051400000600011000000003025346304000273.24  
2015051400000600011000000003025346306000079.90  
2015051400000600011000000003025346308000273.24  
2015051400000600011000000003025346312000079.90  
2015051400000600011000000003025346999001068.25  
2015051400000600013000000003137819074000353.36  
2015051400000600013000000003137819204001766.81  
2015051400000600013000000003137819301001766.81  
2015051400000600013000000003137819303000302.12  
2015051400000600013000000003137819305000088.34  
2015051400000600013000000003137819307000302.12  
2015051400000600013000000003137819311000088.34  
2015051400000600013000000003137819999001523.91  
2015051400000600015000000003588892074000319.58  
2015051400000600015000000003588892204001597.90  
2015051400000600015000000003588892302001597.90  
2015051400000600015000000003588892304000273.24  
2015051400000600015000000003588892306000079.90  
2015051400000600015000000003588892308000273.24  
2015051400000600015000000003588892312000079.90  
2015051400000600015000000003588892999000378.19  
2015051400000600016000000003732124074000345.41  
2015051400000600016000000003732124204001727.07  
2015051400000600016000000003732124301001727.07  
2015051400000600016000000003732124303000295.33  
2015051400000600016000000003732124305000086.35  
2015051400000600016000000003732124307000295.33  
2015051400000600016000000003732124311000086.35  
2015051400000600016000000003732124999001099.74  
2015051400000600018000000003004557074000322.83  
2015051400000600018000000003004557204001614.17  
2015051400000600018000000003004557301001614.17  
2015051400000600018000000003004557303000276.02  
2015051400000600018000000003004557305000080.71  
2015051400000600018000000003004557307000276.02  
2015051400000600018000000003004557311000080.71  
2015051400000600018000000003004557999000746.69  
2015051400000600019000000000568138074000346.68  
2015051400000600019000000000568138204001733.40  
2015051400000600019000000000568138301001733.40  
2015051400000600019000000000568138305000086.67  
2015051400000600019000000000568138311000086.67  
2015051400000600019000000000568138999003017.80  
2015051400000600020000000004288952074000301.97  
2015051400000600020000000004288952204001509.84  
2015051400000600020000000004288952301001509.84  
2015051400000600020000000004288952303000258.18  
2015051400000600020000000004288952305000075.49  
2015051400000600020000000004288952307000258.18  
2015051400000600020000000004288952311000075.49  
2015051400000600020000000004288952999000151.86  
2015051400000600021000000003623123074000326.85  
2015051400000600021000000003623123204001634.26  
2015051400000600021000000003623123302001634.26  
2015051400000600021000000003623123304000279.46  
2015051400000600021000000003623123306000081.71  
2015051400000600021000000003623123308000279.46  
2015051400000600021000000003623123312000081.71  
2015051400000600021000000003623123999003393.49  
2015051400000600025000000003131710074000326.85  
2015051400000600025000000003131710204001634.26  
2015051400000600025000000003131710301001634.26  
2015051400000600025000000003131710303000279.46  
2015051400000600025000000003131710305000081.71  
2015051400000600025000000003131710307000279.46  
2015051400000600025000000003131710311000081.71  
2015051400000600025000000003131710999006808.04  
2015051400000600026000000001320627001000355.43  
2015051400000600026000000001320627074000290.09  
2015051400000600026000000001320627204001450.44  
2015051400000600026000000001320627301001450.44  
2015051400000600026000000001320627303000248.03  
2015051400000600026000000001320627305000072.52  
2015051400000600026000000001320627307000248.03  
2015051400000600026000000001320627311000072.52  
2015051400000600026000000001320627999000398.24  
2015051400000600027000000001384792074000290.09  
2015051400000600027000000001384792204001450.44  
2015051400000600027000000001384792302001450.44  
2015051400000600027000000001384792304000248.03  
2015051400000600027000000001384792306000072.52  
2015051400000600027000000001384792308000248.03  
2015051400000600027000000001384792312000072.52  
2015051400000600027000000001384792999001018.85  
2015051400000600028000000003099414074000334.55  
2015051400000600028000000003099414204001672.73  
2015051400000600028000000003099414302001672.73  
2015051400000600028000000003099414304000286.04  
2015051400000600028000000003099414306000083.64  
2015051400000600028000000003099414308000286.04  
2015051400000600028000000003099414312000083.64  
2015051400000600028000000003099414999004183.30  
2015051400000600029000000003770831074000349.45  
2015051400000600029000000003770831204001747.25  
2015051400000600029000000003770831301001747.25  
2015051400000600029000000003770831303000298.78  
2015051400000600029000000003770831305000087.36  
2015051400000600029000000003770831307000298.78  
2015051400000600029000000003770831311000087.36  
2015051400000600029000000003770831999003717.56  
2015051400000600030000000003769744074000274.65  
2015051400000600030000000003769744204001373.24  
2015051400000600030000000003769744301001373.24  
2015051400000600030000000003769744303000234.82  
2015051400000600030000000003769744305000068.66  
2015051400000600030000000003769744307000234.82  
2015051400000600030000000003769744311000068.66  
2015051400000600030000000003769744999001237.72  
2015051400000600031000000003622065074000303.46  
2015051400000600031000000003622065204001517.31  
2015051400000600031000000003622065301001517.31  
2015051400000600031000000003622065303000259.46  
2015051400000600031000000003622065305000075.87  
2015051400000600031000000003622065307000259.46  
2015051400000600031000000003622065311000075.87  
2015051400000600031000000003622065999005649.12  
2015051400000600032000000003768862074000280.61  
2015051400000600032000000003768862204001403.05  
2015051400000600032000000003768862301001403.05  
2015051400000600032000000003768862303000239.92  
2015051400000600032000000003768862305000070.15  
2015051400000600032000000003768862307000239.92  
2015051400000600032000000003768862311000070.15  
2015051400000600032000000003768862999001191.72  
2015051400000600034000000005270248074000274.65  
2015051400000600034000000005270248204001373.24  
2015051400000600034000000005270248301001373.24  
2015051400000600034000000005270248303000234.82  
2015051400000600034000000005270248305000068.66  
2015051400000600034000000005270248307000234.82  
2015051400000600034000000005270248311000068.66  
2015051400000600034000000005270248999000759.38  
2015051400000600036000000002890476001000376.27  
2015051400000600036000000002890476074000269.68  
2015051400000600036000000002890476204001348.40  
2015051400000600036000000002890476301001348.40  
2015051400000600036000000002890476303000230.58  
2015051400000600036000000002890476305000067.42  
2015051400000600036000000002890476307000230.58  
2015051400000600036000000002890476311000067.42  
2015051400000600036000000002890476999000044.84  
2015051400000600037000000004418797074000274.65  
2015051400000600037000000004418797204001373.24  
2015051400000600037000000004418797302001373.24  
2015051400000600037000000004418797304000234.82  
2015051400000600037000000004418797306000068.66  
2015051400000600037000000004418797308000234.82  
2015051400000600037000000004418797312000068.66  
2015051400000600037000000004418797999000800.36  
2015051400000600038000000004424966074000274.65  
2015051400000600038000000004424966204001373.24  
2015051400000600038000000004424966301001373.24  
2015051400000600038000000004424966303000234.82  
2015051400000600038000000004424966305000068.66  
2015051400000600038000000004424966307000234.82  
2015051400000600038000000004424966311000068.66  
2015051400000600038000000004424966999003370.54  
2015051400000600040000000003556438074000307.58  
2015051400000600040000000003556438204001537.89  
2015051400000600040000000003556438302001537.89  
2015051400000600040000000003556438304000262.98  
2015051400000600040000000003556438306000076.89  
2015051400000600040000000003556438308000262.98  
2015051400000600040000000003556438312000076.89  
2015051400000600040000000003556438999002655.39  
2015051400000600041000000002875093074000274.65  
2015051400000600041000000002875093204001373.24  
2015051400000600041000000002875093302001373.24  
2015051400000600041000000002875093304000234.82  
2015051400000600041000000002875093306000068.66  
2015051400000600041000000002875093308000234.82  
2015051400000600041000000002875093312000068.66  
2015051400000600041000000002875093999000649.92  
2015051400000600043000000002139897074000311.41  
2015051400000600043000000002139897204001557.06  
2015051400000600043000000002139897301001557.06  
2015051400000600043000000002139897303000266.26  
2015051400000600043000000002139897305000077.85  
2015051400000600043000000002139897307000266.26  
2015051400000600043000000002139897311000077.85  
2015051400000600043000000002139897999008257.17  
2015051400000600044000000000952134074000291.21  
2015051400000600044000000000952134204001456.06  
2015051400000600044000000000952134302001456.06  
2015051400000600044000000000952134304000248.99  
2015051400000600044000000000952134306000072.80  
2015051400000600044000000000952134308000248.99  
2015051400000600044000000000952134312000072.80  
2015051400000600044000000000952134999001241.87  
2015051400000600045000000003511659074000254.45  
2015051400000600045000000003511659204001272.24  
2015051400000600045000000003511659301001272.24  
2015051400000600045000000003511659303000217.55  
2015051400000600045000000003511659305000063.61  
2015051400000600045000000003511659307000217.55  
2015051400000600045000000003511659311000063.61  
2015051400000600045000000003511659999000736.54  
2015051400000600047000000003590483074000260.41  
2015051400000600047000000003590483204001302.05  
2015051400000600047000000003590483301001302.05  
2015051400000600047000000003590483303000222.65  
2015051400000600047000000003590483305000065.10  
2015051400000600047000000003590483307000222.65  
2015051400000600047000000003590483311000065.10  
2015051400000600047000000003590483999001578.76  
2015051400000600048000000003617322001000126.37  
2015051400000600048000000003617322074000254.45  
2015051400000600048000000003617322204001272.24  
2015051400000600048000000003617322302001272.24  
2015051400000600048000000003617322304000217.55  
2015051400000600048000000003617322306000063.61  
2015051400000600048000000003617322308000217.55  
2015051400000600048000000003617322312000063.61  
2015051400000600048000000003617322999005220.14  
2015051400000600053000000004470102001000432.80  
2015051400000600053000000004470102074000206.93  
2015051400000600053000000004470102204001034.64  
2015051400000600053000000004470102301001034.64  
2015051400000600053000000004470102303000176.92  
2015051400000600053000000004470102305000051.73  
2015051400000600053000000004470102307000176.92  
2015051400000600053000000004470102311000051.73  
2015051400000600053000000004470102999001731.56  
2015051400000600054000000003081251074000235.74  
2015051400000600054000000003081251204001178.71  
2015051400000600054000000003081251301001178.71  
2015051400000600054000000003081251303000201.56  
2015051400000600054000000003081251305000058.94  
2015051400000600054000000003081251307000201.56  
2015051400000600054000000003081251311000058.94  
2015051400000600054000000003081251999000953.18  
2015051400000600055000000003314456074000212.89  
2015051400000600055000000003314456204001064.45  
2015051400000600055000000003314456301001064.45  
2015051400000600055000000003314456303000182.02  
2015051400000600055000000003314456305000053.22  
2015051400000600055000000003314456307000182.02  
2015051400000600055000000003314456311000053.22  
2015051400000600055000000003314456999003722.37  
2015051400000600056000000005169964074000206.93  
2015051400000600056000000005169964204001034.64  
2015051400000600056000000005169964302001034.64  
2015051400000600056000000005169964304000176.92  
2015051400000600056000000005169964306000051.73  
2015051400000600056000000005169964308000176.92  
2015051400000600056000000005169964312000051.73  
2015051400000600056000000005169964999000841.99  
2015051400000600057000000003012804074000206.93  
2015051400000600057000000003012804204001034.64  
2015051400000600057000000003012804302001034.64  
2015051400000600057000000003012804304000176.92  
2015051400000600057000000003012804306000051.73  
2015051400000600057000000003012804308000176.92  
2015051400000600057000000003012804312000051.73  
2015051400000600057000000003012804999002246.30  
2015051400000600058000000004450657074000206.93  
2015051400000600058000000004450657204001034.64  
2015051400000600058000000004450657301001034.64  
2015051400000600058000000004450657303000176.92  
2015051400000600058000000004450657305000051.73  
2015051400000600058000000004450657307000176.92  
2015051400000600058000000004450657311000051.73  
2015051400000600058000000004450657999000440.56  
2015051400000600059000000000936305074000235.74  
2015051400000600059000000000936305204001178.71  
2015051400000600059000000000936305301001178.71  
2015051400000600059000000000936305303000201.56  
2015051400000600059000000000936305305000058.94  
2015051400000600059000000000936305307000201.56  
2015051400000600059000000000936305311000058.94  
2015051400000600059000000000936305999004575.88  
2015051400000600060000000004420896074000206.93  
2015051400000600060000000004420896204001034.64  
2015051400000600060000000004420896301001034.64  
2015051400000600060000000004420896303000176.92  
2015051400000600060000000004420896305000051.73  
2015051400000600060000000004420896307000176.92  
2015051400000600060000000004420896311000051.73  
2015051400000600060000000004420896999000008.70  
2015051400000600061000000003518117074000212.89  
2015051400000600061000000003518117204001064.45  
2015051400000600061000000003518117301001064.45  
2015051400000600061000000003518117303000182.02  
2015051400000600061000000003518117305000053.22  
2015051400000600061000000003518117307000182.02  
2015051400000600061000000003518117311000053.22  
2015051400000600061000000003518117999003021.48  
2015051400000600062000000004467869074000206.93  
2015051400000600062000000004467869204001034.64  
2015051400000600062000000004467869301001034.64  
2015051400000600062000000004467869303000176.92  
2015051400000600062000000004467869305000051.73  
2015051400000600062000000004467869307000176.92  
2015051400000600062000000004467869311000051.73  
2015051400000600062000000004467869999000523.86  
2015051400000600063000000005935309074000206.93  
2015051400000600063000000005935309204001034.64  
2015051400000600063000000005935309301001034.64  
2015051400000600063000000005935309303000176.92  
2015051400000600063000000005935309305000051.73  
2015051400000600063000000005935309307000176.92  
2015051400000600063000000005935309311000051.73  
2015051400000600063000000005935309999000192.70  
2015051400000600064000000004467420074000227.79  
2015051400000600064000000004467420204001138.97  
2015051400000600064000000004467420301001138.97  
2015051400000600064000000004467420303000194.76  
2015051400000600064000000004467420305000056.95  
2015051400000600064000000004467420307000194.76  
2015051400000600064000000004467420311000056.95  
2015051400000600064000000004467420999004583.05  
2015051400000600065000000004414461074000227.63  
2015051400000600065000000004414461204001138.13  
2015051400000600065000000004414461301001138.13  
2015051400000600065000000004414461303000194.62  
2015051400000600065000000004414461305000056.91  
2015051400000600065000000004414461307000194.62  
2015051400000600065000000004414461311000056.91  
2015051400000600065000000004414461999000183.24  
2015051400000600066000000005161700074000221.66  
2015051400000600066000000005161700204001108.32  
2015051400000600066000000005161700301001108.32  
2015051400000600066000000005161700303000189.52  
2015051400000600066000000005161700305000055.42  
2015051400000600066000000005161700307000189.52  
2015051400000600066000000005161700311000055.42  
2015051400000600066000000005161700999000648.37  
2015051400000600067000000004539889074000185.55  
2015051400000600067000000004539889204000927.74  
2015051400000600067000000004539889301000927.74  
2015051400000600067000000004539889303000158.64  
2015051400000600067000000004539889305000046.39  
2015051400000600067000000004539889307000158.64  
2015051400000600067000000004539889311000046.39  
2015051400000600067000000004539889999003524.28  
2015051400000600068000000004884164074000185.55  
2015051400000600068000000004884164204000927.74  
2015051400000600068000000004884164302000927.74  
2015051400000600068000000004884164304000158.64  
2015051400000600068000000004884164306000046.39  
2015051400000600068000000004884164308000158.64  
2015051400000600068000000004884164312000046.39  
2015051400000600068000000004884164999000854.64  
2015051400000600069000000003459316074000185.55  
2015051400000600069000000003459316204000927.74  
2015051400000600069000000003459316302000927.74  
2015051400000600069000000003459316304000158.64  
2015051400000600069000000003459316306000046.39  
2015051400000600069000000003459316308000158.64  
2015051400000600069000000003459316312000046.39  
2015051400000600069000000003459316999000558.29  
2015051400000600070000000003729038074000214.36  
2015051400000600070000000003729038204001071.81  
2015051400000600070000000003729038301001071.81  
2015051400000600070000000003729038303000183.28  
2015051400000600070000000003729038305000053.59  
2015051400000600070000000003729038307000183.28  
2015051400000600070000000003729038311000053.59  
2015051400000600070000000003729038999005224.01  
2015051400000600071000000003720522074000250.48  
2015051400000600071000000003720522204001252.39  
2015051400000600071000000003720522301001252.39  
2015051400000600071000000003720522303000214.16  
2015051400000600071000000003720522305000062.62  
2015051400000600071000000003720522307000214.16  
2015051400000600071000000003720522311000062.62  
2015051400000600071000000003720522999003135.40  
2015051400000600073000000003729580074000185.55  
2015051400000600073000000003729580204000927.74  
2015051400000600073000000003729580302000927.74  
2015051400000600073000000003729580304000158.64  
2015051400000600073000000003729580306000046.39  
2015051400000600073000000003729580308000158.64  
2015051400000600073000000003729580312000046.39  
2015051400000600073000000003729580999001921.02  
2015051400000600074000000005291890074000193.15  
2015051400000600074000000005291890204000965.76  
2015051400000600074000000005291890302000965.76  
2015051400000600074000000005291890304000165.14  
2015051400000600074000000005291890306000048.29  
2015051400000600074000000005291890308000165.14  
2015051400000600074000000005291890312000048.29  
2015051400000600074000000005291890999000755.73  
2015051400000600075000000004013122074000161.79  
2015051400000600075000000004013122204000808.94  
2015051400000600075000000004013122301000808.94  
2015051400000600075000000004013122303000138.33  
2015051400000600075000000004013122305000040.45  
2015051400000600075000000004013122307000138.33  
2015051400000600075000000004013122311000040.45  
2015051400000600075000000004013122999000504.26  
2015051400000600076000000006466668074000193.15  
2015051400000600076000000006466668204000965.76  
2015051400000600076000000006466668302000965.76  
2015051400000600076000000006466668304000165.14  
2015051400000600076000000006466668306000048.29  
2015051400000600076000000006466668308000165.14  
2015051400000600076000000006466668312000048.29  
2015051400000600076000000006466668999000614.05  
2015051400000600078000000005241984074000177.47  
2015051400000600078000000005241984204000887.35  
2015051400000600078000000005241984301000887.35  
2015051400000600078000000005241984303000151.74  
2015051400000600078000000005241984305000044.37  
2015051400000600078000000005241984307000151.74  
2015051400000600078000000005241984311000044.37  
2015051400000600078000000005241984999001532.35  
2015051400000600079000000005225966074000161.79  
2015051400000600079000000005225966204000808.94  
2015051400000600079000000005225966301000808.94  
2015051400000600079000000005225966303000138.33  
2015051400000600079000000005225966305000040.45  
2015051400000600079000000005225966307000138.33  
2015051400000600079000000005225966311000040.45  
2015051400000600079000000005225966999003641.82  
2015051400000600080000000003768663074000161.79  
2015051400000600080000000003768663204000808.94  
2015051400000600080000000003768663302000808.94  
2015051400000600080000000003768663304000138.33  
2015051400000600080000000003768663306000040.45  
2015051400000600080000000003768663308000138.33  
2015051400000600080000000003768663312000040.45  
2015051400000600080000000003768663999001022.19  
2015051400000600081000000006408031074000164.40  
2015051400000600081000000006408031204000822.01  
2015051400000600081000000006408031301000822.01  
2015051400000600081000000006408031303000140.56  
2015051400000600081000000006408031305000041.10  
2015051400000600081000000006408031307000140.56  
2015051400000600081000000006408031311000041.10  
2015051400000600081000000006408031999000087.97  
2015051400000600082000000002899775074000149.91  
2015051400000600082000000002899775204000749.54  
2015051400000600082000000002899775301000749.54  
2015051400000600082000000002899775303000128.17  
2015051400000600082000000002899775305000037.48  
2015051400000600082000000002899775307000128.17  
2015051400000600082000000002899775311000037.48  
2015051400000600082000000002899775999002043.35  
2015051400000600083000000001930623074000149.91  
2015051400000600083000000001930623204000749.54  
2015051400000600083000000001930623302000749.54  
2015051400000600083000000001930623304000128.17  
2015051400000600083000000001930623306000037.48  
2015051400000600083000000001930623308000128.17  
2015051400000600083000000001930623312000037.48  
2015051400000600083000000001930623999000700.00  
2015051400000600084000000002879279074000178.72  
2015051400000600084000000002879279204000893.61  
2015051400000600084000000002879279302000893.61  
2015051400000600084000000002879279304000152.81  
2015051400000600084000000002879279306000044.68  
2015051400000600084000000002879279308000152.81  
2015051400000600084000000002879279312000044.68  
2015051400000600084000000002879279999000716.10  
2015051400000600085000000006473021074000149.91  
2015051400000600085000000006473021204000749.54  
2015051400000600085000000006473021301000749.54  
2015051400000600085000000006473021303000128.17  
2015051400000600085000000006473021305000037.48  
2015051400000600085000000006473021307000128.17  
2015051400000600085000000006473021311000037.48  
2015051400000600085000000006473021999002523.10  
2015051400000600086000000004461894074000155.87  
2015051400000600086000000004461894204000779.35  
2015051400000600086000000004461894301000779.35  
2015051400000600086000000004461894303000133.27  
2015051400000600086000000004461894305000038.97  
2015051400000600086000000004461894307000133.27  
2015051400000600086000000004461894311000038.97  
2015051400000600086000000004461894999003418.87  
2015051400000600087000000005193215074000149.91  
2015051400000600087000000005193215204000749.54  
2015051400000600087000000005193215301000749.54  
2015051400000600087000000005193215303000128.17  
2015051400000600087000000005193215305000037.48  
2015051400000600087000000005193215307000128.17  
2015051400000600087000000005193215311000037.48  
2015051400000600087000000005193215999002153.03  
2015051400000600088000000003742365074000155.87  
2015051400000600088000000003742365204000779.35  
2015051400000600088000000003742365301000779.35  
2015051400000600088000000003742365303000133.27  
2015051400000600088000000003742365305000038.97  
2015051400000600088000000003742365307000133.27  
2015051400000600088000000003742365311000038.97  
2015051400000600088000000003742365999000575.61  
2015051400000600089000000004526386074000133.27  
2015051400000600089000000004526386204000666.34  
2015051400000600089000000004526386302000666.34  
2015051400000600089000000004526386304000113.94  
2015051400000600089000000004526386306000033.32  
2015051400000600089000000004526386308000113.94  
2015051400000600089000000004526386312000033.32  
2015051400000600089000000004526386999002849.99  
2015051400000600090000000004510395074000133.27  
2015051400000600090000000004510395204000666.34  
2015051400000600090000000004510395301000666.34  
2015051400000600090000000004510395303000113.94  
2015051400000600090000000004510395305000033.32  
2015051400000600090000000004510395307000113.94  
2015051400000600090000000004510395311000033.32  
2015051400000600090000000004510395999003135.91  
2015051400000600091000000004076151074000133.27  
2015051400000600091000000004076151204000666.34  
2015051400000600091000000004076151301000666.34  
2015051400000600091000000004076151303000113.94  
2015051400000600091000000004076151305000033.32  
2015051400000600091000000004076151307000113.94  
2015051400000600091000000004076151311000033.32  
2015051400000600091000000004076151999002917.37  
2015051400000600092000000002914344074000205.31  
2015051400000600092000000002914344204001026.57  
2015051400000600092000000002914344301001026.57  
2015051400000600092000000002914344303000175.54  
2015051400000600092000000002914344305000051.33  
2015051400000600092000000002914344307000175.54  
2015051400000600092000000002914344311000051.33  
2015051400000600092000000002914344999001640.93  
2015051400000600093000000003078110074000256.89  
2015051400000600093000000003078110204001284.45  
2015051400000600093000000003078110301001284.45  
2015051400000600093000000003078110303000219.64  
2015051400000600093000000003078110305000064.22  
2015051400000600093000000003078110307000219.64  
2015051400000600093000000003078110311000064.22  
2015051400000600093000000003078110999003222.87  
2015051400000600095000000006431024074000133.27  
2015051400000600095000000006431024204000666.34  
2015051400000600095000000006431024302000666.34  
2015051400000600095000000006431024304000113.94  
2015051400000600095000000006431024306000033.32  
2015051400000600095000000006431024308000113.94  
2015051400000600095000000006431024312000033.32  
2015051400000600095000000006431024999001068.60  
2015051400000600096000000003099304074000158.93  
2015051400000600096000000003099304204000794.64  
2015051400000600096000000003099304301000794.64  
2015051400000600096000000003099304303000135.88  
2015051400000600096000000003099304305000039.73  
2015051400000600096000000003099304307000135.88  
2015051400000600096000000003099304311000039.73  
2015051400000600096000000003099304999000764.23  
2015051400000600097000000004502182074000133.27  
2015051400000600097000000004502182204000666.34  
2015051400000600097000000004502182301000666.34  
2015051400000600097000000004502182303000113.94  
2015051400000600097000000004502182305000033.32  
2015051400000600097000000004502182307000113.94  
2015051400000600097000000004502182311000033.32  
2015051400000600097000000004502182999000421.39  
2015051400000600098000000004022515074000164.89  
2015051400000600098000000004022515204000824.45  
2015051400000600098000000004022515302000824.45  
2015051400000600098000000004022515304000140.98  
2015051400000600098000000004022515306000041.22  
2015051400000600098000000004022515308000140.98  
2015051400000600098000000004022515312000041.22  
2015051400000600098000000004022515999004015.71  
2015051400000600099000000005648577074000158.93  
2015051400000600099000000005648577204000794.64  
2015051400000600099000000005648577302000794.64  
2015051400000600099000000005648577304000135.88  
2015051400000600099000000005648577306000039.73  
2015051400000600099000000005648577308000135.88  
2015051400000600099000000005648577312000039.73  
2015051400000600099000000005648577999001397.50  
2015051400000600100000000007349314074000177.98  
2015051400000600100000000007349314204000889.90  
2015051400000600100000000007349314301000889.90  
2015051400000600100000000007349314305000044.50  
2015051400000600100000000007349314311000044.50  
2015051400000600100000000007349314999000039.60  
2015051400000600101000000001370502074000192.20  
2015051400000600101000000001370502204000961.02  
2015051400000600101000000001370502301000961.02  
2015051400000600101000000001370502303000164.33  
2015051400000600101000000001370502305000048.05  
2015051400000600101000000001370502307000164.33  
2015051400000600101000000001370502311000048.05  
2015051400000600101000000001370502999003803.41  
2015051400000600102000000002692604074000174.85  
2015051400000600102000000002692604204000874.26  
2015051400000600102000000002692604301000874.26  
2015051400000600102000000002692604303000149.50  
2015051400000600102000000002692604305000043.71  
2015051400000600102000000002692604307000149.50  
2015051400000600102000000002692604311000043.71  
2015051400000600102000000002692604999004501.84  
2015051400000600103000000000959934074000166.10  
2015051400000600103000000000959934204000830.50  
2015051400000600103000000000959934302000830.50  
2015051400000600103000000000959934304000142.02  
2015051400000600103000000000959934306000041.53  
2015051400000600103000000000959934308000142.02  
2015051400000600103000000000959934312000041.53  
2015051400000600103000000000959934999001274.10  
2015051400000600104000000001760686074000165.54  
2015051400000600104000000001760686204000827.69  
2015051400000600104000000001760686301000827.69  
2015051400000600104000000001760686303000141.53  
2015051400000600104000000001760686305000041.38  
2015051400000600104000000001760686307000141.53  
2015051400000600104000000001760686311000041.38  
2015051400000600104000000001760686999002239.46  
2015051400000600105000000000803131074000166.10  
2015051400000600105000000000803131204000830.50  
2015051400000600105000000000803131302000830.50  
2015051400000600105000000000803131304000142.02  
2015051400000600105000000000803131306000041.53  
2015051400000600105000000000803131308000142.02  
2015051400000600105000000000803131312000041.53  
2015051400000600105000000000803131999001001.81  
2015051400000600106000000002045701074000166.10  
2015051400000600106000000002045701204000830.50  
2015051400000600106000000002045701301000830.50  
2015051400000600106000000002045701303000142.02  
2015051400000600106000000002045701305000041.53  
2015051400000600106000000002045701307000142.02  
2015051400000600106000000002045701311000041.53  
2015051400000600106000000002045701999001158.21  
2015051400000600107000000003831838074000142.25  
2015051400000600107000000003831838204000711.27  
2015051400000600107000000003831838301000711.27  
2015051400000600107000000003831838303000121.63  
2015051400000600107000000003831838305000035.56  
2015051400000600107000000003831838307000121.63  
2015051400000600107000000003831838311000035.56  
2015051400000600107000000003831838999003375.43  
2015051400000600108000000000855279074000166.10  
2015051400000600108000000000855279204000830.50  
2015051400000600108000000000855279301000830.50  
2015051400000600108000000000855279303000142.02  
2015051400000600108000000000855279305000041.53  
2015051400000600108000000000855279307000142.02  
2015051400000600108000000000855279311000041.53  
2015051400000600108000000000855279999002560.13  
2015051400000600109000000003782731074000219.08  
2015051400000600109000000003782731204001095.39  
2015051400000600109000000003782731301001095.39  
2015051400000600109000000003782731303000187.31  
2015051400000600109000000003782731305000054.77  
2015051400000600109000000003782731307000187.31  
2015051400000600109000000003782731311000054.77  
2015051400000600109000000003782731999001135.97  
2015051400000600110000000003720627074000200.40  
2015051400000600110000000003720627204001002.01  
2015051400000600110000000003720627301001002.01  
2015051400000600110000000003720627303000171.34  
2015051400000600110000000003720627305000050.10  
2015051400000600110000000003720627307000171.34  
2015051400000600110000000003720627311000050.10  
2015051400000600110000000003720627999004621.74  
2015051400000600111000000002894101074000150.20  
2015051400000600111000000002894101204000751.01  
2015051400000600111000000002894101301000751.01  
2015051400000600111000000002894101303000128.42  
2015051400000600111000000002894101305000037.55  
2015051400000600111000000002894101307000128.42  
2015051400000600111000000002894101311000037.55  
2015051400000600111000000002894101999002776.52  
2015051400000600112000000001714032074000200.74  
2015051400000600112000000001714032204001003.68  
2015051400000600112000000001714032301001003.68  
2015051400000600112000000001714032303000171.63  
2015051400000600112000000001714032305000050.18  
2015051400000600112000000001714032307000171.63  
2015051400000600112000000001714032311000050.18  
2015051400000600112000000001714032999001068.21  
2015051400000600113000000005916650074000121.39  
2015051400000600113000000005916650204000606.94  
2015051400000600113000000005916650302000606.94  
2015051400000600113000000005916650304000103.79  
2015051400000600113000000005916650306000030.35  
2015051400000600113000000005916650308000103.79  
2015051400000600113000000005916650312000030.35  
2015051400000600113000000005916650999001810.59  
2015051400000600114000000000960278074000142.25  
2015051400000600114000000000960278204000711.27  
2015051400000600114000000000960278301000711.27  
2015051400000600114000000000960278303000121.63  
2015051400000600114000000000960278305000035.56  
2015051400000600114000000000960278307000121.63  
2015051400000600114000000000960278311000035.56  
2015051400000600114000000000960278999001307.59  
2015051400000600115000000004329789074000171.56  
2015051400000600115000000004329789204000857.78  
2015051400000600115000000004329789301000857.78  
2015051400000600115000000004329789303000146.68  
2015051400000600115000000004329789305000042.89  
2015051400000600115000000004329789307000146.68  
2015051400000600115000000004329789311000042.89  
2015051400000600115000000004329789999002453.40  
2015051400000600116000000003504972074000215.37  
2015051400000600116000000003504972204001076.85  
2015051400000600116000000003504972301001076.85  
2015051400000600116000000003504972303000184.14  
2015051400000600116000000003504972305000053.84  
2015051400000600116000000003504972307000184.14  
2015051400000600116000000003504972311000053.84  
2015051400000600116000000003504972999001522.01  
2015051400000600117000000003754990074000184.57  
2015051400000600117000000003754990204000922.86  
2015051400000600117000000003754990301000922.86  
2015051400000600117000000003754990303000157.81  
2015051400000600117000000003754990305000046.14  
2015051400000600117000000003754990307000157.81  
2015051400000600117000000003754990311000046.14  
2015051400000600117000000003754990999003026.67  
2015051400000600118000000003482063074000185.01  
2015051400000600118000000003482063204000925.06  
2015051400000600118000000003482063301000925.06  
2015051400000600118000000003482063303000158.19  
2015051400000600118000000003482063305000046.25  
2015051400000600118000000003482063307000158.19  
2015051400000600118000000003482063311000046.25  
2015051400000600118000000003482063999000992.85  
2015051400000600119000000004800059074000142.05  
2015051400000600119000000004800059204000710.24  
2015051400000600119000000004800059302000710.24  
2015051400000600119000000004800059304000121.45  
2015051400000600119000000004800059306000035.51  
2015051400000600119000000004800059308000121.45  
2015051400000600119000000004800059312000035.51  
2015051400000600119000000004800059999002511.95  
2015051400000600120000000004292985074000131.86  
2015051400000600120000000004292985204000659.28  
2015051400000600120000000004292985301000659.28  
2015051400000600120000000004292985303000112.74  
2015051400000600120000000004292985305000032.96  
2015051400000600120000000004292985307000112.74  
2015051400000600120000000004292985311000032.96  
2015051400000600120000000004292985999001343.50  
2015051400000600121000000001864381074000171.63  
2015051400000600121000000001864381204000858.17  
2015051400000600121000000001864381301000858.17  
2015051400000600121000000001864381303000146.75  
2015051400000600121000000001864381305000042.91  
2015051400000600121000000001864381307000146.75  
2015051400000600121000000001864381311000042.91  
2015051400000600121000000001864381999002743.78  
2015051400000600122000000001764275074000131.04  
2015051400000600122000000001764275204000655.20  
2015051400000600122000000001764275301000655.20  
2015051400000600122000000001764275303000112.04  
2015051400000600122000000001764275305000032.76  
2015051400000600122000000001764275307000112.04  
2015051400000600122000000001764275311000032.76  
2015051400000600122000000001764275999002901.82  
2015051400000600123000000003417050074000152.31  
2015051400000600123000000003417050204000761.57  
2015051400000600123000000003417050301000761.57  
2015051400000600123000000003417050303000130.23  
2015051400000600123000000003417050305000038.08  
2015051400000600123000000003417050307000130.23  
2015051400000600123000000003417050311000038.08  
2015051400000600123000000003417050999001122.82  
2015051400000600124000000003786262074000130.47  
2015051400000600124000000003786262204000652.33  
2015051400000600124000000003786262301000652.33  
2015051400000600124000000003786262303000111.55  
2015051400000600124000000003786262305000032.62  
2015051400000600124000000003786262307000111.55  
2015051400000600124000000003786262311000032.62  
2015051400000600124000000003786262999002288.71  
2015051400000600125000000008854526074000126.76  
2015051400000600125000000008854526204000633.79  
2015051400000600125000000008854526301000633.79  
2015051400000600125000000008854526303000108.38  
2015051400000600125000000008854526305000031.69  
2015051400000600125000000008854526307000108.38  
2015051400000600125000000008854526311000031.69  
2015051400000600125000000008854526999002065.54  
2015051400000600126000000005151886074000139.67  
2015051400000600126000000005151886204000698.35  
2015051400000600126000000005151886301000698.35  
2015051400000600126000000005151886303000119.42  
2015051400000600126000000005151886305000034.92  
2015051400000600126000000005151886307000119.42  
2015051400000600126000000005151886311000034.92  
2015051400000600126000000005151886999001863.49  
2015051400000600127000000004538011074000097.63  
2015051400000600127000000004538011204000488.14  
2015051400000600127000000004538011302000488.14  
2015051400000600127000000004538011304000083.47  
2015051400000600127000000004538011306000024.41  
2015051400000600127000000004538011308000083.47  
2015051400000600127000000004538011312000024.41  
2015051400000600127000000004538011999001778.89  
2015051400000600128000000006096339074000141.41  
2015051400000600128000000006096339204000707.05  
2015051400000600128000000006096339302000707.05  
2015051400000600128000000006096339304000120.91  
2015051400000600128000000006096339306000035.35  
2015051400000600128000000006096339308000120.91  
2015051400000600128000000006096339312000035.35  
2015051400000600128000000006096339999000646.93  
2015051400000600129000000005179460074000125.48  
2015051400000600129000000005179460204000627.40  
2015051400000600129000000005179460302000627.40  
2015051400000600129000000005179460304000107.29  
2015051400000600129000000005179460306000031.37  
2015051400000600129000000005179460308000107.29  
2015051400000600129000000005179460312000031.37  
2015051400000600129000000005179460999004650.22  
2015051400000600130000000004410789074000158.65  
2015051400000600130000000004410789204000793.23  
2015051400000600130000000004410789301000793.23  
2015051400000600130000000004410789303000135.64  
2015051400000600130000000004410789305000039.66  
2015051400000600130000000004410789307000135.64  
2015051400000600130000000004410789311000039.66  
2015051400000600130000000004410789999002874.77  
2015051400000600132000000004415402074000145.75  
2015051400000600132000000004415402204000728.75  
2015051400000600132000000004415402301000728.75  
2015051400000600132000000004415402303000124.62  
2015051400000600132000000004415402305000036.44  
2015051400000600132000000004415402307000124.62  
2015051400000600132000000004415402311000036.44  
2015051400000600132000000004415402999002619.13  
2015051400000600133000000004200223074000134.73  
2015051400000600133000000004200223204000673.65  
2015051400000600133000000004200223302000673.65  
2015051400000600133000000004200223304000115.19  
2015051400000600133000000004200223306000033.68  
2015051400000600133000000004200223308000115.19  
2015051400000600133000000004200223312000033.68  
2015051400000600133000000004200223999003250.30  
2015051400000600134000000003605581074000097.63  
2015051400000600134000000003605581204000488.14  
2015051400000600134000000003605581301000488.14  
2015051400000600134000000003605581303000083.47  
2015051400000600134000000003605581305000024.41  
2015051400000600134000000003605581307000083.47  
2015051400000600134000000003605581311000024.41  
2015051400000600134000000003605581999001784.36  
2015051400000600135000000005903134074000134.73  
2015051400000600135000000005903134204000673.64  
2015051400000600135000000005903134301000673.64  
2015051400000600135000000005903134303000115.19  
2015051400000600135000000005903134305000033.68  
2015051400000600135000000005903134307000115.19  
2015051400000600135000000005903134311000033.68  
2015051400000600135000000005903134999000854.32  
2015051400000600136000000004702349074000139.67  
2015051400000600136000000004702349204000698.35  
2015051400000600136000000004702349301000698.35  
2015051400000600136000000004702349303000119.42  
2015051400000600136000000004702349305000034.92  
2015051400000600136000000004702349307000119.42  
2015051400000600136000000004702349311000034.92  
2015051400000600136000000004702349999002637.40  
2015051400000600137000000002551314074000126.44  
2015051400000600137000000002551314204000632.21  
2015051400000600137000000002551314302000632.21  
2015051400000600137000000002551314304000108.11  
2015051400000600137000000002551314306000031.61  
2015051400000600137000000002551314308000108.11  
2015051400000600137000000002551314312000031.61  
2015051400000600137000000002551314999002830.39  
2015051400000600138000000003693620074000119.91  
2015051400000600138000000003693620204000599.57  
2015051400000600138000000003693620301000599.57  
2015051400000600138000000003693620303000102.53  
2015051400000600138000000003693620305000029.98  
2015051400000600138000000003693620307000102.53  
2015051400000600138000000003693620311000029.98  
2015051400000600138000000003693620999001066.38  
2015051400000600139000000004897781074000120.87  
2015051400000600139000000004897781204000604.35  
2015051400000600139000000004897781301000604.35  
2015051400000600139000000004897781303000103.34  
2015051400000600139000000004897781305000030.22  
2015051400000600139000000004897781307000103.34  
2015051400000600139000000004897781311000030.22  
2015051400000600139000000004897781999000382.50  
2015051400000600140000000004886972074000083.37  
2015051400000600140000000004886972204000416.84  
2015051400000600140000000004886972302000416.84  
2015051400000600140000000004886972304000071.28  
2015051400000600140000000004886972306000020.84  
2015051400000600140000000004886972308000071.28  
2015051400000600140000000004886972312000020.84  
2015051400000600140000000004886972999002693.21  
2015051400000600141000000004870962074000083.37  
2015051400000600141000000004870962204000416.84  
2015051400000600141000000004870962302000416.84  
2015051400000600141000000004870962304000071.28  
2015051400000600141000000004870962306000020.84  
2015051400000600141000000004870962308000071.28  
2015051400000600141000000004870962312000020.84  
2015051400000600141000000004870962999000548.40  
2015051400000600142000000003064016074000119.91  
2015051400000600142000000003064016204000599.57  
2015051400000600142000000003064016301000599.57  
2015051400000600142000000003064016303000102.53  
2015051400000600142000000003064016305000029.98  
2015051400000600142000000003064016307000102.53  
2015051400000600142000000003064016311000029.98  
2015051400000600142000000003064016999001733.54  
2015051400000600143000000003753027074000104.23  
2015051400000600143000000003753027204000521.17  
2015051400000600143000000003753027301000521.17  
2015051400000600143000000003753027303000089.12  
2015051400000600143000000003753027305000026.06  
2015051400000600143000000003753027307000089.12  
2015051400000600143000000003753027311000026.06  
2015051400000600143000000003753027999001393.33  
2015051400000600144000000007962862074000131.76  
2015051400000600144000000007962862204000658.82  
2015051400000600144000000007962862301000658.82  
2015051400000600144000000007962862303000112.66  
2015051400000600144000000007962862305000032.94  
2015051400000600144000000007962862307000112.66  
2015051400000600144000000007962862311000032.94  
2015051400000600144000000007962862999002192.93  
2015051400000600146000000003734545074000324.55  
2015051400000600146000000003734545204001622.74  
2015051400000600146000000003734545301001622.74  
2015051400000600146000000003734545303000277.49  
2015051400000600146000000003734545305000081.14  
2015051400000600146000000003734545307000277.49  
2015051400000600146000000003734545311000081.14  
2015051400000600146000000003734545999001150.00  
2015051400000600200000000003757088074000267.36  
2015051400000600200000000003757088204001336.82  
2015051400000600200000000003757088301001336.82  
2015051400000600200000000003757088303000228.60  
2015051400000600200000000003757088305000066.84  
2015051400000600200000000003757088307000228.60  
2015051400000600200000000003757088311000066.84  
2015051400000600200000000003757088999004940.21  
2015051400000600201000000002991007074000384.98  
2015051400000600201000000002991007204001924.90  
2015051400000600201000000002991007302001924.90  
2015051400000600201000000002991007304000329.16  
2015051400000600201000000002991007306000096.25  
2015051400000600201000000002991007308000329.16  
2015051400000600201000000002991007312000096.25  
2015051400000600201000000002991007999003546.36  
2015051400000600202000000000953021074000796.77  
2015051400000600202000000000953021204003983.84  
2015051400000600202000000000953021302003983.84  
2015051400000600202000000000953021304000681.24  
2015051400000600202000000000953021306000199.19  
2015051400000600202000000000953021308000681.24  
2015051400000600202000000000953021312000199.19  
2015051400000600202000000000953021999008314.85  
2015051400000600203000000001069089074000770.40  
2015051400000600203000000001069089204003852.00  
2015051400000600203000000001069089302003852.00  
2015051400000600203000000001069089304000658.69  
2015051400000600203000000001069089306000192.60  
2015051400000600203000000001069089308000658.69  
2015051400000600203000000001069089312000192.60  
2015051400000600203000000001069089999003813.71  
2015051400000600204000000003017631001000682.47  
2015051400000600204000000003017631074000775.37  
2015051400000600204000000003017631204003876.84  
2015051400000600204000000003017631302003876.84  
2015051400000600204000000003017631304000662.94  
2015051400000600204000000003017631306000193.84  
2015051400000600204000000003017631308000662.94  
2015051400000600204000000003017631312000193.84  
2015051400000600204000000003017631999001322.94  
2015051400000600205000000001893812001000601.37  
2015051400000600205000000001893812074000770.40  
2015051400000600205000000001893812204003852.00  
2015051400000600205000000001893812301003852.00  
2015051400000600205000000001893812303000658.69  
2015051400000600205000000001893812305000192.60  
2015051400000600205000000001893812307000658.69  
2015051400000600205000000001893812311000192.60  
2015051400000600205000000001893812999004693.04  
2015051400000600206000000003025505074000788.28  
2015051400000600206000000003025505204003941.42  
2015051400000600206000000003025505302003941.42  
2015051400000600206000000003025505304000673.98  
2015051400000600206000000003025505306000197.07  
2015051400000600206000000003025505308000673.98  
2015051400000600206000000003025505312000197.07  
2015051400000600206000000003025505999006287.67  
2015051400000600207000000005198940074000492.43  
2015051400000600207000000005198940204002462.15  
2015051400000600207000000005198940301002462.15  
2015051400000600207000000005198940303000421.03  
2015051400000600207000000005198940305000123.11  
2015051400000600207000000005198940307000421.03  
2015051400000600207000000005198940311000123.11  
2015051400000600207000000005198940999004107.28  
2015051400000600208000000000778882074000531.18  
2015051400000600208000000000778882204002655.90  
2015051400000600208000000000778882301002655.90  
2015051400000600208000000000778882305000132.80  
2015051400000600208000000000778882311000132.80  
2015051400000600208000000000778882999006610.65  
2015051400000600209000000004901227074000486.47  
2015051400000600209000000004901227204002432.34  
2015051400000600209000000004901227301002432.34  
2015051400000600209000000004901227303000415.93  
2015051400000600209000000004901227305000121.62  
2015051400000600209000000004901227307000415.93  
2015051400000600209000000004901227311000121.62  
2015051400000600209000000004901227999000113.23  
2015051400000600210000000003621269001000277.12  
2015051400000600210000000003621269074000515.28  
2015051400000600210000000003621269204002576.41  
2015051400000600210000000003621269301002576.41  
2015051400000600210000000003621269303000440.57  
2015051400000600210000000003621269305000128.82  
2015051400000600210000000003621269307000440.57  
2015051400000600210000000003621269311000128.82  
2015051400000600210000000003621269999007035.11  
2015051400000600211000000004414796074000486.47  
2015051400000600211000000004414796204002432.34  
2015051400000600211000000004414796301002432.34  
2015051400000600211000000004414796303000415.93  
2015051400000600211000000004414796305000121.62  
2015051400000600211000000004414796307000415.93  
2015051400000600211000000004414796311000121.62  
2015051400000600211000000004414796999005730.86  
2015051400000600212000000004411903074000481.50  
2015051400000600212000000004411903204002407.50  
2015051400000600212000000004411903302002407.50  
2015051400000600212000000004411903304000411.68  
2015051400000600212000000004411903306000120.38  
2015051400000600212000000004411903308000411.68  
2015051400000600212000000004411903312000120.38  
2015051400000600212000000004411903999001457.69  
2015051400000600213000000005213524074000324.55  
2015051400000600213000000005213524204001622.74  
2015051400000600213000000005213524302001622.74  
2015051400000600213000000005213524304000277.49  
2015051400000600213000000005213524306000081.14  
2015051400000600213000000005213524308000277.49  
2015051400000600213000000005213524312000081.14  
2015051400000600213000000005213524999007446.18  
2015051400000600217000000003778798074000318.90  
2015051400000600217000000003778798204001594.51  
2015051400000600217000000003778798301001594.51  
2015051400000600217000000003778798303000272.66  
2015051400000600217000000003778798305000079.73  
2015051400000600217000000003778798307000272.66  
2015051400000600217000000003778798311000079.73  
2015051400000600217000000003778798999007166.42  
2015051400000600218000000002406485074000280.61  
2015051400000600218000000002406485204001403.05  
2015051400000600218000000002406485301001403.05  
2015051400000600218000000002406485303000239.92  
2015051400000600218000000002406485305000070.15  
2015051400000600218000000002406485307000239.92  
2015051400000600218000000002406485311000070.15  
2015051400000600218000000002406485999001325.72  
2015051400000600219000000000810986074000295.51  
2015051400000600219000000000810986204001477.57  
2015051400000600219000000000810986302001477.57  
2015051400000600219000000000810986304000252.66  
2015051400000600219000000000810986306000073.88  
2015051400000600219000000000810986308000252.66  
2015051400000600219000000000810986312000073.88  
2015051400000600219000000000810986999001341.73  
2015051400000600221000000002900854074000481.50  
2015051400000600221000000002900854204002407.50  
2015051400000600221000000002900854302002407.50  
2015051400000600221000000002900854304000411.68  
2015051400000600221000000002900854306000120.38  
2015051400000600221000000002900854308000411.68  
2015051400000600221000000002900854312000120.38  
2015051400000600221000000002900854999005275.81  
2015051400000600222000000002862575001000041.40  
2015051400000600222000000002862575074000481.50  
2015051400000600222000000002862575204002407.50  
2015051400000600222000000002862575301002407.50  
2015051400000600222000000002862575303000411.68  
2015051400000600222000000002862575305000120.38  
2015051400000600222000000002862575307000411.68  
2015051400000600222000000002862575311000120.38  
2015051400000600222000000002862575999000110.75  
2015051400000600224000000004433413074000324.55  
2015051400000600224000000004433413204001622.74  
2015051400000600224000000004433413301001622.74  
2015051400000600224000000004433413303000277.49  
2015051400000600224000000004433413305000081.14  
2015051400000600224000000004433413307000277.49  
2015051400000600224000000004433413311000081.14  
2015051400000600224000000004433413999000992.84  
