20150514000006000000000000001301010000010504005662.9700000000
20150514000006000000000000002901010000010486003189.0300000000
20150514000006000000000855279301010000010498000550.0000000000
20150514000006000000004800059201010000010496000500.0000000000
20150514000006000000005179460301010000010497000350.0000000000
20150514000006000000160130029301010000010495004320.0000000000
20150514000006000000168206024901010000010494005760.0000000000
20150514000006000001006803028301010000010492002672.4500000000
20150514000006000001006803028301010000010505211129.1600000000
20150514000006000001022913028301010000010489211720.7700000000
20150514000006000001023013022301010000010485169235.5500000000
20150514000006000001028339025301010000010490006059.9300000000
20150514000006000001028339025301010000010491115720.6600000000
20150514000006000001028415020301010000000000073330.0000000000
20150514000006000001028415020301010000000000115836.3700000000
