20150514000006000530000000044701020900000111220000164.87  
20150514000006000530000000044701020900000111600001440.00  
20150514000006000530000000044701020900000111700006702.15  
20150514000006000890000000045263860900000111220000110.59  
20150514000006000890000000045263860900000111700002855.90  
20150514000006000540000000030812510900000111220001337.84  
20150514000006000540000000030812510900000111700007997.95  
20150514000006000900000000045103950900000111220000099.93  
20150514000006000900000000045103950900000111700002580.64  
20150514000006000440000000009521341000000111220001643.40  
20150514000006000440000000009521341000000111700009824.64  
20150514000006000280000000030994141100000111220000340.35  
20150514000006000280000000030994141100000111310001679.60  
20150514000006000280000000030994141100000111700008397.98  
20150514000006002190000000008109860900000111220001010.21  
20150514000006002190000000008109860900000111700010545.75  
20150514000006001150000000043297891100000111220000758.07  
20150514000006001150000000043297891100000111310000620.57  
20150514000006001150000000043297891100000111700003102.85  
20150514000006001150000000043297891100000111910000552.70  
20150514000006002180000000024064850900000111220000425.39  
20150514000006002180000000024064850900000111700010496.10  
20150514000006000550000000033144560900000111220000285.92  
20150514000006000550000000033144560900000111700005283.28  
20150514000006000210000000036231231100000111220001388.09  
20150514000006000210000000036231231100000111700009483.84  
20150514000006001210000000018643811100000111220000934.38  
20150514000006001210000000018643811100000111310000512.57  
20150514000006001210000000018643811100000111600001440.00  
20150514000006001210000000018643811100000111700002562.85  
20150514000006001210000000018643811100000111910000737.35  
20150514000006000450000000035116591200000111220000202.45  
20150514000006000450000000035116591200000111700010166.40  
20150514000006001220000000017642751100000111220000234.99  
20150514000006001220000000017642751100000111310000398.45  
20150514000006001220000000017642751100000111700001992.24  
20150514000006001220000000017642751100000111910000191.75  
20150514000006000290000000037708311100000111220000852.68  
20150514000006000290000000037708311100000111310001780.25  
20150514000006000290000000037708311100000111700008901.24  
20150514000006000560000000051699641000000111220000196.61  
20150514000006000560000000051699641000000111700007992.78  
20150514000006002110000000044147960900000111220000158.30  
20150514000006002110000000044147960900000111700015342.73  
20150514000006001160000000035049721100000111220001235.69  
20150514000006001160000000035049721100000111310000773.55  
20150514000006001160000000035049721100000111700003867.76  
20150514000006001160000000035049721100000111910002000.77  
20150514000006000650000000044144611100000111220000468.22  
20150514000006000650000000044144611100000111310001547.21  
20150514000006000650000000044144611100000111700007736.04  
20150514000006000570000000030128040900000111220000162.90  
20150514000006000570000000030128040900000111700006622.18  
20150514000006001170000000037549901100000111220000920.46  
20150514000006001170000000037549901100000111310000576.21  
20150514000006001170000000037549901100000111700002881.07  
20150514000006001170000000037549901100000111910000651.25  
20150514000006000740000000052918901100000111220000197.39  
20150514000006000740000000052918901100000111310001246.17  
20150514000006000740000000052918901100000111700006230.83  
20150514000006002000000000037570880900000111220000450.12  
20150514000006002000000000037570880900000111700006278.81  
20150514000006000750000000040131221000000111220000201.34  
20150514000006000750000000040131221000000111700006355.63  
20150514000006000910000000040761511100000111220000108.07  
20150514000006000910000000040761511100000111700002791.04  
20150514000006001230000000034170501100000111220000396.45  
20150514000006001230000000034170501100000111310000672.21  
20150514000006001230000000034170501100000111700003361.07  
20150514000006001230000000034170501100000111910001095.15  
20150514000006000470000000035904831000000111220000410.76  
20150514000006000470000000035904831000000111700009376.06  
20150514000006000580000000044506571000000111220000206.25  
20150514000006000580000000044506571000000111700008384.57  
20150514000006001380000000036936201000000111220000897.77  
20150514000006001380000000036936201000000111310000544.91  
20150514000006001380000000036936201000000111700002724.56  
20150514000006001010000000013705021100000111220000995.57  
20150514000006001010000000013705021100000111310000555.48  
20150514000006001010000000013705021100000111700002777.39  
20150514000006001010000000013705021100000111910000256.91  
20150514000006000180000000030045571200000111220001067.76  
20150514000006000180000000030045571200000111700012275.62  
20150514000006001020000000026926041100000111220000462.38  
20150514000006001020000000026926041100000111310000416.74  
20150514000006001020000000026926041100000111700002083.72  
20150514000006001020000000026926041100000111910000166.70  
20150514000006000920000000029143441100000111220001487.83  
20150514000006000920000000029143441100000111310000914.85  
20150514000006000920000000029143441100000111700004574.24  
20150514000006000920000000029143441100000111910000343.07  
20150514000006002130000000052135240900000111220000102.85  
20150514000006002130000000052135240900000111700006615.86  
20150514000006001030000000009599340900000111220001787.20  
20150514000006001030000000009599340900000111700004188.12  
20150514000006001240000000037862621100000111220000466.84  
20150514000006001240000000037862621100000111310000483.73  
20150514000006001240000000037862621100000111700002418.66  
20150514000006001240000000037862621100000111910000036.28  
20150514000006000090000000028683471000000111220000627.24  
20150514000006000090000000028683471000000111700011208.02  
20150514000006000100000000031374600900000111220000677.12  
20150514000006000100000000031374600900000111700006405.50  
20150514000006000810000000064080310900000111220000214.17  
20150514000006000810000000064080310900000111700006248.35  
20150514000006000810000000064080310900000111910000624.84  
20150514000006000760000000064666681100000111220000201.03  
20150514000006000760000000064666681100000111310001269.17  
20150514000006000760000000064666681100000111700006345.87  
20150514000006000110000000030253460900000111700012879.81  
20150514000006000300000000037697441200000111220000194.44  
20150514000006000300000000037697441200000111700010554.86  
20150514000006000930000000030781101100000111220001050.61  
20150514000006000930000000030781101100000111310000798.01  
20150514000006000930000000030781101100000111700003990.05  
20150514000006000930000000030781101100000111910002150.46  
20150514000006001250000000088545261100000111220000135.87  
20150514000006001250000000088545261100000111310000506.85  
20150514000006001250000000088545261100000111700002534.24  
20150514000006001250000000088545261100000111910000289.85  
20150514000006000590000000009363050900000111220000818.70  
20150514000006000590000000009363050900000111700004894.39  
20150514000006001260000000051518861100000111220000331.20  
20150514000006001260000000051518861100000111310000561.57  
20150514000006001260000000051518861100000111700002807.85  
20150514000006001260000000051518861100000111910000531.73  
20150514000006000820000000028997750900000111220000149.11  
20150514000006000820000000028997750900000111700004350.27  
20150514000006000310000000036220651200000111220000845.55  
20150514000006000310000000036220651200000111700006749.94  
20150514000006000660000000051617001100000111220000202.30  
20150514000006000660000000051617001100000111310001470.64  
20150514000006000660000000051617001100000111700007353.21  
20150514000006001270000000045380110900000111220000126.31  
20150514000006001270000000045380110900000111700002355.77  
20150514000006000830000000019306230900000111220000193.63  
20150514000006000830000000019306230900000111700005649.10  
20150514000006000950000000064310240900000111220000176.99  
20150514000006000950000000064310240900000111700004570.89  
20150514000006001040000000017606861100000111220000778.02  
20150514000006001040000000017606861100000111310000701.24  
20150514000006001040000000017606861100000111700003506.18  
20150514000006001180000000034820631100000111220001293.14  
20150514000006001180000000034820631100000111310000809.52  
20150514000006001180000000034820631100000111700004047.58  
20150514000006001180000000034820631100000111910000931.79  
20150514000006000670000000045398890900000111220000122.47  
20150514000006000670000000045398890900000111700004451.49  
20150514000006001190000000048000591100000111220000283.74  
20150514000006001190000000048000591100000111310000549.03  
20150514000006001190000000048000591100000111700002745.13  
20150514000006001190000000048000591100000111910000109.80  
20150514000006000960000000030993041100000111220000192.94  
20150514000006000960000000030993041100000111310000996.54  
20150514000006000960000000030993041100000111700004982.71  
20150514000006001200000000042929851100000111220000166.21  
20150514000006001200000000042929851100000111310000707.53  
20150514000006001200000000042929851100000111700003537.62  
20150514000006001050000000008031310900000111220001868.64  
20150514000006001050000000008031310900000111700004378.97  
20150514000006002090000000049012270900000111220000215.67  
20150514000006002090000000049012270900000111700020902.99  
20150514000006000680000000048841640900000111220000193.95  
20150514000006000680000000048841640900000111700007049.65  
20150514000006000840000000028792790900000111220001339.07  
20150514000006000840000000028792790900000111700005745.17  
20150514000006000850000000064730211000000111220000133.21  
20150514000006000850000000064730211000000111700003886.42  
20150514000006001390000000048977811100000111220000201.11  
20150514000006001390000000048977811100000111310000634.73  
20150514000006001390000000048977811100000111700003173.66  
20150514000006001390000000048977811100000111910000883.34  
20150514000006000320000000037688620900000111220000430.61  
20150514000006000320000000037688620900000111700010624.88  
20150514000006001060000000020457010900000111220001821.86  
20150514000006001060000000020457010900000111700004269.35  
20150514000006001460000000037345451000000111220000199.22  
20150514000006001460000000037345451000000111700012815.67  
20150514000006000340000000052702481200000111220000203.09  
20150514000006000340000000052702481200000111700011024.55  
20150514000006001400000000048869720900000111220000056.34  
20150514000006001400000000048869720900000111600001440.00  
20150514000006001400000000048869720900000111700000889.05  
20150514000006002240000000044334130900000111220000201.63  
20150514000006002240000000044334130900000111700012970.42  
20150514000006001070000000038318380900000111220000514.52  
20150514000006001070000000038318380900000111700002318.71  
20150514000006002050000000018938121100000111700028329.70  
20150514000006001080000000008552790900000111220001402.55  
20150514000006001080000000008552790900000111700003286.74  
20150514000006000690000000034593161200000111220000201.88  
20150514000006000690000000034593161200000111700007338.07  
20150514000006001280000000060963391100000111220000194.10  
20150514000006001280000000060963391100000111310000724.05  
20150514000006001280000000060963391100000111700003620.24  
20150514000006001280000000060963391100000111910000986.52  
20150514000006000700000000037290380900000111220000651.16  
20150514000006000700000000037290380900000111700003480.68  
20150514000006000710000000037205221100000111220001051.56  
20150514000006000710000000037205221100000111310001124.20  
20150514000006000710000000037205221100000111700005620.97  
20150514000006000360000000028904761200000111700011349.07  
20150514000006000370000000044187971200000111220000202.35  
20150514000006000370000000044187971200000111700010984.31  
20150514000006001290000000051794601100000111220000071.98  
20150514000006001290000000051794601100000111310000122.05  
20150514000006001290000000051794601100000111600001440.00  
20150514000006001290000000051794601100000111700000610.23  
20150514000006001290000000051794601100000111910000022.12  
20150514000006001300000000044107891100000111220000659.39  
20150514000006001300000000044107891100000111310000473.02  
20150514000006001300000000044107891100000111700002365.09  
20150514000006001300000000044107891100000111910000551.86  
20150514000006000480000000036173220900000111220000112.44  
20150514000006000480000000036173220900000111700005646.44  
20150514000006002060000000030255050900000111220000637.93  
20150514000006002060000000030255050900000111700027479.10  
20150514000006001090000000037827311100000111220001604.97  
20150514000006001090000000037827311100000111310000895.50  
20150514000006001090000000037827311100000111700004477.48  
20150514000006001090000000037827311100000111910001447.72  
20150514000006000780000000052419840900000111220000173.93  
20150514000006000780000000052419840900000111700005490.35  
20150514000006000780000000052419840900000111910000549.04  
20150514000006002010000000029910070900000111700013256.08  
20150514000006002030000000010690890900000111700029810.40  
20150514000006000130000000031378190900000111220001328.74  
20150514000006000130000000031378190900000111700012569.86  
20150514000006000790000000052259660900000111220000105.00  
20150514000006000790000000052259660900000111700003314.41  
20150514000006000860000000044618940900000111220000237.29  
20150514000006000860000000044618940900000111700003146.76  
20150514000006001410000000048709620900000111220000184.15  
20150514000006001410000000048709620900000111700002906.05  
20150514000006000870000000051932150900000111220000145.48  
20150514000006000870000000051932150900000111700004244.22  
20150514000006000190000000005681381200000111220001778.30  
20150514000006000190000000005681381200000111700010631.16  
20150514000006000600000000044208960900000111220000216.62  
20150514000006000600000000044208960900000111700008806.06  
20150514000006000610000000035181171000000111220000321.90  
20150514000006000610000000035181171000000111700005948.19  
20150514000006001420000000030640161000000111220000754.04  
20150514000006001420000000030640161000000111310000457.67  
20150514000006001420000000030640161000000111700002288.37  
20150514000006000970000000045021820900000111220000201.12  
20150514000006000970000000045021820900000111700005193.97  
20150514000006002220000000028625750900000111700020862.91  
20150514000006000980000000040225151100000111220000210.84  
20150514000006000980000000040225151100000111310000495.01  
20150514000006000980000000040225151100000111600001440.00  
20150514000006000980000000040225151100000111700002475.05  
20150514000006001320000000044154021100000111220000280.62  
20150514000006001320000000044154021100000111310000475.81  
20150514000006001320000000044154021100000111700002379.04  
20150514000006001320000000044154021100000111910000606.65  
20150514000006002210000000029008541100000111700015739.25  
20150514000006001330000000042002231100000111220000096.98  
20150514000006001330000000042002231100000111310000361.76  
20150514000006001330000000042002231100000111700001808.78  
20150514000006001330000000042002231100000111910000362.51  
20150514000006002070000000051989401000000111220000385.86  
20150514000006002070000000051989401000000111700016998.94  
20150514000006000990000000056485771100000111220000173.14  
20150514000006000990000000056485771100000111310000894.30  
20150514000006000990000000056485771100000111700004471.48  
20150514000006000380000000044249660900000111220000155.86  
20150514000006000380000000044249660900000111700008460.62  
20150514000006001340000000036055810900000111220000126.03  
20150514000006001340000000036055810900000111700002350.58  
20150514000006001430000000037530270900000111220000782.18  
20150514000006001430000000037530270900000111700002373.76  
20150514000006002100000000036212690900000111220000995.04  
20150514000006002100000000036212690900000111700014182.23  
20150514000006000150000000035888920900000111700013569.87  
20150514000006001350000000059031341100000111220000407.72  
20150514000006001350000000059031341100000111310000691.32  
20150514000006001350000000059031341100000111700003456.58  
20150514000006001350000000059031341100000111910000470.23  
20150514000006000620000000044678691200000111220000204.25  
20150514000006000620000000044678691200000111700008303.27  
20150514000006002120000000044119031000000111700019557.37  
20150514000006000880000000037423650900000111220000436.66  
20150514000006000880000000037423650900000111700005790.65  
20150514000006001100000000037206271100000111220000858.94  
20150514000006001100000000037206271100000111310000479.25  
20150514000006001100000000037206271100000111700002396.23  
20150514000006001100000000037206271100000111910000390.38  
20150514000006000400000000035564380900000111220000382.66  
20150514000006000400000000035564380900000111700009441.98  
20150514000006000400000000035564380900000111910000944.20  
20150514000006001110000000028941011100000111220000849.96  
20150514000006001110000000028941011100000111700002929.11  
20150514000006000410000000028750931100000111220000205.07  
20150514000006000410000000028750931100000111700011132.03  
20150514000006002020000000009530210900000111220000164.98  
20150514000006002020000000009530210900000111700026295.11  
20150514000006001120000000017140321100000111220001903.91  
20150514000006001120000000017140321100000111700004461.62  
20150514000006001120000000017140321100000111910001327.34  
20150514000006002170000000037787980900000111220000715.27  
20150514000006002170000000037787980900000111700006036.80  
20150514000006000800000000037686630900000111220000185.44  
20150514000006000800000000037686630900000111700005853.60  
20150514000006000200000000042889520900000111220000214.33  
20150514000006000200000000042889520900000111700012813.21  
20150514000006001360000000047023491100000111220000270.64  
20150514000006001360000000047023491100000111310000458.88  
20150514000006001360000000047023491100000111700002294.42  
20150514000006001360000000047023491100000111910000434.50  
20150514000006002040000000030176310900000111220000203.98  
20150514000006002040000000030176310900000111700031631.55  
20150514000006000250000000031317101100000111220000952.13  
20150514000006000250000000031317101100000111700006505.25  
20150514000006001130000000059166500900000111220000142.73  
20150514000006001130000000059166500900000111600001440.00  
20150514000006001130000000059166500900000111700003344.65  
20150514000006001370000000025513140900000111220000718.22  
20150514000006001370000000025513140900000111700001969.97  
20150514000006000730000000037295801200000111220000165.39  
20150514000006000730000000037295801200000111700006011.83  
20150514000006001440000000079628621100000111220000134.15  
20150514000006001440000000079628621100000111310000423.39  
20150514000006001440000000079628621100000111600001440.00  
20150514000006001440000000079628621100000111700002116.96  
20150514000006001440000000079628621100000111910000883.39  
20150514000006000260000000013206270900000111220000203.92  
20150514000006000260000000013206270900000111700011703.30  
20150514000006000270000000013847920900000111220000199.38  
20150514000006000270000000013847920900000111700011442.66  
20150514000006000430000000021398970900000111220000714.84  
20150514000006000430000000021398970900000111700004619.53  
20150514000006000160000000037321240900000111220001045.26  
20150514000006000160000000037321240900000111700012930.58  
20150514000006001000000000073493141000000111220002199.70  
20150514000006001000000000073493141000000111700005680.80  
20150514000006002080000000007788821200000111220001592.48  
20150514000006002080000000007788821200000111700015434.37  
20150514000006000630000000059353090900000111220000212.20  
20150514000006000630000000059353090900000111700008626.48  
20150514000006001140000000009602780900000111220000890.05  
20150514000006001140000000009602780900000111700004011.02  
20150514000006000640000000044674200900000111220000607.75  
20150514000006000640000000044674200900000111700004751.25  
