20150514000007000000000000001301010000010682006213.5100000000
20150514000007000000000000002901010000010681003459.9500000000
20150514000007000000000855279301010000010697000550.0000000000
20150514000007000000004800059201010000010695000500.0000000000
20150514000007000000005179460301010000010696000350.0000000000
20150514000007000000160130029301010000010694004320.0000000000
20150514000007000000168206024901010000010693005760.0000000000
20150514000007000001006803028301010000010691004751.9100000000
20150514000007000001006803028301010000010705301624.4200000000
20150514000007000001022913028301010000010692238206.0400000000
20150514000007000001023013022301010000010679238851.8300000000
20150514000007000001028339025301010000010683007088.2800000000
20150514000007000001028339025301010000010789157030.8300000000
20150514000007000001028415020301010000000000073330.0000000000
20150514000007000001028415020301010000000000173457.8400000000
