2015051400000700009000000002868347074000527.58  
2015051400000700009000000002868347204002637.92  
2015051400000700009000000002868347301002637.92  
2015051400000700009000000002868347303000451.09  
2015051400000700009000000002868347305000131.90  
2015051400000700009000000002868347307000451.09  
2015051400000700009000000002868347311000131.90  
2015051400000700009000000002868347999003385.66  
2015051400000700010000000003137460074000543.48  
2015051400000700010000000003137460204002717.41  
2015051400000700010000000003137460301002717.41  
2015051400000700010000000003137460303000464.68  
2015051400000700010000000003137460305000135.87  
2015051400000700010000000003137460307000464.68  
2015051400000700010000000003137460311000135.87  
2015051400000700010000000003137460999008708.33  
2015051400000700011000000003025346074000509.70  
2015051400000700011000000003025346204002548.50  
2015051400000700011000000003025346302002548.50  
2015051400000700011000000003025346304000435.79  
2015051400000700011000000003025346306000127.43  
2015051400000700011000000003025346308000435.79  
2015051400000700011000000003025346312000127.43  
2015051400000700011000000003025346999001542.35  
2015051400000700013000000003137819074000543.48  
2015051400000700013000000003137819204002717.41  
2015051400000700013000000003137819301002717.41  
2015051400000700013000000003137819303000464.68  
2015051400000700013000000003137819305000135.87  
2015051400000700013000000003137819307000464.68  
2015051400000700013000000003137819311000135.87  
2015051400000700013000000003137819999002071.98  
2015051400000700015000000003588892074000509.70  
2015051400000700015000000003588892204002548.50  
2015051400000700015000000003588892302002548.50  
2015051400000700015000000003588892304000435.79  
2015051400000700015000000003588892306000127.43  
2015051400000700015000000003588892308000435.79  
2015051400000700015000000003588892312000127.43  
2015051400000700015000000003588892999000573.58  
2015051400000700016000000003732124074000535.53  
2015051400000700016000000003732124204002677.67  
2015051400000700016000000003732124301002677.67  
2015051400000700016000000003732124303000457.88  
2015051400000700016000000003732124305000133.88  
2015051400000700016000000003732124307000457.88  
2015051400000700016000000003732124311000133.88  
2015051400000700016000000003732124999001572.74  
2015051400000700018000000003004557074000499.51  
2015051400000700018000000003004557204002497.57  
2015051400000700018000000003004557301002497.57  
2015051400000700018000000003004557303000427.08  
2015051400000700018000000003004557305000124.88  
2015051400000700018000000003004557307000427.08  
2015051400000700018000000003004557311000124.88  
2015051400000700018000000003004557999001188.39  
2015051400000700019000000000568138074000523.36  
2015051400000700019000000000568138204002616.80  
2015051400000700019000000000568138301002616.80  
2015051400000700019000000000568138305000130.84  
2015051400000700019000000000568138311000130.84  
2015051400000700019000000000568138999003447.52  
2015051400000700020000000004288952001000094.03  
2015051400000700020000000004288952074000478.65  
2015051400000700020000000004288952204002393.24  
2015051400000700020000000004288952301002393.24  
2015051400000700020000000004288952303000409.24  
2015051400000700020000000004288952305000119.66  
2015051400000700020000000004288952307000409.24  
2015051400000700020000000004288952311000119.66  
2015051400000700020000000004288952999000116.62  
2015051400000700026000000001320627001001253.82  
2015051400000700026000000001320627074000459.77  
2015051400000700026000000001320627204002298.84  
2015051400000700026000000001320627301002298.84  
2015051400000700026000000001320627303000393.10  
2015051400000700026000000001320627305000114.94  
2015051400000700026000000001320627307000393.10  
2015051400000700026000000001320627311000114.94  
2015051400000700026000000001320627999000632.83  
2015051400000700027000000001384792001000176.48  
2015051400000700027000000001384792074000459.77  
2015051400000700027000000001384792204002298.84  
2015051400000700027000000001384792302002298.84  
2015051400000700027000000001384792304000393.10  
2015051400000700027000000001384792306000114.94  
2015051400000700027000000001384792308000393.10  
2015051400000700027000000001384792312000114.94  
2015051400000700027000000001384792999001478.97  
2015051400000700028000000003099414074000527.08  
2015051400000700028000000003099414204002635.39  
2015051400000700028000000003099414302002635.39  
2015051400000700028000000003099414304000450.65  
2015051400000700028000000003099414306000131.77  
2015051400000700028000000003099414308000450.65  
2015051400000700028000000003099414312000131.77  
2015051400000700028000000003099414999004836.32  
2015051400000700029000000003770831074000541.98  
2015051400000700029000000003770831204002709.91  
2015051400000700029000000003770831301002709.91  
2015051400000700029000000003770831303000463.39  
2015051400000700029000000003770831305000135.50  
2015051400000700029000000003770831307000463.39  
2015051400000700029000000003770831311000135.50  
2015051400000700029000000003770831999003824.91  
2015051400000700030000000003769744074000435.09  
2015051400000700030000000003769744204002175.44  
2015051400000700030000000003769744301002175.44  
2015051400000700030000000003769744303000372.00  
2015051400000700030000000003769744305000108.77  
2015051400000700030000000003769744307000372.00  
2015051400000700030000000003769744311000108.77  
2015051400000700030000000003769744999001636.77  
2015051400000700032000000003768862074000441.05  
2015051400000700032000000003768862204002205.25  
2015051400000700032000000003768862301002205.25  
2015051400000700032000000003768862303000377.10  
2015051400000700032000000003768862305000110.26  
2015051400000700032000000003768862307000377.10  
2015051400000700032000000003768862311000110.26  
2015051400000700032000000003768862999001591.85  
2015051400000700034000000005270248074000435.09  
2015051400000700034000000005270248204002175.44  
2015051400000700034000000005270248301002175.44  
2015051400000700034000000005270248303000372.00  
2015051400000700034000000005270248305000108.77  
2015051400000700034000000005270248307000372.00  
2015051400000700034000000005270248311000108.77  
2015051400000700034000000005270248999001166.76  
2015051400000700036000000002890476074000430.12  
2015051400000700036000000002890476204002150.60  
2015051400000700036000000002890476301002150.60  
2015051400000700036000000002890476303000367.75  
2015051400000700036000000002890476305000107.53  
2015051400000700036000000002890476307000367.75  
2015051400000700036000000002890476311000107.53  
2015051400000700036000000002890476999000145.46  
2015051400000700037000000004418797001000073.95  
2015051400000700037000000004418797074000435.09  
2015051400000700037000000004418797204002175.44  
2015051400000700037000000004418797302002175.44  
2015051400000700037000000004418797304000372.00  
2015051400000700037000000004418797306000108.77  
2015051400000700037000000004418797308000372.00  
2015051400000700037000000004418797312000108.77  
2015051400000700037000000004418797999001234.62  
2015051400000700038000000004424966074000435.09  
2015051400000700038000000004424966204002175.44  
2015051400000700038000000004424966301002175.44  
2015051400000700038000000004424966303000372.00  
2015051400000700038000000004424966305000108.77  
2015051400000700038000000004424966307000372.00  
2015051400000700038000000004424966311000108.77  
2015051400000700038000000004424966999003793.09  
2015051400000700040000000003556438074000485.41  
2015051400000700040000000003556438204002427.05  
2015051400000700040000000003556438302002427.05  
2015051400000700040000000003556438304000415.03  
2015051400000700040000000003556438306000121.35  
2015051400000700040000000003556438308000415.03  
2015051400000700040000000003556438312000121.35  
2015051400000700040000000003556438999003119.23  
2015051400000700043000000002139897074000471.85  
2015051400000700043000000002139897204002359.26  
2015051400000700043000000002139897301002359.26  
2015051400000700043000000002139897303000403.43  
2015051400000700043000000002139897305000117.96  
2015051400000700043000000002139897307000403.43  
2015051400000700043000000002139897311000117.96  
2015051400000700043000000002139897999009333.16  
2015051400000700044000000000952134074000439.61  
2015051400000700044000000000952134204002198.06  
2015051400000700044000000000952134302002198.06  
2015051400000700044000000000952134304000375.87  
2015051400000700044000000000952134306000109.90  
2015051400000700044000000000952134308000375.87  
2015051400000700044000000000952134312000109.90  
2015051400000700044000000000952134999001610.54  
2015051400000700045000000003511659074000402.85  
2015051400000700045000000003511659204002014.24  
2015051400000700045000000003511659301002014.24  
2015051400000700045000000003511659303000344.44  
2015051400000700045000000003511659305000100.71  
2015051400000700045000000003511659307000344.44  
2015051400000700045000000003511659311000100.71  
2015051400000700045000000003511659999001090.40  
2015051400000700047000000003590483074000408.81  
2015051400000700047000000003590483204002044.05  
2015051400000700047000000003590483301002044.05  
2015051400000700047000000003590483303000349.53  
2015051400000700047000000003590483305000102.20  
2015051400000700047000000003590483307000349.53  
2015051400000700047000000003590483311000102.20  
2015051400000700047000000003590483999001959.53  
2015051400000700048000000003617322001000733.78  
2015051400000700048000000003617322074000402.85  
2015051400000700048000000003617322204002014.24  
2015051400000700048000000003617322302002014.24  
2015051400000700048000000003617322304000344.44  
2015051400000700048000000003617322306000100.71  
2015051400000700048000000003617322308000344.44  
2015051400000700048000000003617322312000100.71  
2015051400000700048000000003617322999005581.75  
2015051400000700053000000004470102001000440.04  
2015051400000700053000000004470102074000327.05  
2015051400000700053000000004470102204001635.24  
2015051400000700053000000004470102301001635.24  
2015051400000700053000000004470102303000279.63  
2015051400000700053000000004470102305000081.76  
2015051400000700053000000004470102307000279.63  
2015051400000700053000000004470102311000081.76  
2015051400000700053000000004470102999001686.20  
2015051400000700054000000003081251074000355.86  
2015051400000700054000000003081251204001779.31  
2015051400000700054000000003081251301001779.31  
2015051400000700054000000003081251303000304.26  
2015051400000700054000000003081251305000088.97  
2015051400000700054000000003081251307000304.26  
2015051400000700054000000003081251311000088.97  
2015051400000700054000000003081251999001350.45  
2015051400000700056000000005169964074000327.05  
2015051400000700056000000005169964204001635.24  
2015051400000700056000000005169964302001635.24  
2015051400000700056000000005169964304000279.63  
2015051400000700056000000005169964306000081.76  
2015051400000700056000000005169964308000279.63  
2015051400000700056000000005169964312000081.76  
2015051400000700056000000005169964999001589.65  
2015051400000700057000000003012804074000327.05  
2015051400000700057000000003012804204001635.24  
2015051400000700057000000003012804302001635.24  
2015051400000700057000000003012804304000279.63  
2015051400000700057000000003012804306000081.76  
2015051400000700057000000003012804308000279.63  
2015051400000700057000000003012804312000081.76  
2015051400000700057000000003012804999002708.87  
2015051400000700058000000004450657074000327.05  
2015051400000700058000000004450657204001635.24  
2015051400000700058000000004450657301001635.24  
2015051400000700058000000004450657303000279.63  
2015051400000700058000000004450657305000081.76  
2015051400000700058000000004450657307000279.63  
2015051400000700058000000004450657311000081.76  
2015051400000700058000000004450657999000356.40  
2015051400000700060000000004420896074000327.05  
2015051400000700060000000004420896204001635.24  
2015051400000700060000000004420896301001635.24  
2015051400000700060000000004420896303000279.63  
2015051400000700060000000004420896305000081.76  
2015051400000700060000000004420896307000279.63  
2015051400000700060000000004420896311000081.76  
2015051400000700060000000004420896999000056.28  
2015051400000700061000000003518117074000333.01  
2015051400000700061000000003518117204001665.05  
2015051400000700061000000003518117301001665.05  
2015051400000700061000000003518117303000284.72  
2015051400000700061000000003518117305000083.25  
2015051400000700061000000003518117307000284.72  
2015051400000700061000000003518117311000083.25  
2015051400000700061000000003518117999003505.15  
2015051400000700062000000004467869074000327.05  
2015051400000700062000000004467869204001635.24  
2015051400000700062000000004467869301001635.24  
2015051400000700062000000004467869303000279.63  
2015051400000700062000000004467869305000081.76  
2015051400000700062000000004467869307000279.63  
2015051400000700062000000004467869311000081.76  
2015051400000700062000000004467869999001104.65  
2015051400000700063000000005935309074000327.05  
2015051400000700063000000005935309204001635.24  
2015051400000700063000000005935309301001635.24  
2015051400000700063000000005935309303000279.63  
2015051400000700063000000005935309305000081.76  
2015051400000700063000000005935309307000279.63  
2015051400000700063000000005935309311000081.76  
2015051400000700063000000005935309999000285.30  
2015051400000700064000000004467420074000347.91  
2015051400000700064000000004467420204001739.57  
2015051400000700064000000004467420301001739.57  
2015051400000700064000000004467420303000297.47  
2015051400000700064000000004467420305000086.98  
2015051400000700064000000004467420307000297.47  
2015051400000700064000000004467420311000086.98  
2015051400000700064000000004467420999004833.49  
2015051400000700065000000004414461074000356.49  
2015051400000700065000000004414461204001782.46  
2015051400000700065000000004414461301001782.46  
2015051400000700065000000004414461303000304.80  
2015051400000700065000000004414461305000089.12  
2015051400000700065000000004414461307000304.80  
2015051400000700065000000004414461311000089.12  
2015051400000700065000000004414461999000205.44  
2015051400000700066000000005161700074000350.53  
2015051400000700066000000005161700204001752.66  
2015051400000700066000000005161700301001752.66  
2015051400000700066000000005161700303000299.70  
2015051400000700066000000005161700305000087.63  
2015051400000700066000000005161700307000299.70  
2015051400000700066000000005161700311000087.63  
2015051400000700066000000005161700999000917.60  
2015051400000700067000000004539889074000292.93  
2015051400000700067000000004539889204001464.64  
2015051400000700067000000004539889301001464.64  
2015051400000700067000000004539889303000250.45  
2015051400000700067000000004539889305000073.23  
2015051400000700067000000004539889307000250.45  
2015051400000700067000000004539889311000073.23  
2015051400000700067000000004539889999003877.90  
2015051400000700068000000004884164074000292.93  
2015051400000700068000000004884164204001464.64  
2015051400000700068000000004884164302001464.64  
2015051400000700068000000004884164304000250.45  
2015051400000700068000000004884164306000073.23  
2015051400000700068000000004884164308000250.45  
2015051400000700068000000004884164312000073.23  
2015051400000700068000000004884164999000959.19  
2015051400000700069000000003459316074000292.93  
2015051400000700069000000003459316204001464.64  
2015051400000700069000000003459316302001464.64  
2015051400000700069000000003459316304000250.45  
2015051400000700069000000003459316306000073.23  
2015051400000700069000000003459316308000250.45  
2015051400000700069000000003459316312000073.23  
2015051400000700069000000003459316999000778.92  
2015051400000700070000000003729038074000321.74  
2015051400000700070000000003729038204001608.71  
2015051400000700070000000003729038301001608.71  
2015051400000700070000000003729038303000275.09  
2015051400000700070000000003729038305000080.44  
2015051400000700070000000003729038307000275.09  
2015051400000700070000000003729038311000080.44  
2015051400000700070000000003729038999005403.04  
2015051400000700071000000003720522074000379.35  
2015051400000700071000000003720522204001896.73  
2015051400000700071000000003720522301001896.73  
2015051400000700071000000003720522303000324.34  
2015051400000700071000000003720522305000094.84  
2015051400000700071000000003720522307000324.34  
2015051400000700071000000003720522311000094.84  
2015051400000700071000000003720522999003433.05  
2015051400000700073000000003729580074000292.93  
2015051400000700073000000003729580204001464.64  
2015051400000700073000000003729580302001464.64  
2015051400000700073000000003729580304000250.45  
2015051400000700073000000003729580306000073.23  
2015051400000700073000000003729580308000250.45  
2015051400000700073000000003729580312000073.23  
2015051400000700073000000003729580999002141.52  
2015051400000700074000000005291890074000305.05  
2015051400000700074000000005291890204001525.26  
2015051400000700074000000005291890302001525.26  
2015051400000700074000000005291890304000260.82  
2015051400000700074000000005291890306000076.26  
2015051400000700074000000005291890308000260.82  
2015051400000700074000000005291890312000076.26  
2015051400000700074000000005291890999000849.24  
2015051400000700075000000004013122074000255.03  
2015051400000700075000000004013122204001275.14  
2015051400000700075000000004013122301001275.14  
2015051400000700075000000004013122303000218.05  
2015051400000700075000000004013122305000063.76  
2015051400000700075000000004013122307000218.05  
2015051400000700075000000004013122311000063.76  
2015051400000700075000000004013122999000991.51  
2015051400000700076000000006466668074000305.05  
2015051400000700076000000006466668204001525.26  
2015051400000700076000000006466668302001525.26  
2015051400000700076000000006466668304000260.82  
2015051400000700076000000006466668306000076.26  
2015051400000700076000000006466668308000260.82  
2015051400000700076000000006466668312000076.26  
2015051400000700076000000006466668999000836.58  
2015051400000700078000000005241984074000280.75  
2015051400000700078000000005241984204001403.76  
2015051400000700078000000005241984301001403.76  
2015051400000700078000000005241984303000240.04  
2015051400000700078000000005241984305000070.19  
2015051400000700078000000005241984307000240.04  
2015051400000700078000000005241984311000070.19  
2015051400000700078000000005241984999001818.07  
2015051400000700079000000005225966074000255.03  
2015051400000700079000000005225966204001275.14  
2015051400000700079000000005225966301001275.14  
2015051400000700079000000005225966303000218.05  
2015051400000700079000000005225966305000063.76  
2015051400000700079000000005225966307000218.05  
2015051400000700079000000005225966311000063.76  
2015051400000700079000000005225966999003839.86  
2015051400000700080000000003768663074000255.03  
2015051400000700080000000003768663204001275.14  
2015051400000700080000000003768663302001275.14  
2015051400000700080000000003768663304000218.05  
2015051400000700080000000003768663306000063.76  
2015051400000700080000000003768663308000218.05  
2015051400000700080000000003768663312000063.76  
2015051400000700080000000003768663999001214.36  
2015051400000700081000000006408031074000259.14  
2015051400000700081000000006408031204001295.71  
2015051400000700081000000006408031301001295.71  
2015051400000700081000000006408031303000221.57  
2015051400000700081000000006408031305000064.79  
2015051400000700081000000006408031307000221.57  
2015051400000700081000000006408031311000064.79  
2015051400000700081000000006408031999000093.43  
2015051400000700082000000002899775074000236.15  
2015051400000700082000000002899775204001180.74  
2015051400000700082000000002899775301001180.74  
2015051400000700082000000002899775303000201.91  
2015051400000700082000000002899775305000059.04  
2015051400000700082000000002899775307000201.91  
2015051400000700082000000002899775311000059.04  
2015051400000700082000000002899775999002194.87  
2015051400000700084000000002879279074000264.96  
2015051400000700084000000002879279204001324.81  
2015051400000700084000000002879279302001324.81  
2015051400000700084000000002879279304000226.54  
2015051400000700084000000002879279306000066.24  
2015051400000700084000000002879279308000226.54  
2015051400000700084000000002879279312000066.24  
2015051400000700084000000002879279999000717.30  
2015051400000700085000000006473021074000236.15  
2015051400000700085000000006473021204001180.74  
2015051400000700085000000006473021301001180.74  
2015051400000700085000000006473021303000201.91  
2015051400000700085000000006473021305000059.04  
2015051400000700085000000006473021307000201.91  
2015051400000700085000000006473021311000059.04  
2015051400000700085000000006473021999002725.75  
2015051400000700086000000004461894074000242.11  
2015051400000700086000000004461894204001210.55  
2015051400000700086000000004461894301001210.55  
2015051400000700086000000004461894303000207.00  
2015051400000700086000000004461894305000060.53  
2015051400000700086000000004461894307000207.00  
2015051400000700086000000004461894311000060.53  
2015051400000700086000000004461894999003500.13  
2015051400000700088000000003742365074000242.11  
2015051400000700088000000003742365204001210.55  
2015051400000700088000000003742365301001210.55  
2015051400000700088000000003742365303000207.00  
2015051400000700088000000003742365305000060.53  
2015051400000700088000000003742365307000207.00  
2015051400000700088000000003742365311000060.53  
2015051400000700088000000003742365999000695.05  
2015051400000700089000000004526386074000209.57  
2015051400000700089000000004526386204001047.84  
2015051400000700089000000004526386302001047.84  
2015051400000700089000000004526386304000179.18  
2015051400000700089000000004526386306000052.39  
2015051400000700089000000004526386308000179.18  
2015051400000700089000000004526386312000052.39  
2015051400000700089000000004526386999002901.89  
2015051400000700090000000004510395074000209.57  
2015051400000700090000000004510395204001047.84  
2015051400000700090000000004510395301001047.84  
2015051400000700090000000004510395303000179.18  
2015051400000700090000000004510395305000052.39  
2015051400000700090000000004510395307000179.18  
2015051400000700090000000004510395311000052.39  
2015051400000700090000000004510395999003239.68  
2015051400000700092000000002914344074000302.88  
2015051400000700092000000002914344204001514.42  
2015051400000700092000000002914344301001514.42  
2015051400000700092000000002914344303000258.97  
2015051400000700092000000002914344305000075.72  
2015051400000700092000000002914344307000258.97  
2015051400000700092000000002914344311000075.72  
2015051400000700092000000002914344999001857.94  
2015051400000700093000000003078110074000305.86  
2015051400000700093000000003078110204001529.28  
2015051400000700093000000003078110301001529.28  
2015051400000700093000000003078110303000261.51  
2015051400000700093000000003078110305000076.46  
2015051400000700093000000003078110307000261.51  
2015051400000700093000000003078110311000076.46  
2015051400000700093000000003078110999003347.82  
2015051400000700095000000006431024074000209.57  
2015051400000700095000000006431024204001047.84  
2015051400000700095000000006431024302001047.84  
2015051400000700095000000006431024304000179.18  
2015051400000700095000000006431024306000052.39  
2015051400000700095000000006431024308000179.18  
2015051400000700095000000006431024312000052.39  
2015051400000700095000000006431024999001223.34  
2015051400000700096000000003099304074000250.49  
2015051400000700096000000003099304204001252.47  
2015051400000700096000000003099304301001252.47  
2015051400000700096000000003099304303000214.17  
2015051400000700096000000003099304305000062.62  
2015051400000700096000000003099304307000214.17  
2015051400000700096000000003099304311000062.62  
2015051400000700096000000003099304999000930.09  
2015051400000700098000000004022515074000256.46  
2015051400000700098000000004022515204001282.28  
2015051400000700098000000004022515302001282.28  
2015051400000700098000000004022515304000219.27  
2015051400000700098000000004022515306000064.11  
2015051400000700098000000004022515308000219.27  
2015051400000700098000000004022515312000064.11  
2015051400000700098000000004022515999004224.72  
2015051400000700099000000005648577074000250.49  
2015051400000700099000000005648577204001252.47  
2015051400000700099000000005648577302001252.47  
2015051400000700099000000005648577304000214.17  
2015051400000700099000000005648577306000062.62  
2015051400000700099000000005648577308000214.17  
2015051400000700099000000005648577312000062.62  
2015051400000700099000000005648577999001589.37  
2015051400000700100000000007349314074000254.28  
2015051400000700100000000007349314204001271.40  
2015051400000700100000000007349314301001271.40  
2015051400000700100000000007349314305000063.57  
2015051400000700100000000007349314311000063.57  
2015051400000700100000000007349314999000037.90  
2015051400000700101000000001370502074000275.43  
2015051400000700101000000001370502204001377.13  
2015051400000700101000000001370502301001377.13  
2015051400000700101000000001370502303000235.49  
2015051400000700101000000001370502305000068.86  
2015051400000700101000000001370502307000235.49  
2015051400000700101000000001370502311000068.86  
2015051400000700101000000001370502999004002.07  
2015051400000700102000000002692604074000262.59  
2015051400000700102000000002692604204001312.94  
2015051400000700102000000002692604301001312.94  
2015051400000700102000000002692604303000224.51  
2015051400000700102000000002692604305000065.65  
2015051400000700102000000002692604307000224.51  
2015051400000700102000000002692604311000065.65  
2015051400000700102000000002692604999004681.29  
2015051400000700103000000000959934074000235.40  
2015051400000700103000000000959934204001177.00  
2015051400000700103000000000959934302001177.00  
2015051400000700103000000000959934304000201.27  
2015051400000700103000000000959934306000058.85  
2015051400000700103000000000959934308000201.27  
2015051400000700103000000000959934312000058.85  
2015051400000700103000000000959934999001275.70  
2015051400000700104000000001760686074000248.69  
2015051400000700104000000001760686204001243.46  
2015051400000700104000000001760686301001243.46  
2015051400000700104000000001760686303000212.63  
2015051400000700104000000001760686305000062.17  
2015051400000700104000000001760686307000212.63  
2015051400000700104000000001760686311000062.17  
2015051400000700104000000001760686999002427.82  
2015051400000700105000000000803131074000235.40  
2015051400000700105000000000803131204001177.00  
2015051400000700105000000000803131302001177.00  
2015051400000700105000000000803131306000058.85  
2015051400000700105000000000803131312000058.85  
2015051400000700105000000000803131999001007.86  
2015051400000700106000000002045701074000235.40  
2015051400000700106000000002045701204001177.00  
2015051400000700106000000002045701301001177.00  
2015051400000700106000000002045701303000201.27  
2015051400000700106000000002045701305000058.85  
2015051400000700106000000002045701307000201.27  
2015051400000700106000000002045701311000058.85  
2015051400000700106000000002045701999001311.76  
2015051400000700107000000003831838074000211.55  
2015051400000700107000000003831838204001057.77  
2015051400000700107000000003831838301001057.77  
2015051400000700107000000003831838303000180.88  
2015051400000700107000000003831838305000052.89  
2015051400000700107000000003831838307000180.88  
2015051400000700107000000003831838311000052.89  
2015051400000700107000000003831838999003449.39  
2015051400000700108000000000855279074000235.40  
2015051400000700108000000000855279204001177.00  
2015051400000700108000000000855279301001177.00  
2015051400000700108000000000855279303000201.27  
2015051400000700108000000000855279305000058.85  
2015051400000700108000000000855279307000201.27  
2015051400000700108000000000855279311000058.85  
2015051400000700108000000000855279999002839.04  
2015051400000700109000000003782731074000316.14  
2015051400000700109000000003782731204001580.72  
2015051400000700109000000003782731301001580.72  
2015051400000700109000000003782731303000270.30  
2015051400000700109000000003782731305000079.04  
2015051400000700109000000003782731307000270.30  
2015051400000700109000000003782731311000079.04  
2015051400000700109000000003782731999001149.65  
2015051400000700110000000003720627074000294.73  
2015051400000700110000000003720627204001473.64  
2015051400000700110000000003720627301001473.64  
2015051400000700110000000003720627303000251.99  
2015051400000700110000000003720627305000073.68  
2015051400000700110000000003720627307000251.99  
2015051400000700110000000003720627311000073.68  
2015051400000700110000000003720627999004826.19  
2015051400000700111000000002894101074000219.50  
2015051400000700111000000002894101204001097.51  
2015051400000700111000000002894101301001097.51  
2015051400000700111000000002894101303000187.67  
2015051400000700111000000002894101305000054.88  
2015051400000700111000000002894101307000187.67  
2015051400000700111000000002894101311000054.88  
2015051400000700111000000002894101999002926.67  
2015051400000700112000000001714032074000244.35  
2015051400000700112000000001714032204001221.76  
2015051400000700112000000001714032301001221.76  
2015051400000700112000000001714032303000208.92  
2015051400000700112000000001714032305000061.09  
2015051400000700112000000001714032307000208.92  
2015051400000700112000000001714032311000061.09  
2015051400000700112000000001714032999001224.74  
2015051400000700113000000005916650074000190.69  
2015051400000700113000000005916650204000953.44  
2015051400000700113000000005916650302000953.44  
2015051400000700113000000005916650304000163.04  
2015051400000700113000000005916650306000047.67  
2015051400000700113000000005916650308000163.04  
2015051400000700113000000005916650312000047.67  
2015051400000700113000000005916650999001954.14  
2015051400000700114000000000960278074000211.55  
2015051400000700114000000000960278204001057.77  
2015051400000700114000000000960278301001057.77  
2015051400000700114000000000960278303000180.88  
2015051400000700114000000000960278305000052.89  
2015051400000700114000000000960278307000180.88  
2015051400000700114000000000960278311000052.89  
2015051400000700114000000000960278999001473.57  
2015051400000700115000000004329789074000274.67  
2015051400000700115000000004329789204001373.33  
2015051400000700115000000004329789301001373.33  
2015051400000700115000000004329789303000234.84  
2015051400000700115000000004329789305000068.67  
2015051400000700115000000004329789307000234.84  
2015051400000700115000000004329789311000068.67  
2015051400000700115000000004329789999002671.34  
2015051400000700116000000003504972074000256.23  
2015051400000700116000000003504972204001281.17  
2015051400000700116000000003504972301001281.17  
2015051400000700116000000003504972303000219.08  
2015051400000700116000000003504972305000064.06  
2015051400000700116000000003504972307000219.08  
2015051400000700116000000003504972311000064.06  
2015051400000700116000000003504972999001614.45  
2015051400000700117000000003754990074000276.35  
2015051400000700117000000003754990204001381.73  
2015051400000700117000000003754990301001381.73  
2015051400000700117000000003754990303000236.28  
2015051400000700117000000003754990305000069.09  
2015051400000700117000000003754990307000236.28  
2015051400000700117000000003754990311000069.09  
2015051400000700117000000003754990999003221.72  
2015051400000700118000000003482063074000286.11  
2015051400000700118000000003482063204001430.57  
2015051400000700118000000003482063301001430.57  
2015051400000700118000000003482063303000244.63  
2015051400000700118000000003482063305000071.53  
2015051400000700118000000003482063307000244.63  
2015051400000700118000000003482063311000071.53  
2015051400000700118000000003482063999001001.70  
2015051400000700119000000004800059074000216.63  
2015051400000700119000000004800059204001083.16  
2015051400000700119000000004800059302001083.16  
2015051400000700119000000004800059304000185.22  
2015051400000700119000000004800059306000054.16  
2015051400000700119000000004800059308000185.22  
2015051400000700119000000004800059312000054.16  
2015051400000700119000000004800059999002644.80  
2015051400000700120000000004292985074000210.99  
2015051400000700120000000004292985204001054.94  
2015051400000700120000000004292985301001054.94  
2015051400000700120000000004292985303000180.40  
2015051400000700120000000004292985305000052.75  
2015051400000700120000000004292985307000180.40  
2015051400000700120000000004292985311000052.75  
2015051400000700120000000004292985999001510.54  
2015051400000700121000000001864381074000251.58  
2015051400000700121000000001864381204001257.90  
2015051400000700121000000001864381301001257.90  
2015051400000700121000000001864381303000215.10  
2015051400000700121000000001864381305000062.90  
2015051400000700121000000001864381307000215.10  
2015051400000700121000000001864381311000062.90  
2015051400000700121000000001864381999002838.23  
2015051400000700122000000001764275074000205.84  
2015051400000700122000000001764275204001029.22  
2015051400000700122000000001764275301001029.22  
2015051400000700122000000001764275303000176.00  
2015051400000700122000000001764275305000051.46  
2015051400000700122000000001764275307000176.00  
2015051400000700122000000001764275311000051.46  
2015051400000700122000000001764275999003052.07  
2015051400000700123000000003417050074000224.07  
2015051400000700123000000003417050204001120.34  
2015051400000700123000000003417050301001120.34  
2015051400000700123000000003417050303000191.58  
2015051400000700123000000003417050305000056.02  
2015051400000700123000000003417050307000191.58  
2015051400000700123000000003417050311000056.02  
2015051400000700123000000003417050999001125.71  
2015051400000700124000000003786262074000199.20  
2015051400000700124000000003786262204000995.98  
2015051400000700124000000003786262301000995.98  
2015051400000700124000000003786262303000170.31  
2015051400000700124000000003786262305000049.80  
2015051400000700124000000003786262307000170.31  
2015051400000700124000000003786262311000049.80  
2015051400000700124000000003786262999002343.08  
2015051400000700125000000008854526074000202.21  
2015051400000700125000000008854526204001011.04  
2015051400000700125000000008854526301001011.04  
2015051400000700125000000008854526303000172.89  
2015051400000700125000000008854526305000050.55  
2015051400000700125000000008854526307000172.89  
2015051400000700125000000008854526311000050.55  
2015051400000700125000000008854526999002216.66  
2015051400000700126000000005151886074000197.59  
2015051400000700126000000005151886204000987.93  
2015051400000700126000000005151886301000987.93  
2015051400000700126000000005151886303000168.94  
2015051400000700126000000005151886305000049.40  
2015051400000700126000000005151886307000168.94  
2015051400000700126000000005151886311000049.40  
2015051400000700126000000005151886999001987.14  
2015051400000700127000000004538011074000152.79  
2015051400000700127000000004538011204000763.94  
2015051400000700127000000004538011302000763.94  
2015051400000700127000000004538011304000130.63  
2015051400000700127000000004538011306000038.20  
2015051400000700127000000004538011308000130.63  
2015051400000700127000000004538011312000038.20  
2015051400000700127000000004538011999000963.62  
2015051400000700128000000006096339074000209.54  
2015051400000700128000000006096339204001047.71  
2015051400000700128000000006096339302001047.71  
2015051400000700128000000006096339304000179.16  
2015051400000700128000000006096339306000052.39  
2015051400000700128000000006096339308000179.16  
2015051400000700128000000006096339312000052.39  
2015051400000700128000000006096339999000782.72  
2015051400000700129000000005179460074000212.47  
2015051400000700129000000005179460204001062.36  
2015051400000700129000000005179460302001062.36  
2015051400000700129000000005179460304000181.66  
2015051400000700129000000005179460306000053.12  
2015051400000700129000000005179460308000181.66  
2015051400000700129000000005179460312000053.12  
2015051400000700129000000005179460999004855.82  
2015051400000700130000000004410789074000246.88  
2015051400000700130000000004410789204001234.40  
2015051400000700130000000004410789301001234.40  
2015051400000700130000000004410789303000211.08  
2015051400000700130000000004410789305000061.72  
2015051400000700130000000004410789307000211.08  
2015051400000700130000000004410789311000061.72  
2015051400000700130000000004410789999003140.81  
2015051400000700132000000004415402074000211.61  
2015051400000700132000000004415402204001058.06  
2015051400000700132000000004415402301001058.06  
2015051400000700132000000004415402303000180.93  
2015051400000700132000000004415402305000052.90  
2015051400000700132000000004415402307000180.93  
2015051400000700132000000004415402311000052.90  
2015051400000700132000000004415402999002759.92  
2015051400000700133000000004200223074000204.24  
2015051400000700133000000004200223204001021.19  
2015051400000700133000000004200223302001021.19  
2015051400000700133000000004200223304000174.62  
2015051400000700133000000004200223306000051.06  
2015051400000700133000000004200223308000174.62  
2015051400000700133000000004200223312000051.06  
2015051400000700133000000004200223999003409.73  
2015051400000700134000000003605581074000152.79  
2015051400000700134000000003605581204000763.94  
2015051400000700134000000003605581301000763.94  
2015051400000700134000000003605581303000130.63  
2015051400000700134000000003605581305000038.20  
2015051400000700134000000003605581307000130.63  
2015051400000700134000000003605581311000038.20  
2015051400000700134000000003605581999001898.54  
2015051400000700135000000005903134074000205.55  
2015051400000700135000000005903134204001027.73  
2015051400000700135000000005903134301001027.73  
2015051400000700135000000005903134303000175.74  
2015051400000700135000000005903134305000051.39  
2015051400000700135000000005903134307000175.74  
2015051400000700135000000005903134311000051.39  
2015051400000700135000000005903134999000855.19  
2015051400000700136000000004702349074000223.76  
2015051400000700136000000004702349204001118.82  
2015051400000700136000000004702349301001118.82  
2015051400000700136000000004702349303000191.32  
2015051400000700136000000004702349305000055.94  
2015051400000700136000000004702349307000191.32  
2015051400000700136000000004702349311000055.94  
2015051400000700136000000004702349999002801.97  
2015051400000700137000000002551314074000181.60  
2015051400000700137000000002551314204000908.01  
2015051400000700137000000002551314302000908.01  
2015051400000700137000000002551314304000155.27  
2015051400000700137000000002551314306000045.40  
2015051400000700137000000002551314308000155.27  
2015051400000700137000000002551314312000045.40  
2015051400000700137000000002551314999003072.07  
2015051400000700138000000003693620074000175.86  
2015051400000700138000000003693620204000879.31  
2015051400000700138000000003693620301000879.31  
2015051400000700138000000003693620303000150.36  
2015051400000700138000000003693620305000043.97  
2015051400000700138000000003693620307000150.36  
2015051400000700138000000003693620311000043.97  
2015051400000700138000000003693620999001163.85  
2015051400000700139000000004897781074000185.34  
2015051400000700139000000004897781204000926.72  
2015051400000700139000000004897781301000926.72  
2015051400000700139000000004897781303000158.47  
2015051400000700139000000004897781305000046.34  
2015051400000700139000000004897781307000158.47  
2015051400000700139000000004897781311000046.34  
2015051400000700139000000004897781999000864.27  
2015051400000700140000000004886972074000129.99  
2015051400000700140000000004886972204000649.94  
2015051400000700140000000004886972302000649.94  
2015051400000700140000000004886972304000111.14  
2015051400000700140000000004886972306000032.50  
2015051400000700140000000004886972308000111.14  
2015051400000700140000000004886972312000032.50  
2015051400000700140000000004886972999002793.41  
2015051400000700141000000004870962074000129.99  
2015051400000700141000000004870962204000649.94  
2015051400000700141000000004870962302000649.94  
2015051400000700141000000004870962304000111.14  
2015051400000700141000000004870962306000032.50  
2015051400000700141000000004870962308000111.14  
2015051400000700141000000004870962312000032.50  
2015051400000700141000000004870962999000646.42  
2015051400000700142000000003064016074000175.86  
2015051400000700142000000003064016204000879.31  
2015051400000700142000000003064016301000879.31  
2015051400000700142000000003064016303000150.36  
2015051400000700142000000003064016305000043.97  
2015051400000700142000000003064016307000150.36  
2015051400000700142000000003064016311000043.97  
2015051400000700142000000003064016999001877.65  
2015051400000700143000000003753027074000150.85  
2015051400000700143000000003753027204000754.27  
2015051400000700143000000003753027301000754.27  
2015051400000700143000000003753027303000128.98  
2015051400000700143000000003753027305000037.71  
2015051400000700143000000003753027307000128.98  
2015051400000700143000000003753027311000037.71  
2015051400000700143000000003753027999001489.79  
2015051400000700144000000007962862074000160.87  
2015051400000700144000000007962862204000804.35  
2015051400000700144000000007962862301000804.35  
2015051400000700144000000007962862303000137.54  
2015051400000700144000000007962862305000040.22  
2015051400000700144000000007962862307000137.54  
2015051400000700144000000007962862311000040.22  
2015051400000700144000000007962862999002259.44  
2015051400000700146000000003734545074000514.67  
2015051400000700146000000003734545204002573.34  
2015051400000700146000000003734545301002573.34  
2015051400000700146000000003734545303000440.04  
2015051400000700146000000003734545305000128.67  
2015051400000700146000000003734545307000440.04  
2015051400000700146000000003734545311000128.67  
2015051400000700146000000003734545999001829.54  
2015051400000700201000000002991007074000384.98  
2015051400000700201000000002991007204001924.90  
2015051400000700201000000002991007302001924.90  
2015051400000700201000000002991007304000329.16  
2015051400000700201000000002991007306000096.25  
2015051400000700201000000002991007308000329.16  
2015051400000700201000000002991007312000096.25  
2015051400000700201000000002991007999003555.90  
2015051400000700202000000000953021074000796.77  
2015051400000700202000000000953021204003983.84  
2015051400000700202000000000953021302003983.84  
2015051400000700202000000000953021304000681.24  
2015051400000700202000000000953021306000199.19  
2015051400000700202000000000953021308000681.24  
2015051400000700202000000000953021312000199.19  
2015051400000700202000000000953021999008504.56  
2015051400000700203000000001069089074000770.40  
2015051400000700203000000001069089204003852.00  
2015051400000700203000000001069089302003852.00  
2015051400000700203000000001069089304000658.69  
2015051400000700203000000001069089306000192.60  
2015051400000700203000000001069089308000658.69  
2015051400000700203000000001069089312000192.60  
2015051400000700203000000001069089999003880.25  
2015051400000700204000000003017631001000765.11  
2015051400000700204000000003017631074000775.37  
2015051400000700204000000003017631204003876.84  
2015051400000700204000000003017631302003876.84  
2015051400000700204000000003017631304000662.94  
2015051400000700204000000003017631306000193.84  
2015051400000700204000000003017631308000662.94  
2015051400000700204000000003017631312000193.84  
2015051400000700204000000003017631999001322.94  
2015051400000700205000000001893812074000770.40  
2015051400000700205000000001893812204003852.00  
2015051400000700205000000001893812301003852.00  
2015051400000700205000000001893812303000658.69  
2015051400000700205000000001893812305000192.60  
2015051400000700205000000001893812307000658.69  
2015051400000700205000000001893812311000192.60  
2015051400000700205000000001893812999004699.37  
2015051400000700206000000003025505074000788.28  
2015051400000700206000000003025505204003941.42  
2015051400000700206000000003025505302003941.42  
2015051400000700206000000003025505304000673.98  
2015051400000700206000000003025505306000197.07  
2015051400000700206000000003025505308000673.98  
2015051400000700206000000003025505312000197.07  
2015051400000700206000000003025505999006471.89  
2015051400000700207000000005198940074000492.43  
2015051400000700207000000005198940204002462.15  
2015051400000700207000000005198940301002462.15  
2015051400000700207000000005198940303000421.03  
2015051400000700207000000005198940305000123.11  
2015051400000700207000000005198940307000421.03  
2015051400000700207000000005198940311000123.11  
2015051400000700207000000005198940999007689.14  
2015051400000700208000000000778882074000531.18  
2015051400000700208000000000778882204002655.90  
2015051400000700208000000000778882305000132.80  
2015051400000700208000000000778882311000132.80  
2015051400000700208000000000778882999006620.74  
2015051400000700209000000004901227074000486.47  
2015051400000700209000000004901227204002432.34  
2015051400000700209000000004901227301002432.34  
2015051400000700209000000004901227303000415.93  
2015051400000700209000000004901227305000121.62  
2015051400000700209000000004901227307000415.93  
2015051400000700209000000004901227311000121.62  
2015051400000700209000000004901227999000113.23  
2015051400000700210000000003621269074000515.28  
2015051400000700210000000003621269204002576.41  
2015051400000700210000000003621269301002576.41  
2015051400000700210000000003621269303000440.57  
2015051400000700210000000003621269305000128.82  
2015051400000700210000000003621269307000440.57  
2015051400000700210000000003621269311000128.82  
2015051400000700210000000003621269999007232.91  
2015051400000700211000000004414796074000486.47  
2015051400000700211000000004414796204002432.34  
2015051400000700211000000004414796301002432.34  
2015051400000700211000000004414796303000415.93  
2015051400000700211000000004414796305000121.62  
2015051400000700211000000004414796307000415.93  
2015051400000700211000000004414796311000121.62  
2015051400000700211000000004414796999005742.15  
2015051400000700212000000004411903074000481.50  
2015051400000700212000000004411903204002407.50  
2015051400000700212000000004411903302002407.50  
2015051400000700212000000004411903304000411.68  
2015051400000700212000000004411903306000120.38  
2015051400000700212000000004411903308000411.68  
2015051400000700212000000004411903312000120.38  
2015051400000700212000000004411903999001456.97  
2015051400000700213000000005213524074000514.67  
2015051400000700213000000005213524204002573.34  
2015051400000700213000000005213524302002573.34  
2015051400000700213000000005213524304000440.04  
2015051400000700213000000005213524306000128.67  
2015051400000700213000000005213524308000440.04  
2015051400000700213000000005213524312000128.67  
2015051400000700213000000005213524999007817.27  
2015051400000700217000000003778798074000488.58  
2015051400000700217000000003778798204002442.91  
2015051400000700217000000003778798301002442.91  
2015051400000700217000000003778798303000417.74  
2015051400000700217000000003778798305000122.15  
2015051400000700217000000003778798307000417.74  
2015051400000700217000000003778798311000122.15  
2015051400000700217000000003778798999007690.38  
2015051400000700218000000002406485074000441.05  
2015051400000700218000000002406485204002205.25  
2015051400000700218000000002406485301002205.25  
2015051400000700218000000002406485303000377.10  
2015051400000700218000000002406485305000110.26  
2015051400000700218000000002406485307000377.10  
2015051400000700218000000002406485311000110.26  
2015051400000700218000000002406485999001766.93  
2015051400000700219000000000810986074000455.95  
2015051400000700219000000000810986204002279.77  
2015051400000700219000000000810986302002279.77  
2015051400000700219000000000810986304000389.84  
2015051400000700219000000000810986306000113.99  
2015051400000700219000000000810986308000389.84  
2015051400000700219000000000810986312000113.99  
2015051400000700219000000000810986999001756.09  
2015051400000700221000000002900854074000481.50  
2015051400000700221000000002900854204002407.50  
2015051400000700221000000002900854302002407.50  
2015051400000700221000000002900854304000411.68  
2015051400000700221000000002900854306000120.38  
2015051400000700221000000002900854308000411.68  
2015051400000700221000000002900854312000120.38  
2015051400000700221000000002900854999005268.26  
2015051400000700222000000002862575074000481.50  
2015051400000700222000000002862575204002407.50  
2015051400000700222000000002862575301002407.50  
2015051400000700222000000002862575303000411.68  
2015051400000700222000000002862575305000120.38  
2015051400000700222000000002862575307000411.68  
2015051400000700222000000002862575311000120.38  
2015051400000700222000000002862575999000110.75  
2015051400000700224000000004433413074000501.95  
2015051400000700224000000004433413204002509.74  
2015051400000700224000000004433413301002509.74  
2015051400000700224000000004433413303000429.17  
2015051400000700224000000004433413305000125.49  
2015051400000700224000000004433413307000429.17  
2015051400000700224000000004433413311000125.49  
2015051400000700224000000004433413999001382.74  
2015051400000700225000000003314456074000333.01  
2015051400000700225000000003314456204001665.05  
2015051400000700225000000003314456301001665.05  
2015051400000700225000000003314456303000284.72  
2015051400000700225000000003314456305000083.25  
2015051400000700225000000003314456307000284.72  
2015051400000700225000000003314456311000083.25  
2015051400000700225000000003314456999004181.74  
2015051400000700226000000001930623074000327.65  
2015051400000700226000000001930623204001638.24  
2015051400000700226000000001930623302001638.24  
2015051400000700226000000001930623304000280.14  
2015051400000700226000000001930623306000081.91  
2015051400000700226000000001930623308000280.14  
2015051400000700226000000001930623312000081.91  
2015051400000700226000000001930623999001160.07  
2015051400000700227000000000936305074000385.50  
2015051400000700227000000000936305204001927.51  
2015051400000700227000000000936305301001927.51  
2015051400000700227000000000936305303000329.60  
2015051400000700227000000000936305305000096.38  
2015051400000700227000000000936305307000329.60  
2015051400000700227000000000936305311000096.38  
2015051400000700227000000000936305999004918.95  
2015051400000700228000000005193215074000298.01  
2015051400000700228000000005193215204001490.04  
2015051400000700228000000005193215301001490.04  
2015051400000700228000000005193215303000254.80  
2015051400000700228000000005193215305000074.50  
2015051400000700228000000005193215307000254.80  
2015051400000700228000000005193215311000074.50  
2015051400000700228000000005193215999002373.59  
2015051400000700229000000004502182074000209.57  
2015051400000700229000000004502182204001047.84  
2015051400000700229000000004502182301001047.84  
2015051400000700229000000004502182303000179.18  
2015051400000700229000000004502182305000052.39  
2015051400000700229000000004502182307000179.18  
2015051400000700229000000004502182311000052.39  
2015051400000700229000000004502182999000579.04  
2015051400000700230000000003757088074000415.76  
2015051400000700230000000003757088204002078.82  
2015051400000700230000000003757088301002078.82  
2015051400000700230000000003757088303000355.48  
2015051400000700230000000003757088305000103.94  
2015051400000700230000000003757088307000355.48  
2015051400000700230000000003757088311000103.94  
2015051400000700230000000003757088999005279.07  
2015051400000700231000000003131710074000496.53  
2015051400000700231000000003131710204002482.66  
2015051400000700231000000003131710301002482.66  
2015051400000700231000000003131710303000424.53  
2015051400000700231000000003131710305000124.13  
2015051400000700231000000003131710307000424.53  
2015051400000700231000000003131710311000124.13  
2015051400000700231000000003131710999007255.49  
2015051400000700232000000002875093074000435.09  
2015051400000700232000000002875093204002175.44  
2015051400000700232000000002875093302002175.44  
2015051400000700232000000002875093304000372.00  
2015051400000700232000000002875093306000108.77  
2015051400000700232000000002875093308000372.00  
2015051400000700232000000002875093312000108.77  
2015051400000700232000000002875093999001048.42  
2015051400000700233000000003622065074000463.90  
2015051400000700233000000003622065204002319.51  
2015051400000700233000000003622065301002319.51  
2015051400000700233000000003622065303000396.64  
2015051400000700233000000003622065305000115.98  
2015051400000700233000000003622065307000396.64  
2015051400000700233000000003622065311000115.98  
2015051400000700233000000003622065999006071.81  
2015051400000700234000000004076151074000209.57  
2015051400000700234000000004076151204001047.84  
2015051400000700234000000004076151301001047.84  
2015051400000700234000000004076151303000179.18  
2015051400000700234000000004076151305000052.39  
2015051400000700234000000004076151307000179.18  
2015051400000700234000000004076151311000052.39  
2015051400000700234000000004076151999003080.64  
2015051400000700235000000003623123074000533.91  
2015051400000700235000000003623123204002669.56  
2015051400000700235000000003623123302002669.56  
2015051400000700235000000003623123304000456.49  
2015051400000700235000000003623123306000133.48  
2015051400000700235000000003623123308000456.49  
2015051400000700235000000003623123312000133.48  
2015051400000700235000000003623123999003943.65  
