20150514000007000530000000044701020900000111220000184.53  
20150514000007000530000000044701020900000111600001440.00  
20150514000007000530000000044701020900000111700011963.24  
20150514000007000890000000045263860900000111220000148.04  
20150514000007000890000000045263860900000111700006096.67  
20150514000007000540000000030812510900000111220001346.23  
20150514000007000540000000030812510900000111700012834.93  
20150514000007000900000000045103950900000111220000140.03  
20150514000007000900000000045103950900000111700005766.89  
20150514000007000440000000009521341000000111220001668.47  
20150514000007000440000000009521341000000111700015907.82  
20150514000007000280000000030994141100000111220000376.74  
20150514000007000280000000030994141100000111310002965.30  
20150514000007000280000000030994141100000111700014825.91  
20150514000007002190000000008109860900000111220001028.01  
20150514000007002190000000008109860900000111700017115.99  
20150514000007001150000000043297891100000111220001145.87  
20150514000007001150000000043297891100000111310001144.07  
20150514000007001150000000043297891100000111700005718.77  
20150514000007001150000000043297891100000111910001307.73  
20150514000007002180000000024064850900000111220000433.24  
20150514000007002180000000024064850900000111700017049.44  
20150514000007002250000000033144560900000111220000339.78  
20150514000007002250000000033144560900000111700010012.69  
20150514000007002350000000036231231100000111220001513.12  
20150514000007002350000000036231231100000111700017845.78  
20150514000007001210000000018643811100000111220001093.31  
20150514000007001210000000018643811100000111310000956.64  
20150514000007001210000000018643811100000111600001440.00  
20150514000007001210000000018643811100000111700004783.95  
20150514000007001210000000018643811100000111910001308.08  
20150514000007000450000000035116591200000111220000203.38  
20150514000007000450000000035116591200000111700016288.52  
20150514000007001220000000017642751100000111220000314.97  
20150514000007001220000000017642751100000111310000851.84  
20150514000007001220000000017642751100000111700004259.87  
20150514000007001220000000017642751100000111910000505.35  
20150514000007000290000000037708311100000111220000945.19  
20150514000007000290000000037708311100000111310003147.54  
20150514000007000290000000037708311100000111700015737.11  
20150514000007000560000000051699641000000111220000192.68  
20150514000007000560000000051699641000000111700012491.68  
20150514000007002110000000044147960900000111220000158.19  
20150514000007002110000000044147960900000111700015331.55  
20150514000007001160000000035049721100000111220001261.58  
20150514000007001160000000035049721100000111310001259.60  
20150514000007001160000000035049721100000111700006296.25  
20150514000007001160000000035049721100000111910000751.45  
20150514000007000650000000044144611100000111220000470.72  
20150514000007000650000000044144611100000111310002480.90  
20150514000007000650000000044144611100000111700012402.08  
20150514000007000570000000030128040900000111220000175.68  
20150514000007000570000000030128040900000111700011389.46  
20150514000007001170000000037549901100000111220001080.59  
20150514000007001170000000037549901100000111310001078.89  
20150514000007001170000000037549901100000111700005392.95  
20150514000007001170000000037549901100000111910001286.94  
20150514000007000740000000052918901100000111220000203.00  
20150514000007000740000000052918901100000111310002044.02  
20150514000007000740000000052918901100000111700010217.72  
20150514000007002300000000037570880900000111220000553.49  
20150514000007002300000000037570880900000111700012313.50  
20150514000007000750000000040131221000000111220000197.51  
20150514000007000750000000040131221000000111700009941.67  
20150514000007002340000000040761511100000111220000143.80  
20150514000007002340000000040761511100000111700005922.16  
20150514000007001230000000034170501100000111220000422.11  
20150514000007001230000000034170501100000111310001141.61  
20150514000007001230000000034170501100000111700005708.95  
20150514000007001230000000034170501100000111910001381.03  
20150514000007000470000000035904831000000111220000424.63  
20150514000007000470000000035904831000000111700015458.34  
20150514000007000580000000044506571000000111220000211.41  
20150514000007000580000000044506571000000111700013706.20  
20150514000007001380000000036936201000000111220000956.54  
20150514000007001380000000036936201000000111310000926.00  
20150514000007001380000000036936201000000111700004629.12  
20150514000007001010000000013705021100000111220001214.98  
20150514000007001010000000013705021100000111310001081.27  
20150514000007001010000000013705021100000111700005407.13  
20150514000007001010000000013705021100000111910000315.46  
20150514000007000180000000030045571200000111220001066.05  
20150514000007000180000000030045571200000111700019546.83  
20150514000007001020000000026926041100000111220000666.96  
20150514000007001020000000026926041100000111310000958.83  
20150514000007001020000000026926041100000111700004794.83  
20150514000007001020000000026926041100000111910000358.75  
20150514000007000920000000029143441100000111220001565.37  
20150514000007000920000000029143441100000111310001535.19  
20150514000007000920000000029143441100000111700007674.72  
20150514000007000920000000029143441100000111910000586.15  
20150514000007002130000000052135240900000111220000141.37  
20150514000007002130000000052135240900000111700014504.04  
20150514000007001030000000009599340900000111220001899.05  
20150514000007001030000000009599340900000111700007099.28  
20150514000007001240000000037862621100000111220000570.21  
20150514000007001240000000037862621100000111310000942.42  
20150514000007001240000000037862621100000111700004712.84  
20150514000007001240000000037862621100000111910000125.34  
20150514000007000090000000028683471000000111220000665.81  
20150514000007000090000000028683471000000111700018974.96  
20150514000007000100000000031374600900000111220000933.13  
20150514000007000100000000031374600900000111700014078.83  
20150514000007000810000000064080310900000111220000215.04  
20150514000007000810000000064080310900000111700010006.49  
20150514000007000810000000064080310900000111910000995.31  
20150514000007000760000000064666681100000111220000203.20  
20150514000007000760000000064666681100000111310002046.09  
20150514000007000760000000064666681100000111700010228.11  
20150514000007000110000000030253460900000111700020703.50  
20150514000007000300000000037697441200000111220000198.14  
20150514000007000300000000037697441200000111700017154.51  
20150514000007000930000000030781101100000111220001104.66  
20150514000007000930000000030781101100000111310001338.27  
20150514000007000930000000030781101100000111700006690.27  
20150514000007000930000000030781101100000111910000868.07  
20150514000007001250000000088545261100000111220000162.37  
20150514000007001250000000088545261100000111310000966.08  
20150514000007001250000000088545261100000111700004831.17  
20150514000007001250000000088545261100000111910000649.12  
20150514000007002270000000009363050900000111220001043.37  
20150514000007002270000000009363050900000111700010862.93  
20150514000007001260000000051518861100000111220000367.10  
20150514000007001260000000051518861100000111310000992.84  
20150514000007001260000000051518861100000111700004964.96  
20150514000007001260000000051518861100000111910000311.62  
20150514000007000820000000028997750900000111220000170.65  
20150514000007000820000000028997750900000111700007941.15  
20150514000007002330000000036220651200000111220001032.27  
20150514000007002330000000036220651200000111700013142.93  
20150514000007000660000000051617001100000111220000203.82  
20150514000007000660000000051617001100000111310002363.30  
20150514000007000660000000051617001100000111700011814.22  
20150514000007001270000000045380110900000111220000185.50  
20150514000007001270000000045380110900000111700005519.31  
20150514000007002260000000019306230900000111220000199.24  
20150514000007002260000000019306230900000111700012940.89  
20150514000007000950000000064310240900000111220000187.83  
20150514000007000950000000064310240900000111700007735.43  
20150514000007001040000000017606861100000111220000875.31  
20150514000007001040000000017606861100000111310001258.36  
20150514000007001040000000017606861100000111700006292.70  
20150514000007001180000000034820631100000111220001356.16  
20150514000007001180000000034820631100000111310001354.03  
20150514000007001180000000034820631100000111700006768.26  
20150514000007001180000000034820631100000111910002007.25  
20150514000007000670000000045398890900000111220000151.06  
20150514000007000670000000045398890900000111700008755.89  
20150514000007001190000000048000591100000111220000343.58  
20150514000007001190000000048000591100000111310001060.32  
20150514000007001190000000048000591100000111700005300.14  
20150514000007001190000000048000591100000111910000106.01  
20150514000007000960000000030993041100000111220000198.38  
20150514000007000960000000030993041100000111310001634.28  
20150514000007000960000000030993041100000111700008170.10  
20150514000007001200000000042929851100000111220000181.26  
20150514000007001200000000042929851100000111310001230.64  
20150514000007001200000000042929851100000111700006151.48  
20150514000007001200000000042929851100000111910000134.67  
20150514000007001050000000008031310900000111220001998.06  
20150514000007001050000000008031310900000111700007469.38  
20150514000007002090000000049012270900000111220000215.67  
20150514000007002090000000049012270900000111700020902.99  
20150514000007000680000000048841640900000111220000200.56  
20150514000007000680000000048841640900000111700011625.10  
20150514000007000840000000028792790900000111220001382.98  
20150514000007000840000000028792790900000111700009464.01  
20150514000007000850000000064730211000000111220000159.48  
20150514000007000850000000064730211000000111700007421.44  
20150514000007001390000000048977811100000111220000193.66  
20150514000007001390000000048977811100000111310000974.89  
20150514000007001390000000048977811100000111700004873.51  
20150514000007001390000000048977811100000111910001182.98  
20150514000007000320000000037688620900000111220000437.57  
20150514000007000320000000037688620900000111700017220.19  
20150514000007001060000000020457010900000111220001891.44  
20150514000007001060000000020457010900000111700007070.83  
20150514000007001460000000037345451000000111220000199.17  
20150514000007001460000000037345451000000111700020433.97  
20150514000007000340000000052702481200000111220000203.51  
20150514000007000340000000052702481200000111700017619.15  
20150514000007001400000000048869720900000111220000110.07  
20150514000007001400000000048869720900000111600001440.00  
20150514000007001400000000048869720900000111700002769.84  
20150514000007002240000000044334130900000111220000203.14  
20150514000007002240000000044334130900000111700020321.63  
20150514000007001070000000038318380900000111220000706.29  
20150514000007001070000000038318380900000111700005077.57  
20150514000007002050000000018938121100000111700028924.74  
20150514000007001080000000008552790900000111220001569.12  
20150514000007001080000000008552790900000111700005865.87  
20150514000007000690000000034593161200000111220000203.62  
20150514000007000690000000034593161200000111700011802.31  
20150514000007001280000000060963391100000111220000198.27  
20150514000007001280000000060963391100000111310001179.70  
20150514000007001280000000060963391100000111700005899.43  
20150514000007001280000000060963391100000111910001085.31  
20150514000007000700000000037290380900000111220000907.12  
20150514000007000700000000037290380900000111700007732.28  
20150514000007000710000000037205221100000111220001168.70  
20150514000007000710000000037205221100000111310001992.79  
20150514000007000710000000037205221100000111700009961.99  
20150514000007000360000000028904761200000111700018627.13  
20150514000007000370000000044187971200000111220000201.89  
20150514000007000370000000044187971200000111700017478.96  
20150514000007001290000000051794601100000111220000227.24  
20150514000007001290000000051794601100000111310000614.57  
20150514000007001290000000051794601100000111600001440.00  
20150514000007001290000000051794601100000111700003073.34  
20150514000007001290000000051794601100000111910000502.39  
20150514000007001300000000044107891100000111220000798.85  
20150514000007001300000000044107891100000111310000914.06  
20150514000007001300000000044107891100000111700004571.03  
20150514000007001300000000044107891100000111910001350.29  
20150514000007000480000000036173220900000111220000138.94  
20150514000007000480000000036173220900000111700011127.83  
20150514000007002060000000030255050900000111220000633.75  
20150514000007002060000000030255050900000111700027299.06  
20150514000007001090000000037827311100000111220001669.60  
20150514000007001090000000037827311100000111310001485.87  
20150514000007001090000000037827311100000111700007430.38  
20150514000007001090000000037827311100000111910002062.59  
20150514000007000780000000052419841100000111220000184.66  
20150514000007000780000000052419841100000111700009294.54  
20150514000007000780000000052419841100000111910000956.12  
20150514000007002010000000029910070900000111700013246.54  
20150514000007002030000000010690890900000111700029743.86  
20150514000007000130000000031378190900000111220001345.64  
20150514000007000130000000031378190900000111700020302.67  
20150514000007000790000000052259660900000111220000142.03  
20150514000007000790000000052259660900000111700007148.80  
20150514000007000860000000044618940900000111220000319.02  
20150514000007000860000000044618940900000111700006747.72  
20150514000007001410000000048709620900000111220000192.12  
20150514000007001410000000048709620900000111700004834.78  
20150514000007002280000000051932150900000111220000177.26  
20150514000007002280000000051932150900000111700010455.71  
20150514000007000190000000005681381200000111220001883.50  
20150514000007000190000000005681381200000111700017958.50  
20150514000007000600000000044208960900000111220000215.97  
20150514000007000600000000044208960900000111700014001.76  
20150514000007000610000000035181171000000111220000361.98  
20150514000007000610000000035181171000000111700010667.08  
20150514000007001420000000030640161000000111220000851.69  
20150514000007001420000000030640161000000111310000824.49  
20150514000007001420000000030640161000000111700004121.68  
20150514000007002290000000045021820900000111220000203.10  
20150514000007002290000000045021820900000111700008364.46  
20150514000007002220000000028625750900000111700020904.31  
20150514000007000980000000040225151100000111220000296.97  
20150514000007000980000000040225151100000111310001112.04  
20150514000007000980000000040225151100000111600001440.00  
20150514000007000980000000040225151100000111700005559.31  
20150514000007001320000000044154021100000111220000334.48  
20150514000007001320000000044154021100000111310000904.60  
20150514000007001320000000044154021100000111700004523.69  
20150514000007001320000000044154021100000111910000713.14  
20150514000007002210000000029008541100000111700015746.80  
20150514000007001330000000042002231100000111220000133.89  
20150514000007001330000000042002231100000111310000796.63  
20150514000007001330000000042002231100000111700003983.76  
20150514000007001330000000042002231100000111910000589.94  
20150514000007002070000000051989401000000111220000306.36  
20150514000007002070000000051989401000000111700013496.58  
20150514000007000990000000056485771100000111220000185.31  
20150514000007000990000000056485771100000111310001526.57  
20150514000007000990000000056485771100000111700007631.60  
20150514000007000380000000044249660900000111220000173.52  
20150514000007000380000000044249660900000111700015022.81  
20150514000007001340000000036055810900000111220000155.10  
20150514000007001340000000036055810900000111700004614.79  
20150514000007001430000000037530270900000111220000872.38  
20150514000007001430000000037530270900000111700004221.84  
20150514000007002100000000036212690900000111220001000.24  
20150514000007002100000000036212690900000111700014256.35  
20150514000007000150000000035888920900000111700021672.27  
20150514000007001350000000059031341100000111220000431.55  
20150514000007001350000000059031341100000111310001167.14  
20150514000007001350000000059031341100000111700005836.59  
20150514000007001350000000059031341100000111910000680.60  
20150514000007000620000000044678691200000111220000200.05  
20150514000007000620000000044678691200000111700012969.31  
20150514000007002120000000044119031000000111700019558.09  
20150514000007000880000000037423650900000111220000445.65  
20150514000007000880000000037423650900000111700009426.17  
20150514000007001100000000037206271100000111220001138.01  
20150514000007001100000000037206271100000111310001012.77  
20150514000007001100000000037206271100000111700005064.58  
20150514000007001100000000037206271100000111910000821.86  
20150514000007000400000000035564380900000111220000406.79  
20150514000007000400000000035564380900000111700016008.65  
20150514000007000400000000035564380900000111910001651.05  
20150514000007001110000000028941011100000111220001024.00  
20150514000007001110000000028941011100000111700005629.51  
20150514000007002320000000028750931100000111220000204.86  
20150514000007002320000000028750931100000111700017736.14  
20150514000007002020000000009530210900000111220000163.80  
20150514000007002020000000009530210900000111700026106.58  
20150514000007001120000000017140321100000111220001919.28  
20150514000007001120000000017140321100000111700007174.88  
20150514000007001120000000017140321100000111910000345.81  
20150514000007002170000000037787980900000111220000942.69  
20150514000007002170000000037787980900000111700012691.10  
20150514000007000800000000037686630900000111220000193.17  
20150514000007000800000000037686630900000111700009723.16  
20150514000007000200000000042889520900000111220000214.64  
20150514000007000200000000042889520900000111700020465.31  
20150514000007001360000000047023491100000111220000340.16  
20150514000007001360000000047023491100000111310000919.98  
20150514000007001360000000047023491100000111700004600.61  
20150514000007001360000000047023491100000111910001103.50  
20150514000007002040000000030176310900000111220000203.45  
20150514000007002040000000030176310900000111700031549.44  
20150514000007002310000000031317101100000111220001211.57  
20150514000007002310000000031317101100000111700013204.05  
20150514000007001130000000059166500900000111220000165.92  
20150514000007001130000000059166500900000111600001440.00  
20150514000007001130000000059166500900000111700006202.52  
20150514000007001370000000025513140900000111220000902.95  
20150514000007001370000000025513140900000111700003951.02  
20150514000007000730000000037295801200000111220000180.51  
20150514000007000730000000037295801200000111700010462.82  
20150514000007001440000000079628621100000111220000147.05  
20150514000007001440000000079628621100000111310000740.26  
20150514000007001440000000079628621100000111600001440.00  
20150514000007001440000000079628621100000111700003700.57  
20150514000007001440000000079628621100000111910000173.85  
20150514000007000260000000013206270900000111220000196.44  
20150514000007000260000000013206270900000111700017983.49  
20150514000007000270000000013847920900000111220000198.94  
20150514000007000270000000013847920900000111700018212.19  
20150514000007000430000000021398970900000111220000995.92  
20150514000007000430000000021398970900000111700010264.87  
20150514000007000160000000037321240900000111220001051.64  
20150514000007000160000000037321240900000111700020748.99  
20150514000007001000000000073493141000000111220002203.36  
20150514000007001000000000073493141000000111700009074.20  
20150514000007002080000000007788821200000111220001839.94  
20150514000007002080000000007788821200000111700017832.72  
20150514000007000630000000059353090900000111220000212.49  
20150514000007000630000000059353090900000111700013776.22  
20150514000007001140000000009602780900000111220000947.56  
20150514000007001140000000009602780900000111700006812.12  
20150514000007000640000000044674200900000111220000768.61  
20150514000007000640000000044674200900000111700009582.58  
