20150514000008000000000000001301010000010830006219.9500000000
20150514000008000000000000002901010000010829003459.9500000000
20150514000008000000000855279301010000010840000550.0000000000
20150514000008000000004800059301010000010842000500.0000000000
20150514000008000000005179460301010000010841000350.0000000000
20150514000008000000160130029301010000010836002880.0000000000
20150514000008000000168206024301010000010838007200.0000000000
20150514000008000001006803028301010000010832221667.5400000000
20150514000008000001006803028301010000010833002978.3200000000
20150514000008000001022913028301010000010835227280.8200000000
20150514000008000001023013022301010000010828179863.3400000000
20150514000008000001028339025301010000010831006318.8700000000
20150514000008000001028339025301010000010834122802.8600000000
20150514000008000001028415020301010000000000073330.0000000000
20150514000008000001028415020301010000000000123518.9600000000
