2015051400000800009000000002868347074000364.62  
2015051400000800009000000002868347204001823.12  
2015051400000800009000000002868347301001823.12  
2015051400000800009000000002868347303000311.75  
2015051400000800009000000002868347305000091.16  
2015051400000800009000000002868347307000311.75  
2015051400000800009000000002868347311000091.16  
2015051400000800009000000002868347999002968.58  
2015051400000800010000000003137460074000380.52  
2015051400000800010000000003137460204001902.61  
2015051400000800010000000003137460301001902.61  
2015051400000800010000000003137460303000325.35  
2015051400000800010000000003137460305000095.13  
2015051400000800010000000003137460307000325.35  
2015051400000800010000000003137460311000095.13  
2015051400000800010000000003137460999008369.54  
2015051400000800011000000003025346074000346.74  
2015051400000800011000000003025346204001733.70  
2015051400000800011000000003025346302001733.70  
2015051400000800011000000003025346304000296.46  
2015051400000800011000000003025346306000086.69  
2015051400000800011000000003025346308000296.46  
2015051400000800011000000003025346312000086.69  
2015051400000800011000000003025346999001140.45  
2015051400000800013000000003137819074000380.52  
2015051400000800013000000003137819204001902.61  
2015051400000800013000000003137819301001902.61  
2015051400000800013000000003137819303000325.35  
2015051400000800013000000003137819305000095.13  
2015051400000800013000000003137819307000325.35  
2015051400000800013000000003137819311000095.13  
2015051400000800013000000003137819999001597.98  
2015051400000800015000000003588892074000346.74  
2015051400000800015000000003588892204001733.70  
2015051400000800015000000003588892302001733.70  
2015051400000800015000000003588892304000296.46  
2015051400000800015000000003588892306000086.69  
2015051400000800015000000003588892308000296.46  
2015051400000800015000000003588892312000086.69  
2015051400000800015000000003588892999000059.07  
2015051400000800016000000003732124074000372.57  
2015051400000800016000000003732124204001862.87  
2015051400000800016000000003732124301001862.87  
2015051400000800016000000003732124303000318.55  
2015051400000800016000000003732124305000093.14  
2015051400000800016000000003732124307000318.55  
2015051400000800016000000003732124311000093.14  
2015051400000800016000000003732124999001165.14  
2015051400000800018000000003004557074000348.07  
2015051400000800018000000003004557204001740.37  
2015051400000800018000000003004557301001740.37  
2015051400000800018000000003004557303000297.60  
2015051400000800018000000003004557305000087.02  
2015051400000800018000000003004557307000297.60  
2015051400000800018000000003004557311000087.02  
2015051400000800018000000003004557999000832.29  
2015051400000800019000000000568138074000371.92  
2015051400000800019000000000568138204001859.60  
2015051400000800019000000000568138301001859.60  
2015051400000800019000000000568138305000092.98  
2015051400000800019000000000568138311000092.98  
2015051400000800019000000000568138999003071.92  
2015051400000800020000000004288952001000031.98  
2015051400000800020000000004288952074000327.21  
2015051400000800020000000004288952204001636.04  
2015051400000800020000000004288952301001636.04  
2015051400000800020000000004288952303000279.76  
2015051400000800020000000004288952305000081.80  
2015051400000800020000000004288952307000279.76  
2015051400000800020000000004288952311000081.80  
2015051400000800020000000004288952999000122.17  
2015051400000800026000000001320627001001058.06  
2015051400000800026000000001320627074000314.33  
2015051400000800026000000001320627204001571.64  
2015051400000800026000000001320627301001571.64  
2015051400000800026000000001320627303000268.75  
2015051400000800026000000001320627305000078.58  
2015051400000800026000000001320627307000268.75  
2015051400000800026000000001320627311000078.58  
2015051400000800026000000001320627999000569.66  
2015051400000800027000000001384792001000326.30  
2015051400000800027000000001384792074000314.33  
2015051400000800027000000001384792204001571.64  
2015051400000800027000000001384792302001571.64  
2015051400000800027000000001384792304000268.75  
2015051400000800027000000001384792306000078.58  
2015051400000800027000000001384792308000268.75  
2015051400000800027000000001384792312000078.58  
2015051400000800027000000001384792999001116.07  
2015051400000800028000000003099414074000362.05  
2015051400000800028000000003099414204001810.25  
2015051400000800028000000003099414302001810.25  
2015051400000800028000000003099414304000309.55  
2015051400000800028000000003099414306000090.51  
2015051400000800028000000003099414308000309.55  
2015051400000800028000000003099414312000090.51  
2015051400000800028000000003099414999004442.54  
2015051400000800029000000003770831074000376.95  
2015051400000800029000000003770831204001884.77  
2015051400000800029000000003770831301001884.77  
2015051400000800029000000003770831303000322.30  
2015051400000800029000000003770831305000094.24  
2015051400000800029000000003770831307000322.30  
2015051400000800029000000003770831311000094.24  
2015051400000800029000000003770831999003732.29  
2015051400000800030000000003769744074000297.57  
2015051400000800030000000003769744204001487.84  
2015051400000800030000000003769744301001487.84  
2015051400000800030000000003769744303000254.42  
2015051400000800030000000003769744305000074.39  
2015051400000800030000000003769744307000254.42  
2015051400000800030000000003769744311000074.39  
2015051400000800030000000003769744999001288.27  
2015051400000800032000000003768862074000303.53  
2015051400000800032000000003768862204001517.65  
2015051400000800032000000003768862301001517.65  
2015051400000800032000000003768862303000259.52  
2015051400000800032000000003768862305000075.88  
2015051400000800032000000003768862307000259.52  
2015051400000800032000000003768862311000075.88  
2015051400000800032000000003768862999001246.59  
2015051400000800034000000005270248074000297.57  
2015051400000800034000000005270248204001487.84  
2015051400000800034000000005270248301001487.84  
2015051400000800034000000005270248303000254.42  
2015051400000800034000000005270248305000074.39  
2015051400000800034000000005270248307000254.42  
2015051400000800034000000005270248311000074.39  
2015051400000800034000000005270248999000951.05  
2015051400000800036000000002890476074000292.60  
2015051400000800036000000002890476204001463.00  
2015051400000800036000000002890476301001463.00  
2015051400000800036000000002890476303000250.17  
2015051400000800036000000002890476305000073.15  
2015051400000800036000000002890476307000250.17  
2015051400000800036000000002890476311000073.15  
2015051400000800036000000002890476999000076.20  
2015051400000800037000000004418797074000297.57  
2015051400000800037000000004418797204001487.84  
2015051400000800037000000004418797302001487.84  
2015051400000800037000000004418797304000254.42  
2015051400000800037000000004418797306000074.39  
2015051400000800037000000004418797308000254.42  
2015051400000800037000000004418797312000074.39  
2015051400000800037000000004418797999000917.02  
2015051400000800038000000004424966001000016.70  
2015051400000800038000000004424966074000297.57  
2015051400000800038000000004424966204001487.84  
2015051400000800038000000004424966301001487.84  
2015051400000800038000000004424966303000254.42  
2015051400000800038000000004424966305000074.39  
2015051400000800038000000004424966307000254.42  
2015051400000800038000000004424966311000074.39  
2015051400000800038000000004424966999003447.70  
2015051400000800040000000003556438074000334.25  
2015051400000800040000000003556438204001671.26  
2015051400000800040000000003556438302001671.26  
2015051400000800040000000003556438304000285.79  
2015051400000800040000000003556438306000083.56  
2015051400000800040000000003556438308000285.79  
2015051400000800040000000003556438312000083.56  
2015051400000800040000000003556438999002741.04  
2015051400000800043000000002139897074000334.33  
2015051400000800043000000002139897204001671.66  
2015051400000800043000000002139897301001671.66  
2015051400000800043000000002139897303000285.85  
2015051400000800043000000002139897305000083.58  
2015051400000800043000000002139897307000285.85  
2015051400000800043000000002139897311000083.58  
2015051400000800043000000002139897999008908.44  
2015051400000800044000000000952134074000312.41  
2015051400000800044000000000952134204001562.06  
2015051400000800044000000000952134302001562.06  
2015051400000800044000000000952134304000267.11  
2015051400000800044000000000952134306000078.10  
2015051400000800044000000000952134308000267.11  
2015051400000800044000000000952134312000078.10  
2015051400000800044000000000952134999001293.69  
2015051400000800045000000003511659074000275.65  
2015051400000800045000000003511659204001378.24  
2015051400000800045000000003511659301001378.24  
2015051400000800045000000003511659303000235.68  
2015051400000800045000000003511659305000068.91  
2015051400000800045000000003511659307000235.68  
2015051400000800045000000003511659311000068.91  
2015051400000800045000000003511659999000788.86  
2015051400000800047000000003590483074000281.61  
2015051400000800047000000003590483204001408.05  
2015051400000800047000000003590483301001408.05  
2015051400000800047000000003590483303000240.78  
2015051400000800047000000003590483305000070.40  
2015051400000800047000000003590483307000240.78  
2015051400000800047000000003590483311000070.40  
2015051400000800047000000003590483999001643.06  
2015051400000800048000000003617322001000018.03  
2015051400000800048000000003617322074000275.65  
2015051400000800048000000003617322204001378.24  
2015051400000800048000000003617322302001378.24  
2015051400000800048000000003617322304000235.68  
2015051400000800048000000003617322306000068.91  
2015051400000800048000000003617322308000235.68  
2015051400000800048000000003617322312000068.91  
2015051400000800048000000003617322999005397.56  
2015051400000800053000000004470102001000241.67  
2015051400000800053000000004470102074000224.09  
2015051400000800053000000004470102204001120.44  
2015051400000800053000000004470102301001120.44  
2015051400000800053000000004470102303000191.60  
2015051400000800053000000004470102305000056.02  
2015051400000800053000000004470102307000191.60  
2015051400000800053000000004470102311000056.02  
2015051400000800053000000004470102999000345.60  
2015051400000800054000000003081251074000252.90  
2015051400000800054000000003081251204001264.51  
2015051400000800054000000003081251301001264.51  
2015051400000800054000000003081251303000216.23  
2015051400000800054000000003081251305000063.23  
2015051400000800054000000003081251307000216.23  
2015051400000800054000000003081251311000063.23  
2015051400000800054000000003081251999001093.77  
2015051400000800056000000005169964074000224.09  
2015051400000800056000000005169964204001120.44  
2015051400000800056000000005169964302001120.44  
2015051400000800056000000005169964304000191.60  
2015051400000800056000000005169964306000056.02  
2015051400000800056000000005169964308000191.60  
2015051400000800056000000005169964312000056.02  
2015051400000800056000000005169964999001133.18  
2015051400000800057000000003012804074000224.09  
2015051400000800057000000003012804204001120.44  
2015051400000800057000000003012804302001120.44  
2015051400000800057000000003012804304000191.60  
2015051400000800057000000003012804306000056.02  
2015051400000800057000000003012804308000191.60  
2015051400000800057000000003012804312000056.02  
2015051400000800057000000003012804999002478.36  
2015051400000800058000000004450657001000158.61  
2015051400000800058000000004450657074000224.09  
2015051400000800058000000004450657204001120.44  
2015051400000800058000000004450657301001120.44  
2015051400000800058000000004450657303000191.60  
2015051400000800058000000004450657305000056.02  
2015051400000800058000000004450657307000191.60  
2015051400000800058000000004450657311000056.02  
2015051400000800058000000004450657999000414.15  
2015051400000800060000000004420896074000224.09  
2015051400000800060000000004420896204001120.44  
2015051400000800060000000004420896301001120.44  
2015051400000800060000000004420896303000191.60  
2015051400000800060000000004420896305000056.02  
2015051400000800060000000004420896307000191.60  
2015051400000800060000000004420896311000056.02  
2015051400000800060000000004420896999000061.75  
2015051400000800061000000003518117074000230.05  
2015051400000800061000000003518117204001150.25  
2015051400000800061000000003518117301001150.25  
2015051400000800061000000003518117303000196.69  
2015051400000800061000000003518117305000057.51  
2015051400000800061000000003518117307000196.69  
2015051400000800061000000003518117311000057.51  
2015051400000800061000000003518117999003770.15  
2015051400000800062000000004467869074000224.09  
2015051400000800062000000004467869204001120.44  
2015051400000800062000000004467869301001120.44  
2015051400000800062000000004467869303000191.60  
2015051400000800062000000004467869305000056.02  
2015051400000800062000000004467869307000191.60  
2015051400000800062000000004467869311000056.02  
2015051400000800062000000004467869999000649.98  
2015051400000800063000000005935309074000224.09  
2015051400000800063000000005935309204001120.44  
2015051400000800063000000005935309301001120.44  
2015051400000800063000000005935309303000191.60  
2015051400000800063000000005935309305000056.02  
2015051400000800063000000005935309307000191.60  
2015051400000800063000000005935309311000056.02  
2015051400000800063000000005935309999000237.75  
2015051400000800064000000004467420074000244.95  
2015051400000800064000000004467420204001224.77  
2015051400000800064000000004467420301001224.77  
2015051400000800064000000004467420303000209.44  
2015051400000800064000000004467420305000061.24  
2015051400000800064000000004467420307000209.44  
2015051400000800064000000004467420311000061.24  
2015051400000800064000000004467420999004626.67  
2015051400000800065000000004414461074000246.03  
2015051400000800065000000004414461204001230.17  
2015051400000800065000000004414461301001230.17  
2015051400000800065000000004414461303000210.36  
2015051400000800065000000004414461305000061.51  
2015051400000800065000000004414461307000210.36  
2015051400000800065000000004414461311000061.51  
2015051400000800065000000004414461999000202.36  
2015051400000800066000000005161700074000240.07  
2015051400000800066000000005161700204001200.36  
2015051400000800066000000005161700301001200.36  
2015051400000800066000000005161700303000205.26  
2015051400000800066000000005161700305000060.02  
2015051400000800066000000005161700307000205.26  
2015051400000800066000000005161700311000060.02  
2015051400000800066000000005161700999000696.68  
2015051400000800067000000004539889074000200.89  
2015051400000800067000000004539889204001004.44  
2015051400000800067000000004539889301001004.44  
2015051400000800067000000004539889303000171.76  
2015051400000800067000000004539889305000050.22  
2015051400000800067000000004539889307000171.76  
2015051400000800067000000004539889311000050.22  
2015051400000800067000000004539889999003522.68  
2015051400000800068000000004884164074000200.89  
2015051400000800068000000004884164204001004.44  
2015051400000800068000000004884164302001004.44  
2015051400000800068000000004884164304000171.76  
2015051400000800068000000004884164306000050.22  
2015051400000800068000000004884164308000171.76  
2015051400000800068000000004884164312000050.22  
2015051400000800068000000004884164999003252.57  
2015051400000800069000000003459316074000200.89  
2015051400000800069000000003459316204001004.44  
2015051400000800069000000003459316302001004.44  
2015051400000800069000000003459316304000171.76  
2015051400000800069000000003459316306000050.22  
2015051400000800069000000003459316308000171.76  
2015051400000800069000000003459316312000050.22  
2015051400000800069000000003459316999000596.24  
2015051400000800070000000003729038074000229.70  
2015051400000800070000000003729038204001148.51  
2015051400000800070000000003729038301001148.51  
2015051400000800070000000003729038303000196.40  
2015051400000800070000000003729038305000057.43  
2015051400000800070000000003729038307000196.40  
2015051400000800070000000003729038311000057.43  
2015051400000800070000000003729038999005373.67  
2015051400000800071000000003720522074000268.89  
2015051400000800071000000003720522204001344.43  
2015051400000800071000000003720522301001344.43  
2015051400000800071000000003720522303000229.90  
2015051400000800071000000003720522305000067.22  
2015051400000800071000000003720522307000229.90  
2015051400000800071000000003720522311000067.22  
2015051400000800071000000003720522999003185.79  
2015051400000800073000000003729580074000200.89  
2015051400000800073000000003729580204001004.44  
2015051400000800073000000003729580302001004.44  
2015051400000800073000000003729580304000171.76  
2015051400000800073000000003729580306000050.22  
2015051400000800073000000003729580308000171.76  
2015051400000800073000000003729580312000050.22  
2015051400000800073000000003729580999002114.88  
2015051400000800074000000005291890074000209.14  
2015051400000800074000000005291890204001045.68  
2015051400000800074000000005291890302001045.68  
2015051400000800074000000005291890304000178.81  
2015051400000800074000000005291890306000052.28  
2015051400000800074000000005291890308000178.81  
2015051400000800074000000005291890312000052.28  
2015051400000800074000000005291890999000765.00  
2015051400000800075000000004013122074000175.11  
2015051400000800075000000004013122204000875.54  
2015051400000800075000000004013122301000875.54  
2015051400000800075000000004013122303000149.72  
2015051400000800075000000004013122305000043.78  
2015051400000800075000000004013122307000149.72  
2015051400000800075000000004013122311000043.78  
2015051400000800075000000004013122999000760.79  
2015051400000800076000000006466668074000209.14  
2015051400000800076000000006466668204001045.68  
2015051400000800076000000006466668302001045.68  
2015051400000800076000000006466668304000178.81  
2015051400000800076000000006466668306000052.28  
2015051400000800076000000006466668308000178.81  
2015051400000800076000000006466668312000052.28  
2015051400000800076000000006466668999000615.48  
2015051400000800078000000005241984001000061.12  
2015051400000800078000000005241984074000190.42  
2015051400000800078000000005241984204000952.10  
2015051400000800078000000005241984301000952.10  
2015051400000800078000000005241984303000162.81  
2015051400000800078000000005241984305000047.61  
2015051400000800078000000005241984307000162.81  
2015051400000800078000000005241984311000047.61  
2015051400000800078000000005241984999001527.26  
2015051400000800079000000005225966074000175.11  
2015051400000800079000000005225966204000875.54  
2015051400000800079000000005225966301000875.54  
2015051400000800079000000005225966303000149.72  
2015051400000800079000000005225966305000043.78  
2015051400000800079000000005225966307000149.72  
2015051400000800079000000005225966311000043.78  
2015051400000800079000000005225966999003669.60  
2015051400000800080000000003768663074000175.11  
2015051400000800080000000003768663204000875.54  
2015051400000800080000000003768663302000875.54  
2015051400000800080000000003768663304000149.72  
2015051400000800080000000003768663306000043.78  
2015051400000800080000000003768663308000149.72  
2015051400000800080000000003768663312000043.78  
2015051400000800080000000003768663999003331.69  
2015051400000800081000000006408031074000177.95  
2015051400000800081000000006408031204000889.77  
2015051400000800081000000006408031301000889.77  
2015051400000800081000000006408031303000152.15  
2015051400000800081000000006408031305000044.49  
2015051400000800081000000006408031307000152.15  
2015051400000800081000000006408031311000044.49  
2015051400000800081000000006408031999000094.63  
2015051400000800082000000002899775074000162.23  
2015051400000800082000000002899775204000811.14  
2015051400000800082000000002899775301000811.14  
2015051400000800082000000002899775303000138.70  
2015051400000800082000000002899775305000040.56  
2015051400000800082000000002899775307000138.70  
2015051400000800082000000002899775311000040.56  
2015051400000800082000000002899775999002074.26  
2015051400000800084000000002879279074000191.04  
2015051400000800084000000002879279204000955.21  
2015051400000800084000000002879279302000955.21  
2015051400000800084000000002879279304000163.34  
2015051400000800084000000002879279306000047.76  
2015051400000800084000000002879279308000163.34  
2015051400000800084000000002879279312000047.76  
2015051400000800084000000002879279999000727.10  
2015051400000800085000000006473021074000162.23  
2015051400000800085000000006473021204000811.14  
2015051400000800085000000006473021301000811.14  
2015051400000800085000000006473021303000138.70  
2015051400000800085000000006473021305000040.56  
2015051400000800085000000006473021307000138.70  
2015051400000800085000000006473021311000040.56  
2015051400000800085000000006473021999002566.72  
2015051400000800086000000004461894074000168.19  
2015051400000800086000000004461894204000840.95  
2015051400000800086000000004461894301000840.95  
2015051400000800086000000004461894303000143.80  
2015051400000800086000000004461894305000042.05  
2015051400000800086000000004461894307000143.80  
2015051400000800086000000004461894311000042.05  
2015051400000800086000000004461894999003493.58  
2015051400000800089000000004526386074000144.17  
2015051400000800089000000004526386204000720.84  
2015051400000800089000000004526386302000720.84  
2015051400000800089000000004526386304000123.26  
2015051400000800089000000004526386306000036.04  
2015051400000800089000000004526386308000123.26  
2015051400000800089000000004526386312000036.04  
2015051400000800089000000004526386999002823.78  
2015051400000800090000000004510395074000144.17  
2015051400000800090000000004510395204000720.84  
2015051400000800090000000004510395301000720.84  
2015051400000800090000000004510395303000123.26  
2015051400000800090000000004510395305000036.04  
2015051400000800090000000004510395307000123.26  
2015051400000800090000000004510395311000036.04  
2015051400000800090000000004510395999003109.42  
2015051400000800092000000002914344074000219.21  
2015051400000800092000000002914344204001096.06  
2015051400000800092000000002914344301001096.06  
2015051400000800092000000002914344303000187.43  
2015051400000800092000000002914344305000054.80  
2015051400000800092000000002914344307000187.43  
2015051400000800092000000002914344311000054.80  
2015051400000800092000000002914344999001680.16  
2015051400000800093000000003078110074000211.96  
2015051400000800093000000003078110204001059.79  
2015051400000800093000000003078110301001059.79  
2015051400000800093000000003078110303000181.22  
2015051400000800093000000003078110305000052.99  
2015051400000800093000000003078110307000181.22  
2015051400000800093000000003078110311000052.99  
2015051400000800093000000003078110999003135.56  
2015051400000800095000000006431024074000144.17  
2015051400000800095000000006431024204000720.84  
2015051400000800095000000006431024302000720.84  
2015051400000800095000000006431024304000123.26  
2015051400000800095000000006431024306000036.04  
2015051400000800095000000006431024308000123.26  
2015051400000800095000000006431024312000036.04  
2015051400000800095000000006431024999001090.50  
2015051400000800096000000003099304074000172.01  
2015051400000800096000000003099304204000860.04  
2015051400000800096000000003099304301000860.04  
2015051400000800096000000003099304303000147.07  
2015051400000800096000000003099304305000043.00  
2015051400000800096000000003099304307000147.07  
2015051400000800096000000003099304311000043.00  
2015051400000800096000000003099304999000786.92  
2015051400000800098000000004022515074000177.97  
2015051400000800098000000004022515204000889.85  
2015051400000800098000000004022515302000889.85  
2015051400000800098000000004022515304000152.16  
2015051400000800098000000004022515306000044.49  
2015051400000800098000000004022515308000152.16  
2015051400000800098000000004022515312000044.49  
2015051400000800098000000004022515999004047.76  
2015051400000800099000000005648577074000172.01  
2015051400000800099000000005648577204000860.04  
2015051400000800099000000005648577302000860.04  
2015051400000800099000000005648577304000147.07  
2015051400000800099000000005648577306000043.00  
2015051400000800099000000005648577308000147.07  
2015051400000800099000000005648577312000043.00  
2015051400000800099000000005648577999001432.30  
2015051400000800100000000007349314074000188.88  
2015051400000800100000000007349314204000944.40  
2015051400000800100000000007349314301000944.40  
2015051400000800100000000007349314305000047.22  
2015051400000800100000000007349314311000047.22  
2015051400000800100000000007349314999000034.40  
2015051400000800101000000001370502074000213.03  
2015051400000800101000000001370502204001065.13  
2015051400000800101000000001370502301001065.13  
2015051400000800101000000001370502303000182.14  
2015051400000800101000000001370502305000053.26  
2015051400000800101000000001370502307000182.14  
2015051400000800101000000001370502311000053.26  
2015051400000800101000000001370502999003837.30  
2015051400000800102000000002692604074000187.52  
2015051400000800102000000002692604204000937.62  
2015051400000800102000000002692604301000937.62  
2015051400000800102000000002692604303000160.33  
2015051400000800102000000002692604305000046.88  
2015051400000800102000000002692604307000160.33  
2015051400000800102000000002692604311000046.88  
2015051400000800102000000002692604999004519.75  
2015051400000800103000000000959934074000176.00  
2015051400000800103000000000959934204000880.00  
2015051400000800103000000000959934302000880.00  
2015051400000800103000000000959934304000150.48  
2015051400000800103000000000959934306000044.00  
2015051400000800103000000000959934308000150.48  
2015051400000800103000000000959934312000044.00  
2015051400000800103000000000959934999001275.20  
2015051400000800104000000001760686074000177.42  
2015051400000800104000000001760686204000887.09  
2015051400000800104000000001760686301000887.09  
2015051400000800104000000001760686303000151.69  
2015051400000800104000000001760686305000044.35  
2015051400000800104000000001760686307000151.69  
2015051400000800104000000001760686311000044.35  
2015051400000800104000000001760686999002278.59  
2015051400000800105000000000803131074000176.00  
2015051400000800105000000000803131204000880.00  
2015051400000800105000000000803131302000880.00  
2015051400000800105000000000803131306000044.00  
2015051400000800105000000000803131312000044.00  
2015051400000800105000000000803131999001059.15  
2015051400000800106000000002045701074000176.00  
2015051400000800106000000002045701204000880.00  
2015051400000800106000000002045701301000880.00  
2015051400000800106000000002045701303000150.48  
2015051400000800106000000002045701305000044.00  
2015051400000800106000000002045701307000150.48  
2015051400000800106000000002045701311000044.00  
2015051400000800106000000002045701999001163.16  
2015051400000800107000000003831838074000152.15  
2015051400000800107000000003831838204000760.77  
2015051400000800107000000003831838301000760.77  
2015051400000800107000000003831838303000130.09  
2015051400000800107000000003831838305000038.04  
2015051400000800107000000003831838307000130.09  
2015051400000800107000000003831838311000038.04  
2015051400000800107000000003831838999003244.23  
2015051400000800108000000000855279074000176.00  
2015051400000800108000000000855279204000880.00  
2015051400000800108000000000855279301000880.00  
2015051400000800108000000000855279303000150.48  
2015051400000800108000000000855279305000044.00  
2015051400000800108000000000855279307000150.48  
2015051400000800108000000000855279311000044.00  
2015051400000800108000000000855279999002563.05  
2015051400000800109000000003782731074000233.53  
2015051400000800109000000003782731204001167.64  
2015051400000800109000000003782731301001167.64  
2015051400000800109000000003782731303000199.67  
2015051400000800109000000003782731305000058.38  
2015051400000800109000000003782731307000199.67  
2015051400000800109000000003782731311000058.38  
2015051400000800109000000003782731999001148.78  
2015051400000800110000000003720627074000202.16  
2015051400000800110000000003720627204001010.79  
2015051400000800110000000003720627301001010.79  
2015051400000800110000000003720627303000172.84  
2015051400000800110000000003720627305000050.54  
2015051400000800110000000003720627307000172.84  
2015051400000800110000000003720627311000050.54  
2015051400000800110000000003720627999004626.67  
2015051400000800111000000002894101074000160.10  
2015051400000800111000000002894101204000800.51  
2015051400000800111000000002894101301000800.51  
2015051400000800111000000002894101303000136.89  
2015051400000800111000000002894101305000040.03  
2015051400000800111000000002894101307000136.89  
2015051400000800111000000002894101311000040.03  
2015051400000800111000000002894101999002802.18  
2015051400000800112000000001714032074000186.32  
2015051400000800112000000001714032204000931.58  
2015051400000800112000000001714032301000931.58  
2015051400000800112000000001714032303000159.30  
2015051400000800112000000001714032305000046.58  
2015051400000800112000000001714032307000159.30  
2015051400000800112000000001714032311000046.58  
2015051400000800112000000001714032999001073.16  
2015051400000800113000000005916650074000131.29  
2015051400000800113000000005916650204000656.44  
2015051400000800113000000005916650302000656.44  
2015051400000800113000000005916650304000112.25  
2015051400000800113000000005916650306000032.82  
2015051400000800113000000005916650308000112.25  
2015051400000800113000000005916650312000032.82  
2015051400000800113000000005916650999001835.34  
2015051400000800114000000000960278074000160.10  
2015051400000800114000000000960278204000800.51  
2015051400000800114000000000960278301000800.51  
2015051400000800114000000000960278303000136.89  
2015051400000800114000000000960278305000040.03  
2015051400000800114000000000960278307000136.89  
2015051400000800114000000000960278311000040.03  
2015051400000800114000000000960278999001348.02  
2015051400000800115000000004329789074000189.11  
2015051400000800115000000004329789204000945.54  
2015051400000800115000000004329789301000945.54  
2015051400000800115000000004329789303000161.69  
2015051400000800115000000004329789305000047.28  
2015051400000800115000000004329789307000161.69  
2015051400000800115000000004329789311000047.28  
2015051400000800115000000004329789999002493.05  
2015051400000800116000000003504972074000176.61  
2015051400000800116000000003504972204000883.04  
2015051400000800116000000003504972301000883.04  
2015051400000800116000000003504972303000151.00  
2015051400000800116000000003504972305000044.15  
2015051400000800116000000003504972307000151.00  
2015051400000800116000000003504972311000044.15  
2015051400000800116000000003504972999001445.92  
2015051400000800117000000003754990074000185.52  
2015051400000800117000000003754990204000927.62  
2015051400000800117000000003754990301000927.62  
2015051400000800117000000003754990303000158.62  
2015051400000800117000000003754990305000046.38  
2015051400000800117000000003754990307000158.62  
2015051400000800117000000003754990311000046.38  
2015051400000800117000000003754990999003029.82  
2015051400000800118000000003482063074000204.50  
2015051400000800118000000003482063204001022.50  
2015051400000800118000000003482063301001022.50  
2015051400000800118000000003482063303000174.85  
2015051400000800118000000003482063305000051.13  
2015051400000800118000000003482063307000174.85  
2015051400000800118000000003482063311000051.13  
2015051400000800118000000003482063999001004.21  
2015051400000800119000000004800059074000150.89  
2015051400000800119000000004800059204000754.44  
2015051400000800119000000004800059302000754.44  
2015051400000800119000000004800059304000129.01  
2015051400000800119000000004800059306000037.72  
2015051400000800119000000004800059308000129.01  
2015051400000800119000000004800059312000037.72  
2015051400000800119000000004800059999002527.32  
2015051400000800120000000004292985074000142.63  
2015051400000800120000000004292985204000713.16  
2015051400000800120000000004292985301000713.16  
2015051400000800120000000004292985303000121.95  
2015051400000800120000000004292985305000035.66  
2015051400000800120000000004292985307000121.95  
2015051400000800120000000004292985311000035.66  
2015051400000800120000000004292985999001376.11  
2015051400000800121000000001864381074000185.91  
2015051400000800121000000001864381204000929.56  
2015051400000800121000000001864381301000929.56  
2015051400000800121000000001864381303000158.95  
2015051400000800121000000001864381305000046.48  
2015051400000800121000000001864381307000158.95  
2015051400000800121000000001864381311000046.48  
2015051400000800121000000001864381999002475.73  
2015051400000800122000000001764275074000155.35  
2015051400000800122000000001764275204000776.76  
2015051400000800122000000001764275301000776.76  
2015051400000800122000000001764275303000132.83  
2015051400000800122000000001764275305000038.84  
2015051400000800122000000001764275307000132.83  
2015051400000800122000000001764275311000038.84  
2015051400000800122000000001764275999002945.21  
2015051400000800123000000003417050074000161.82  
2015051400000800123000000003417050204000809.12  
2015051400000800123000000003417050301000809.12  
2015051400000800123000000003417050303000138.36  
2015051400000800123000000003417050305000040.46  
2015051400000800123000000003417050307000138.36  
2015051400000800123000000003417050311000040.46  
2015051400000800123000000003417050999001122.97  
2015051400000800124000000003786262074000140.54  
2015051400000800124000000003786262204000702.72  
2015051400000800124000000003786262301000702.72  
2015051400000800124000000003786262303000120.16  
2015051400000800124000000003786262305000035.14  
2015051400000800124000000003786262307000120.16  
2015051400000800124000000003786262311000035.14  
2015051400000800124000000003786262999002268.18  
2015051400000800125000000008854526074000136.38  
2015051400000800125000000008854526204000681.91  
2015051400000800125000000008854526301000681.91  
2015051400000800125000000008854526303000116.61  
2015051400000800125000000008854526305000034.10  
2015051400000800125000000008854526307000116.61  
2015051400000800125000000008854526311000034.10  
2015051400000800125000000008854526999003524.27  
2015051400000800126000000005151886074000158.35  
2015051400000800126000000005151886204000791.73  
2015051400000800126000000005151886301000791.73  
2015051400000800126000000005151886303000135.39  
2015051400000800126000000005151886305000039.59  
2015051400000800126000000005151886307000135.39  
2015051400000800126000000005151886311000039.59  
2015051400000800126000000005151886999001904.07  
2015051400000800127000000004538011074000105.51  
2015051400000800127000000004538011204000527.54  
2015051400000800127000000004538011302000527.54  
2015051400000800127000000004538011304000090.21  
2015051400000800127000000004538011306000026.38  
2015051400000800127000000004538011308000090.21  
2015051400000800127000000004538011312000026.38  
2015051400000800127000000004538011999000925.21  
2015051400000800128000000006096339074000157.20  
2015051400000800128000000006096339204000786.01  
2015051400000800128000000006096339302000786.01  
2015051400000800128000000006096339304000134.41  
2015051400000800128000000006096339306000039.30  
2015051400000800128000000006096339308000134.41  
2015051400000800128000000006096339312000039.30  
2015051400000800128000000006096339999000674.90  
2015051400000800129000000005179460074000163.39  
2015051400000800129000000005179460204000816.97  
2015051400000800129000000005179460302000816.97  
2015051400000800129000000005179460304000139.70  
2015051400000800129000000005179460306000040.85  
2015051400000800129000000005179460308000139.70  
2015051400000800129000000005179460312000040.85  
2015051400000800129000000005179460999004728.96  
2015051400000800130000000004410789074000178.40  
2015051400000800130000000004410789204000892.02  
2015051400000800130000000004410789301000892.02  
2015051400000800130000000004410789303000152.53  
2015051400000800130000000004410789305000044.60  
2015051400000800130000000004410789307000152.53  
2015051400000800130000000004410789311000044.60  
2015051400000800130000000004410789999002862.92  
2015051400000800132000000004415402074000147.92  
2015051400000800132000000004415402204000739.58  
2015051400000800132000000004415402301000739.58  
2015051400000800132000000004415402303000126.47  
2015051400000800132000000004415402305000036.98  
2015051400000800132000000004415402307000126.47  
2015051400000800132000000004415402311000036.98  
2015051400000800132000000004415402999002626.18  
2015051400000800133000000004200223074000139.44  
2015051400000800133000000004200223204000697.20  
2015051400000800133000000004200223302000697.20  
2015051400000800133000000004200223304000119.22  
2015051400000800133000000004200223306000034.86  
2015051400000800133000000004200223308000119.22  
2015051400000800133000000004200223312000034.86  
2015051400000800133000000004200223999003266.25  
2015051400000800134000000003605581074000105.51  
2015051400000800134000000003605581204000527.54  
2015051400000800134000000003605581301000527.54  
2015051400000800134000000003605581303000090.21  
2015051400000800134000000003605581305000026.38  
2015051400000800134000000003605581307000090.21  
2015051400000800134000000003605581311000026.38  
2015051400000800134000000003605581999001797.71  
2015051400000800135000000005903134074000163.77  
2015051400000800135000000005903134204000818.86  
2015051400000800135000000005903134301000818.86  
2015051400000800135000000005903134303000140.02  
2015051400000800135000000005903134305000040.94  
2015051400000800135000000005903134307000140.02  
2015051400000800135000000005903134311000040.94  
2015051400000800135000000005903134999000856.23  
2015051400000800136000000004702349074000157.86  
2015051400000800136000000004702349204000789.32  
2015051400000800136000000004702349301000789.32  
2015051400000800136000000004702349303000134.97  
2015051400000800136000000004702349305000039.47  
2015051400000800136000000004702349307000134.97  
2015051400000800136000000004702349311000039.47  
2015051400000800136000000004702349999003194.74  
2015051400000800137000000002551314074000134.32  
2015051400000800137000000002551314204000671.61  
2015051400000800137000000002551314302000671.61  
2015051400000800137000000002551314304000114.85  
2015051400000800137000000002551314306000033.58  
2015051400000800137000000002551314308000114.85  
2015051400000800137000000002551314312000033.58  
2015051400000800137000000002551314999002971.62  
2015051400000800138000000003693620074000127.91  
2015051400000800138000000003693620204000639.53  
2015051400000800138000000003693620301000639.53  
2015051400000800138000000003693620303000109.36  
2015051400000800138000000003693620305000031.98  
2015051400000800138000000003693620307000109.36  
2015051400000800138000000003693620311000031.98  
2015051400000800138000000003693620999001067.94  
2015051400000800139000000004897781074000125.74  
2015051400000800139000000004897781204000628.68  
2015051400000800139000000004897781301000628.68  
2015051400000800139000000004897781303000107.50  
2015051400000800139000000004897781305000031.43  
2015051400000800139000000004897781307000107.50  
2015051400000800139000000004897781311000031.43  
2015051400000800139000000004897781999000397.62  
2015051400000800140000000004886972074000090.03  
2015051400000800140000000004886972204000450.14  
2015051400000800140000000004886972302000450.14  
2015051400000800140000000004886972304000076.97  
2015051400000800140000000004886972306000022.51  
2015051400000800140000000004886972308000076.97  
2015051400000800140000000004886972312000022.51  
2015051400000800140000000004886972999002708.31  
2015051400000800141000000004870962074000090.03  
2015051400000800141000000004870962204000450.14  
2015051400000800141000000004870962302000450.14  
2015051400000800141000000004870962304000076.97  
2015051400000800141000000004870962306000022.51  
2015051400000800141000000004870962308000076.97  
2015051400000800141000000004870962312000022.51  
2015051400000800141000000004870962999000563.99  
2015051400000800142000000003064016074000127.91  
2015051400000800142000000003064016204000639.53  
2015051400000800142000000003064016301000639.53  
2015051400000800142000000003064016303000109.36  
2015051400000800142000000003064016305000031.98  
2015051400000800142000000003064016307000109.36  
2015051400000800142000000003064016311000031.98  
2015051400000800142000000003064016999001825.76  
2015051400000800143000000003753027074000110.89  
2015051400000800143000000003753027204000554.47  
2015051400000800143000000003753027301000554.47  
2015051400000800143000000003753027303000094.81  
2015051400000800143000000003753027305000027.72  
2015051400000800143000000003753027307000094.81  
2015051400000800143000000003753027311000027.72  
2015051400000800143000000003753027999001405.34  
2015051400000800144000000007962862074000107.04  
2015051400000800144000000007962862204000535.20  
2015051400000800144000000007962862301000535.20  
2015051400000800144000000007962862303000091.52  
2015051400000800144000000007962862305000026.76  
2015051400000800144000000007962862307000091.52  
2015051400000800144000000007962862311000026.76  
2015051400000800144000000007962862999002155.71  
2015051400000800146000000003734545074000351.71  
2015051400000800146000000003734545204001758.54  
2015051400000800146000000003734545301001758.54  
2015051400000800146000000003734545303000300.71  
2015051400000800146000000003734545305000087.93  
2015051400000800146000000003734545307000300.71  
2015051400000800146000000003734545311000087.93  
2015051400000800146000000003734545999001650.97  
2015051400000800201000000002991007074000384.98  
2015051400000800201000000002991007204001924.90  
2015051400000800201000000002991007302001924.90  
2015051400000800201000000002991007304000329.16  
2015051400000800201000000002991007306000096.25  
2015051400000800201000000002991007308000329.16  
2015051400000800201000000002991007312000096.25  
2015051400000800201000000002991007999003765.10  
2015051400000800202000000000953021074000802.73  
2015051400000800202000000000953021204004013.65  
2015051400000800202000000000953021302004013.65  
2015051400000800202000000000953021304000686.33  
2015051400000800202000000000953021306000200.68  
2015051400000800202000000000953021308000686.33  
2015051400000800202000000000953021312000200.68  
2015051400000800202000000000953021999008557.57  
2015051400000800203000000001069089074000770.40  
2015051400000800203000000001069089204003852.00  
2015051400000800203000000001069089302003852.00  
2015051400000800203000000001069089304000658.69  
2015051400000800203000000001069089306000192.60  
2015051400000800203000000001069089308000658.69  
2015051400000800203000000001069089312000192.60  
2015051400000800203000000001069089999003875.24  
2015051400000800204000000003017631001000705.74  
2015051400000800204000000003017631074000781.33  
2015051400000800204000000003017631204003906.65  
2015051400000800204000000003017631302003906.65  
2015051400000800204000000003017631304000668.04  
2015051400000800204000000003017631306000195.33  
2015051400000800204000000003017631308000668.04  
2015051400000800204000000003017631312000195.33  
2015051400000800204000000003017631999001370.63  
2015051400000800205000000001893812074000770.40  
2015051400000800205000000001893812204003852.00  
2015051400000800205000000001893812301003852.00  
2015051400000800205000000001893812303000658.69  
2015051400000800205000000001893812305000192.60  
2015051400000800205000000001893812307000658.69  
2015051400000800205000000001893812311000192.60  
2015051400000800205000000001893812999004692.76  
2015051400000800206000000003025505074000788.28  
2015051400000800206000000003025505204003941.42  
2015051400000800206000000003025505302003941.42  
2015051400000800206000000003025505304000673.98  
2015051400000800206000000003025505306000197.07  
2015051400000800206000000003025505308000673.98  
2015051400000800206000000003025505312000197.07  
2015051400000800206000000003025505999006470.99  
2015051400000800207000000005198940074000492.43  
2015051400000800207000000005198940204002462.15  
2015051400000800207000000005198940301002462.15  
2015051400000800207000000005198940303000421.03  
2015051400000800207000000005198940305000123.11  
2015051400000800207000000005198940307000421.03  
2015051400000800207000000005198940311000123.11  
2015051400000800207000000005198940999008203.76  
2015051400000800208000000000778882074000531.18  
2015051400000800208000000000778882204002655.90  
2015051400000800208000000000778882305000132.80  
2015051400000800208000000000778882311000132.80  
2015051400000800208000000000778882999006609.53  
2015051400000800209000000004901227074000486.47  
2015051400000800209000000004901227204002432.34  
2015051400000800209000000004901227301002432.34  
2015051400000800209000000004901227303000415.93  
2015051400000800209000000004901227305000121.62  
2015051400000800209000000004901227307000415.93  
2015051400000800209000000004901227311000121.62  
2015051400000800209000000004901227999000113.23  
2015051400000800210000000003621269074000515.28  
2015051400000800210000000003621269204002576.41  
2015051400000800210000000003621269301002576.41  
2015051400000800210000000003621269303000440.57  
2015051400000800210000000003621269305000128.82  
2015051400000800210000000003621269307000440.57  
2015051400000800210000000003621269311000128.82  
2015051400000800210000000003621269999007218.72  
2015051400000800211000000004414796074000486.47  
2015051400000800211000000004414796204002432.34  
2015051400000800211000000004414796301002432.34  
2015051400000800211000000004414796303000415.93  
2015051400000800211000000004414796305000121.62  
2015051400000800211000000004414796307000415.93  
2015051400000800211000000004414796311000121.62  
2015051400000800211000000004414796999005803.46  
2015051400000800212000000004411903074000481.50  
2015051400000800212000000004411903204002407.50  
2015051400000800212000000004411903302002407.50  
2015051400000800212000000004411903304000411.68  
2015051400000800212000000004411903306000120.38  
2015051400000800212000000004411903308000411.68  
2015051400000800212000000004411903312000120.38  
2015051400000800212000000004411903999001455.92  
2015051400000800213000000005213524074000351.71  
2015051400000800213000000005213524204001758.54  
2015051400000800213000000005213524302001758.54  
2015051400000800213000000005213524304000300.71  
2015051400000800213000000005213524306000087.93  
2015051400000800213000000005213524308000300.71  
2015051400000800213000000005213524312000087.93  
2015051400000800213000000005213524999007567.56  
2015051400000800217000000003778798074000343.14  
2015051400000800217000000003778798204001715.71  
2015051400000800217000000003778798301001715.71  
2015051400000800217000000003778798303000293.39  
2015051400000800217000000003778798305000085.79  
2015051400000800217000000003778798307000293.39  
2015051400000800217000000003778798311000085.79  
2015051400000800217000000003778798999007893.22  
2015051400000800218000000002406485074000303.53  
2015051400000800218000000002406485204001517.65  
2015051400000800218000000002406485301001517.65  
2015051400000800218000000002406485303000259.52  
2015051400000800218000000002406485305000075.88  
2015051400000800218000000002406485307000259.52  
2015051400000800218000000002406485311000075.88  
2015051400000800218000000002406485999001427.52  
2015051400000800219000000000810986074000318.43  
2015051400000800219000000000810986204001592.17  
2015051400000800219000000000810986302001592.17  
2015051400000800219000000000810986304000272.26  
2015051400000800219000000000810986306000079.61  
2015051400000800219000000000810986308000272.26  
2015051400000800219000000000810986312000079.61  
2015051400000800219000000000810986999001414.79  
2015051400000800221000000002900854074000481.50  
2015051400000800221000000002900854204002407.50  
2015051400000800221000000002900854302002407.50  
2015051400000800221000000002900854304000411.68  
2015051400000800221000000002900854306000120.38  
2015051400000800221000000002900854308000411.68  
2015051400000800221000000002900854312000120.38  
2015051400000800221000000002900854999005251.63  
2015051400000800222000000002862575074000481.50  
2015051400000800222000000002862575204002407.50  
2015051400000800222000000002862575301002407.50  
2015051400000800222000000002862575303000411.68  
2015051400000800222000000002862575305000120.38  
2015051400000800222000000002862575307000411.68  
2015051400000800222000000002862575311000120.38  
2015051400000800222000000002862575999000110.75  
2015051400000800224000000004433413074000351.71  
2015051400000800224000000004433413204001758.54  
2015051400000800224000000004433413301001758.54  
2015051400000800224000000004433413303000300.71  
2015051400000800224000000004433413305000087.93  
2015051400000800224000000004433413307000300.71  
2015051400000800224000000004433413311000087.93  
2015051400000800224000000004433413999001079.38  
2015051400000800225000000003314456074000230.05  
2015051400000800225000000003314456204001150.25  
2015051400000800225000000003314456301001150.25  
2015051400000800225000000003314456303000196.69  
2015051400000800225000000003314456305000057.51  
2015051400000800225000000003314456307000196.69  
2015051400000800225000000003314456311000057.51  
2015051400000800225000000003314456999003835.67  
2015051400000800226000000001930623074000253.73  
2015051400000800226000000001930623204001268.64  
2015051400000800226000000001930623302001268.64  
2015051400000800226000000001930623304000216.94  
2015051400000800226000000001930623306000063.43  
2015051400000800226000000001930623308000216.94  
2015051400000800226000000001930623312000063.43  
2015051400000800226000000001930623999000959.05  
2015051400000800227000000000936305074000282.54  
2015051400000800227000000000936305204001412.71  
2015051400000800227000000000936305301001412.71  
2015051400000800227000000000936305303000241.57  
2015051400000800227000000000936305305000070.64  
2015051400000800227000000000936305307000241.57  
2015051400000800227000000000936305311000070.64  
2015051400000800227000000000936305999004699.29  
2015051400000800228000000005193215074000224.09  
2015051400000800228000000005193215204001120.44  
2015051400000800228000000005193215301001120.44  
2015051400000800228000000005193215303000191.60  
2015051400000800228000000005193215305000056.02  
2015051400000800228000000005193215307000191.60  
2015051400000800228000000005193215311000056.02  
2015051400000800228000000005193215999003905.12  
2015051400000800229000000004502182074000144.17  
2015051400000800229000000004502182204000720.84  
2015051400000800229000000004502182301000720.84  
2015051400000800229000000004502182303000123.26  
2015051400000800229000000004502182305000036.04  
2015051400000800229000000004502182307000123.26  
2015051400000800229000000004502182311000036.04  
2015051400000800229000000004502182999000442.94  
2015051400000800230000000003757088074000288.56  
2015051400000800230000000003757088204001442.82  
2015051400000800230000000003757088301001442.82  
2015051400000800230000000003757088303000246.72  
2015051400000800230000000003757088305000072.14  
2015051400000800230000000003757088307000246.72  
2015051400000800230000000003757088311000072.14  
2015051400000800230000000003757088999004945.77  
2015051400000800231000000003131710074000351.09  
2015051400000800231000000003131710204001755.46  
2015051400000800231000000003131710301001755.46  
2015051400000800231000000003131710303000300.18  
2015051400000800231000000003131710305000087.77  
2015051400000800231000000003131710307000300.18  
2015051400000800231000000003131710311000087.77  
2015051400000800231000000003131710999006877.99  
2015051400000800232000000002875093074000297.57  
2015051400000800232000000002875093204001487.84  
2015051400000800232000000002875093302001487.84  
2015051400000800232000000002875093304000254.42  
2015051400000800232000000002875093306000074.39  
2015051400000800232000000002875093308000254.42  
2015051400000800232000000002875093312000074.39  
2015051400000800232000000002875093999000706.22  
2015051400000800233000000003622065074000326.38  
2015051400000800233000000003622065204001631.91  
2015051400000800233000000003622065301001631.91  
2015051400000800233000000003622065303000279.06  
2015051400000800233000000003622065305000081.60  
2015051400000800233000000003622065307000279.06  
2015051400000800233000000003622065311000081.60  
2015051400000800233000000003622065999005709.75  
2015051400000800234000000004076151074000144.17  
2015051400000800234000000004076151204000720.84  
2015051400000800234000000004076151301000720.84  
2015051400000800234000000004076151303000123.26  
2015051400000800234000000004076151305000036.04  
2015051400000800234000000004076151307000123.26  
2015051400000800234000000004076151311000036.04  
2015051400000800234000000004076151999002940.66  
2015051400000800235000000003623123074000388.47  
2015051400000800235000000003623123204001942.36  
2015051400000800235000000003623123302001942.36  
2015051400000800235000000003623123304000332.14  
2015051400000800235000000003623123306000097.12  
2015051400000800235000000003623123308000332.14  
2015051400000800235000000003623123312000097.12  
2015051400000800235000000003623123999003582.75  
2015051400000800236000000003742365074000177.21  
2015051400000800236000000003742365204000886.03  
2015051400000800236000000003742365301000886.03  
2015051400000800236000000003742365303000151.51  
2015051400000800236000000003742365305000044.30  
2015051400000800236000000003742365307000151.51  
2015051400000800236000000003742365311000044.30  
2015051400000800236000000003742365999000575.48  
