20150514000008000530000000044701020900000111220000203.81  
20150514000008000530000000044701020900000111700008989.24  
20150514000008000890000000045263860900000111220000119.52  
20150514000008000890000000045263860900000111700003348.92  
20150514000008000540000000030812510900000111220001328.33  
20150514000008000540000000030812510900000111700008615.82  
20150514000008000900000000045103950900000111220000109.68  
20150514000008000900000000045103950900000111700003073.12  
20150514000008000440000000009521341000000111220001648.55  
20150514000008000440000000009521341000000111700010692.95  
20150514000008000280000000030994141100000111220000342.91  
20150514000008000280000000030994141100000111310001836.03  
20150514000008000280000000030994141100000111700009180.18  
20150514000008002190000000008109860900000111220001012.73  
20150514000008002190000000008109860900000111700011470.51  
20150514000008001150000000043297891100000111220001029.07  
20150514000008001150000000043297891100000111310000698.92  
20150514000008001150000000043297891100000111700003494.58  
20150514000008001150000000043297891100000111910000538.02  
20150514000008002180000000024064850900000111220000425.62  
20150514000008002180000000024064850900000111700011394.41  
20150514000008002250000000033144560900000111220000294.79  
20150514000008002250000000033144560900000111700005910.06  
20150514000008002350000000036231231100000111220001436.48  
20150514000008002350000000036231231100000111700011935.59  
20150514000008001210000000018643811100000111220001024.56  
20150514000008001210000000018643811100000111310000609.84  
20150514000008001210000000018643811100000111600001440.00  
20150514000008001210000000018643811100000111700003049.21  
20150514000008001210000000018643811100000111910000954.79  
20150514000008000450000000035116591200000111220000202.61  
20150514000008000450000000035116591200000111700011039.19  
20150514000008001220000000017642751100000111220000269.81  
20150514000008001220000000017642751100000111310000496.40  
20150514000008001220000000017642751100000111700002481.98  
20150514000008001220000000017642751100000111910000586.89  
20150514000008000290000000037708311100000111220000871.72  
20150514000008000290000000037708311100000111310001974.69  
20150514000008000290000000037708311100000111700009873.43  
20150514000008000560000000051699641000000111220000191.71  
20150514000008000560000000051699641000000111700008455.43  
20150514000008002110000000044147960900000111220000157.56  
20150514000008002110000000044147960900000111700015270.87  
20150514000008001160000000035049721100000111220001197.85  
20150514000008001160000000035049721100000111310000813.55  
20150514000008001160000000035049721100000111700004067.73  
20150514000008001160000000035049721100000111910000183.05  
20150514000008000650000000044144611100000111220000468.03  
20150514000008000650000000044144611100000111310001677.96  
20150514000008000650000000044144611100000111700008389.78  
20150514000008000570000000030128040900000111220000161.88  
20150514000008000570000000030128040900000111700007140.08  
20150514000008001170000000037549901100000111220000922.73  
20150514000008001170000000037549901100000111310000626.69  
20150514000008001170000000037549901100000111700003133.44  
20150514000008001170000000037549901100000111910000384.50  
20150514000008000740000000052918901100000111220000198.66  
20150514000008000740000000052918901100000111310001360.68  
20150514000008000740000000052918901100000111700006803.41  
20150514000008002300000000037570880900000111220000474.05  
20150514000008002300000000037570880900000111700007174.60  
20150514000008000750000000040131221000000111220000195.24  
20150514000008000750000000040131221000000111700006686.55  
20150514000008002340000000040761511100000111220000115.49  
20150514000008002340000000040761511100000111700003236.07  
20150514000008001230000000034170501100000111220000401.18  
20150514000008001230000000034170501100000111310000738.07  
20150514000008001230000000034170501100000111700003690.37  
20150514000008001230000000034170501100000111910001110.18  
20150514000008000470000000035904831000000111220000413.25  
20150514000008000470000000035904831000000111700010234.54  
20150514000008000580000000044506571000000111220000204.13  
20150514000008000580000000044506571000000111700009003.43  
20150514000008001380000000036936201000000111220000911.81  
20150514000008001380000000036936201000000111310000600.45  
20150514000008001380000000036936201000000111700003002.23  
20150514000008001010000000013705021100000111220001069.64  
20150514000008001010000000013705021100000111310000647.56  
20150514000008001010000000013705021100000111700003237.80  
20150514000008001010000000013705021100000111910000505.23  
20150514000008000180000000030045571200000111220001065.74  
20150514000008000180000000030045571200000111700013293.64  
20150514000008001020000000026926041100000111220000504.86  
20150514000008001020000000026926041100000111310000493.73  
20150514000008001020000000026926041100000111700002468.63  
20150514000008001020000000026926041100000111910000197.48  
20150514000008000920000000029143441100000111220001501.51  
20150514000008000920000000029143441100000111310001001.69  
20150514000008000920000000029143441100000111700005008.47  
20150514000008000920000000029143441100000111910000375.64  
20150514000008002130000000052135240900000111220000109.93  
20150514000008002130000000052135240900000111700007672.80  
20150514000008001030000000009599340900000111220001808.33  
20150514000008001030000000009599340900000111700004597.99  
20150514000008001240000000037862621100000111220000491.95  
20150514000008001240000000037862621100000111310000553.10  
20150514000008001240000000037862621100000111700002765.49  
20150514000008001240000000037862621100000111910000055.30  
20150514000008000090000000028683471000000111220000634.97  
20150514000008000090000000028683471000000111700012310.50  
20150514000008000100000000031374600900000111220000731.39  
20150514000008000100000000031374600900000111700007506.97  
20150514000008000810000000064080310900000111220000214.19  
20150514000008000810000000064080310900000111700006779.99  
20150514000008000810000000064080310900000111910000677.99  
20150514000008000760000000064666681100000111220000202.21  
20150514000008000760000000064666681100000111310001385.01  
20150514000008000760000000064666681100000111700006925.05  
20150514000008000110000000030253460900000111700013993.01  
20150514000008000300000000037697441200000111220000195.32  
20150514000008000300000000037697441200000111700011503.77  
20150514000008000930000000030781101100000111220000974.68  
20150514000008000930000000030781101100000111310000803.23  
20150514000008000930000000030781101100000111700004016.16  
20150514000008000930000000030781101100000111910000321.30  
20150514000008001250000000088545261100000111220000088.45  
20150514000008001250000000088545261100000111310000358.00  
20150514000008001250000000088545261100000111600001440.00  
20150514000008001250000000088545261100000111700001789.99  
20150514000008001250000000088545261100000111910000191.68  
20150514000008002270000000009363050900000111220000912.56  
20150514000008002270000000009363050900000111700006719.71  
20150514000008001260000000051518861100000111220000345.60  
20150514000008001260000000051518861100000111310000635.82  
20150514000008001260000000051518861100000111700003179.10  
20150514000008001260000000051518861100000111910000846.44  
20150514000008000820000000028997750900000111220000153.31  
20150514000008000820000000028997750900000111700004852.87  
20150514000008002330000000036220651200000111220000883.44  
20150514000008002330000000036220651200000111700007651.76  
20150514000008000660000000051617001100000111220000202.41  
20150514000008000660000000051617001100000111310001596.47  
20150514000008000660000000051617001100000111700007982.38  
20150514000008001270000000045380110900000111220000173.26  
20150514000008001270000000045380110900000111700003506.42  
20150514000008002260000000019306230900000111220000198.05  
20150514000008002260000000019306230900000111700009916.86  
20150514000008000950000000064310240900000111220000179.25  
20150514000008000950000000064310240900000111700005022.47  
20150514000008001040000000017606861100000111220000795.73  
20150514000008001040000000017606861100000111310000778.18  
20150514000008001040000000017606861100000111700003890.90  
20150514000008001180000000034820631100000111220001308.54  
20150514000008001180000000034820631100000111310000888.72  
20150514000008001180000000034820631100000111700004443.61  
20150514000008001180000000034820631100000111910001280.32  
20150514000008000670000000045398890900000111220000129.71  
20150514000008000670000000045398890900000111700005115.37  
20150514000008001190000000048000591100000111220000293.96  
20150514000008001190000000048000591100000111310000617.09  
20150514000008001190000000048000591100000111700003085.44  
20150514000008001190000000048000591100000111910000061.70  
20150514000008000960000000030993041100000111220000194.10  
20150514000008000960000000030993041100000111310001087.71  
20150514000008000960000000030993041100000111700005438.56  
20150514000008001200000000042929851100000111220000168.90  
20150514000008001200000000042929851100000111310000780.03  
20150514000008001200000000042929851100000111700003900.13  
20150514000008001050000000008031310900000111220001911.79  
20150514000008001050000000008031310900000111700004861.06  
20150514000008002090000000049012270900000111220000215.67  
20150514000008002090000000049012270900000111700020902.99  
20150514000008000680000000048841640900000111220000136.39  
20150514000008000680000000048841640900000111700005378.80  
20150514000008000840000000028792790900000111220001345.86  
20150514000008000840000000028792790900000111700006265.09  
20150514000008000850000000064730211000000111220000138.23  
20150514000008000850000000064730211000000111700004375.49  
20150514000008001390000000048977811100000111220000201.12  
20150514000008001390000000048977811100000111310000688.69  
20150514000008001390000000048977811100000111700003443.46  
20150514000008001390000000048977811100000111910000756.85  
20150514000008000320000000037688620900000111220000432.13  
20150514000008000320000000037688620900000111700011568.83  
20150514000008001060000000020457010900000111220001839.96  
20150514000008001060000000020457010900000111700004678.40  
20150514000008001460000000037345451000000111220000193.51  
20150514000008001460000000037345451000000111700013505.81  
20150514000008000340000000052702481200000111220000200.95  
20150514000008000340000000052702481200000111700011835.36  
20150514000008001400000000048869720900000111220000067.38  
20150514000008001400000000048869720900000111600001440.00  
20150514000008001400000000048869720900000111700001153.58  
20150514000008002240000000044334130900000111220000201.58  
20150514000008002240000000044334130900000111700014069.33  
20150514000008001070000000038318380900000111220000576.68  
20150514000008001070000000038318380900000111700002819.83  
20150514000008002050000000018938121100000111700028931.35  
20150514000008001080000000008552790900000111220001444.80  
20150514000008001080000000008552790900000111700003673.67  
20150514000008000690000000034593161200000111220000202.08  
20150514000008000690000000034593161200000111700007969.44  
20150514000008001280000000060963391100000111220000195.50  
20150514000008001280000000060963391100000111310000791.29  
20150514000008001280000000060963391100000111700003956.43  
20150514000008001280000000060963391100000111910001242.98  
20150514000008000700000000037290380900000111220000684.12  
20150514000008000700000000037290380900000111700003967.56  
20150514000008000710000000037205221100000111220001074.18  
20150514000008000710000000037205221100000111310001245.93  
20150514000008000710000000037205221100000111700006229.65  
20150514000008000360000000028904761200000111700012694.33  
20150514000008000370000000044187971200000111220000201.52  
20150514000008000370000000044187971200000111700011868.82  
20150514000008001290000000051794601100000111220000160.70  
20150514000008001290000000051794601100000111310000295.65  
20150514000008001290000000051794601100000111600001440.00  
20150514000008001290000000051794601100000111700001478.24  
20150514000008001290000000051794601100000111910000467.80  
20150514000008001300000000044107891100000111220000712.94  
20150514000008001300000000044107891100000111310000554.93  
20150514000008001300000000044107891100000111700002774.66  
20150514000008001300000000044107891100000111910000880.96  
20150514000008000480000000036173220900000111220000119.22  
20150514000008000480000000036173220900000111700006495.85  
20150514000008002060000000030255050900000111220000633.77  
20150514000008002060000000030255050900000111700027299.94  
20150514000008001090000000037827311100000111220001616.07  
20150514000008001090000000037827311100000111310000978.37  
20150514000008001090000000037827311100000111700004891.83  
20150514000008001090000000037827311100000111910001557.23  
20150514000008000780000000052419841100000111220000175.39  
20150514000008000780000000052419841100000111700006006.54  
20150514000008000780000000052419841100000111910000540.59  
20150514000008002010000000029910070900000111700013037.34  
20150514000008002030000000010690890900000111700029748.87  
20150514000008000130000000031378190900000111220001332.57  
20150514000008000130000000031378190900000111700013677.35  
20150514000008000790000000052259660900000111220000112.72  
20150514000008000790000000052259660900000111700003860.26  
20150514000008000860000000044618940900000111220000250.00  
20150514000008000860000000044618940900000111700003597.05  
20150514000008001410000000048709620900000111220000185.71  
20150514000008001410000000048709620900000111700003179.57  
20150514000008002280000000051932150900000111220000130.25  
20150514000008002280000000051932150900000111700005744.95  
20150514000008000190000000005681381200000111220001800.42  
20150514000008000190000000005681381200000111700011678.10  
20150514000008000600000000044208960900000111220000215.46  
20150514000008000600000000044208960900000111700009503.11  
20150514000008000610000000035181171000000111220000297.90  
20150514000008000610000000035181171000000111700005972.47  
20150514000008001420000000030640161000000111220000758.75  
20150514000008001420000000030640161000000111310000499.65  
20150514000008001420000000030640161000000111700002498.27  
20150514000008002290000000045021820900000111220000201.57  
20150514000008002290000000045021820900000111700005647.71  
20150514000008002220000000028625750900000111700020904.31  
20150514000008000980000000040225151100000111220000228.44  
20150514000008000980000000040225151100000111310000581.88  
20150514000008000980000000040225151100000111600001440.00  
20150514000008000980000000040225151100000111700002909.41  
20150514000008001320000000044154021100000111220000282.97  
20150514000008001320000000044154021100000111310000520.60  
20150514000008001320000000044154021100000111700002603.01  
20150514000008001320000000044154021100000111910000423.00  
20150514000008002210000000029008541100000111700015763.43  
20150514000008001330000000042002231100000111220000100.46  
20150514000008001330000000042002231100000111310000406.60  
20150514000008001330000000042002231100000111700002033.02  
20150514000008001330000000042002231100000111910000279.54  
20150514000008002070000000051989401000000111220000294.94  
20150514000008002070000000051989401000000111700012993.38  
20150514000008000990000000056485771100000111220000175.46  
20150514000008000990000000056485771100000111310000983.25  
20150514000008000990000000056485771100000111700004916.28  
20150514000008000380000000044249660900000111220000158.99  
20150514000008000380000000044249660900000111700009363.97  
20150514000008001340000000036055810900000111220000132.18  
20150514000008001340000000036055810900000111700002675.00  
20150514000008001430000000037530270900000111220000800.12  
20150514000008001430000000037530270900000111700002634.50  
20150514000008002100000000036212690900000111220001001.17  
20150514000008002100000000036212690900000111700014269.61  
20150514000008000150000000035888920900000111700015074.39  
20150514000008001350000000059031341100000111220000419.88  
20150514000008001350000000059031341100000111310000772.49  
20150514000008001350000000059031341100000111700003862.43  
20150514000008001350000000059031341100000111910001236.78  
20150514000008000620000000044678691200000111220000202.42  
20150514000008000620000000044678691200000111700008927.92  
20150514000008002120000000044119031000000111700019559.14  
20150514000008002360000000037423650900000111220000441.53  
20150514000008002360000000037423650900000111700006717.13  
20150514000008001100000000037206271100000111220000866.28  
20150514000008001100000000037206271100000111310000524.44  
20150514000008001100000000037206271100000111700002622.22  
20150514000008001100000000037206271100000111910000183.56  
20150514000008000400000000035564380900000111220000387.39  
20150514000008000400000000035564380900000111700010371.06  
20150514000008000400000000035564380900000111910001088.97  
20150514000008001110000000028941011100000111220000883.16  
20150514000008001110000000028941011100000111700003302.32  
20150514000008002320000000028750931100000111220000205.04  
20150514000008002320000000028750931100000111700012076.10  
20150514000008002020000000009530210900000111220000360.51  
20150514000008002020000000009530210900000111700026117.06  
20150514000008001120000000017140321100000111220001882.13  
20150514000008001120000000017140321100000111700004785.65  
20150514000008001120000000017140321100000111910000390.83  
20150514000008002170000000037787980900000111220000697.34  
20150514000008002170000000037787980900000111700006385.88  
20150514000008000800000000037686630900000111220000122.30  
20150514000008000800000000037686630900000111700004188.59  
20150514000008000200000000042889520900000111220000214.49  
20150514000008000200000000042889520900000111700013912.36  
20150514000008001360000000047023491100000111220000255.84  
20150514000008001360000000047023491100000111310000470.68  
20150514000008001360000000047023491100000111700002353.42  
20150514000008001360000000047023491100000111910000615.32  
20150514000008002040000000030176310900000111220000447.98  
20150514000008002040000000030176310900000111700031576.78  
20150514000008002310000000031317101100000111220001003.83  
20150514000008002310000000031317101100000111700007441.56  
20150514000008001130000000059166500900000111220000147.38  
20150514000008001130000000059166500900000111600001440.00  
20150514000008001130000000059166500900000111700003747.35  
20150514000008001370000000025513140900000111220000727.06  
20150514000008001370000000025513140900000111700002163.82  
20150514000008000730000000037295801200000111220000164.53  
20150514000008000730000000037295801200000111700006488.35  
20150514000008001440000000079628621100000111220000116.78  
20150514000008001440000000079628621100000111310000399.88  
20150514000008001440000000079628621100000111600001440.00  
20150514000008001440000000079628621100000111700001999.39  
20150514000008000260000000013206270900000111220000191.10  
20150514000008000260000000013206270900000111700011900.03  
20150514000008000270000000013847920900000111220000194.03  
20150514000008000270000000013847920900000111700012082.45  
20150514000008000430000000021398970900000111220000709.41  
20150514000008000430000000021398970900000111700004974.04  
20150514000008000160000000037321240900000111220001046.72  
20150514000008000160000000037321240900000111700014049.12  
20150514000008001000000000073493141000000111220002201.71  
20150514000008001000000000073493141000000111700006169.05  
20150514000008002080000000007788821200000111220001840.99  
20150514000008002080000000007788821200000111700017842.88  
20150514000008000630000000059353090900000111220000211.56  
20150514000008000630000000059353090900000111700009331.01  
20150514000008001140000000009602780900000111220001189.99  
20150514000008001140000000009602780900000111700004449.65  
20150514000008000640000000044674200900000111220000639.56  
20150514000008000640000000044674200900000111700005424.76  
