2015051400000900004000000003023880074000216.54  
2015051400000900004000000003023880204001082.72  
2015051400000900004000000003023880302001082.72  
2015051400000900004000000003023880304000185.15  
2015051400000900004000000003023880306000054.14  
2015051400000900004000000003023880308000185.15  
2015051400000900004000000003023880312000054.14  
2015051400000900004000000003023880312000054.14  
2015051400000900009000000002868347001000089.23  
2015051400000900009000000002868347074000364.62  
2015051400000900009000000002868347204001823.12  
2015051400000900009000000002868347301001823.12  
2015051400000900009000000002868347303000311.75  
2015051400000900009000000002868347305000091.16  
2015051400000900009000000002868347307000311.75  
2015051400000900009000000002868347311000091.16  
2015051400000900009000000002868347999003074.63  
2015051400000900010000000003137460074000380.52  
2015051400000900010000000003137460204001902.61  
2015051400000900010000000003137460301001902.61  
2015051400000900010000000003137460303000325.35  
2015051400000900010000000003137460305000095.13  
2015051400000900010000000003137460307000325.35  
2015051400000900010000000003137460311000095.13  
2015051400000900010000000003137460999008289.23  
2015051400000900011000000003025346074000346.74  
2015051400000900011000000003025346204001733.70  
2015051400000900011000000003025346302001733.70  
2015051400000900011000000003025346304000296.46  
2015051400000900011000000003025346306000086.69  
2015051400000900011000000003025346308000296.46  
2015051400000900011000000003025346312000086.69  
2015051400000900011000000003025346999001190.88  
2015051400000900013000000003137819074000380.52  
2015051400000900013000000003137819204001902.61  
2015051400000900013000000003137819301001902.61  
2015051400000900013000000003137819303000325.35  
2015051400000900013000000003137819305000095.13  
2015051400000900013000000003137819307000325.35  
2015051400000900013000000003137819311000095.13  
2015051400000900013000000003137819999001577.50  
2015051400000900015000000003588892074000346.74  
2015051400000900015000000003588892204001733.70  
2015051400000900015000000003588892302001733.70  
2015051400000900015000000003588892304000296.46  
2015051400000900015000000003588892306000086.69  
2015051400000900015000000003588892308000296.46  
2015051400000900015000000003588892312000086.69  
2015051400000900015000000003588892999000112.90  
2015051400000900016000000003732124074000372.57  
2015051400000900016000000003732124204001862.87  
2015051400000900016000000003732124301001862.87  
2015051400000900016000000003732124303000318.55  
2015051400000900016000000003732124305000093.14  
2015051400000900016000000003732124307000318.55  
2015051400000900016000000003732124311000093.14  
2015051400000900016000000003732124999001164.84  
2015051400000900019000000000568138074000371.92  
2015051400000900019000000000568138204001859.60  
2015051400000900019000000000568138301001859.60  
2015051400000900019000000000568138305000092.98  
2015051400000900019000000000568138311000092.98  
2015051400000900019000000000568138999003091.12  
2015051400000900020000000004288952074000327.21  
2015051400000900020000000004288952204001636.04  
2015051400000900020000000004288952301001636.04  
2015051400000900020000000004288952303000279.76  
2015051400000900020000000004288952305000081.80  
2015051400000900020000000004288952307000279.76  
2015051400000900020000000004288952311000081.80  
2015051400000900020000000004288952999000113.78  
2015051400000900026000000001320627074000314.33  
2015051400000900026000000001320627204001571.64  
2015051400000900026000000001320627301001571.64  
2015051400000900026000000001320627303000268.75  
2015051400000900026000000001320627305000078.58  
2015051400000900026000000001320627307000268.75  
2015051400000900026000000001320627311000078.58  
2015051400000900026000000001320627999000171.84  
2015051400000900027000000001384792074000314.33  
2015051400000900027000000001384792204001571.64  
2015051400000900027000000001384792302001571.64  
2015051400000900027000000001384792304000268.75  
2015051400000900027000000001384792306000078.58  
2015051400000900027000000001384792308000268.75  
2015051400000900027000000001384792312000078.58  
2015051400000900027000000001384792999001170.35  
2015051400000900028000000003099414074000362.05  
2015051400000900028000000003099414204001810.25  
2015051400000900028000000003099414302001810.25  
2015051400000900028000000003099414304000309.55  
2015051400000900028000000003099414306000090.51  
2015051400000900028000000003099414308000309.55  
2015051400000900028000000003099414312000090.51  
2015051400000900028000000003099414999004430.34  
2015051400000900029000000003770831074000376.95  
2015051400000900029000000003770831204001884.77  
2015051400000900029000000003770831301001884.77  
2015051400000900029000000003770831303000322.30  
2015051400000900029000000003770831305000094.24  
2015051400000900029000000003770831307000322.30  
2015051400000900029000000003770831311000094.24  
2015051400000900029000000003770831999003744.48  
2015051400000900032000000003768862074000303.53  
2015051400000900032000000003768862204001517.65  
2015051400000900032000000003768862301001517.65  
2015051400000900032000000003768862303000259.52  
2015051400000900032000000003768862305000075.88  
2015051400000900032000000003768862307000259.52  
2015051400000900032000000003768862311000075.88  
2015051400000900032000000003768862999001299.19  
2015051400000900034000000005270248074000297.57  
2015051400000900034000000005270248204001487.84  
2015051400000900034000000005270248301001487.84  
2015051400000900034000000005270248303000254.42  
2015051400000900034000000005270248305000074.39  
2015051400000900034000000005270248307000254.42  
2015051400000900034000000005270248311000074.39  
2015051400000900034000000005270248999000767.68  
2015051400000900038000000004424966001000005.00  
2015051400000900038000000004424966074000297.57  
2015051400000900038000000004424966204001487.84  
2015051400000900038000000004424966301001487.84  
2015051400000900038000000004424966303000254.42  
2015051400000900038000000004424966305000074.39  
2015051400000900038000000004424966307000254.42  
2015051400000900038000000004424966311000074.39  
2015051400000900038000000004424966999003477.36  
2015051400000900040000000003556438074000331.33  
2015051400000900040000000003556438204001656.63  
2015051400000900040000000003556438302001656.63  
2015051400000900040000000003556438304000283.28  
2015051400000900040000000003556438306000082.83  
2015051400000900040000000003556438308000283.28  
2015051400000900040000000003556438312000082.83  
2015051400000900040000000003556438999002787.44  
2015051400000900043000000002139897074000334.33  
2015051400000900043000000002139897204001671.66  
2015051400000900043000000002139897301001671.66  
2015051400000900043000000002139897303000285.85  
2015051400000900043000000002139897305000083.58  
2015051400000900043000000002139897307000285.85  
2015051400000900043000000002139897311000083.58  
2015051400000900043000000002139897999009002.05  
2015051400000900044000000000952134074000312.41  
2015051400000900044000000000952134204001562.06  
2015051400000900044000000000952134302001562.06  
2015051400000900044000000000952134304000267.11  
2015051400000900044000000000952134306000078.10  
2015051400000900044000000000952134308000267.11  
2015051400000900044000000000952134312000078.10  
2015051400000900044000000000952134999001347.32  
2015051400000900047000000003590483074000281.61  
2015051400000900047000000003590483204001408.05  
2015051400000900047000000003590483301001408.05  
2015051400000900047000000003590483303000240.78  
2015051400000900047000000003590483305000070.40  
2015051400000900047000000003590483307000240.78  
2015051400000900047000000003590483311000070.40  
2015051400000900047000000003590483999001640.86  
2015051400000900048000000003617322074000275.65  
2015051400000900048000000003617322204001378.24  
2015051400000900048000000003617322302001378.24  
2015051400000900048000000003617322304000235.68  
2015051400000900048000000003617322306000068.91  
2015051400000900048000000003617322308000235.68  
2015051400000900048000000003617322312000068.91  
2015051400000900048000000003617322999005331.21  
2015051400000900053000000004470102001000079.87  
2015051400000900053000000004470102074000224.09  
2015051400000900053000000004470102204001120.44  
2015051400000900053000000004470102301001120.44  
2015051400000900053000000004470102303000191.60  
2015051400000900053000000004470102305000056.02  
2015051400000900053000000004470102307000191.60  
2015051400000900053000000004470102311000056.02  
2015051400000900053000000004470102999002018.43  
2015051400000900054000000003081251074000252.90  
2015051400000900054000000003081251204001264.51  
2015051400000900054000000003081251301001264.51  
2015051400000900054000000003081251303000216.23  
2015051400000900054000000003081251305000063.23  
2015051400000900054000000003081251307000216.23  
2015051400000900054000000003081251311000063.23  
2015051400000900054000000003081251999001048.05  
2015051400000900056000000005169964074000224.09  
2015051400000900056000000005169964204001120.44  
2015051400000900056000000005169964302001120.44  
2015051400000900056000000005169964304000191.60  
2015051400000900056000000005169964306000056.02  
2015051400000900056000000005169964308000191.60  
2015051400000900056000000005169964312000056.02  
2015051400000900056000000005169964999001002.91  
2015051400000900057000000003012804074000224.09  
2015051400000900057000000003012804204001120.44  
2015051400000900057000000003012804302001120.44  
2015051400000900057000000003012804304000191.60  
2015051400000900057000000003012804306000056.02  
2015051400000900057000000003012804308000191.60  
2015051400000900057000000003012804312000056.02  
2015051400000900057000000003012804999002428.33  
2015051400000900058000000004450657074000224.09  
2015051400000900058000000004450657204001120.44  
2015051400000900058000000004450657301001120.44  
2015051400000900058000000004450657303000191.60  
2015051400000900058000000004450657305000056.02  
2015051400000900058000000004450657307000191.60  
2015051400000900058000000004450657311000056.02  
2015051400000900058000000004450657999000241.03  
2015051400000900060000000004420896074000224.09  
2015051400000900060000000004420896204001120.44  
2015051400000900060000000004420896301001120.44  
2015051400000900060000000004420896303000191.60  
2015051400000900060000000004420896305000056.02  
2015051400000900060000000004420896307000191.60  
2015051400000900060000000004420896311000056.02  
2015051400000900060000000004420896999000013.50  
2015051400000900061000000003518117074000230.05  
2015051400000900061000000003518117204001150.25  
2015051400000900061000000003518117301001150.25  
2015051400000900061000000003518117303000196.69  
2015051400000900061000000003518117305000057.51  
2015051400000900061000000003518117307000196.69  
2015051400000900061000000003518117311000057.51  
2015051400000900061000000003518117999003743.95  
2015051400000900062000000004467869074000224.09  
2015051400000900062000000004467869204001120.44  
2015051400000900062000000004467869301001120.44  
2015051400000900062000000004467869303000191.60  
2015051400000900062000000004467869305000056.02  
2015051400000900062000000004467869307000191.60  
2015051400000900062000000004467869311000056.02  
2015051400000900062000000004467869999000762.08  
2015051400000900063000000005935309074000224.09  
2015051400000900063000000005935309204001120.44  
2015051400000900063000000005935309301001120.44  
2015051400000900063000000005935309303000191.60  
2015051400000900063000000005935309305000056.02  
2015051400000900063000000005935309307000191.60  
2015051400000900063000000005935309311000056.02  
2015051400000900063000000005935309999000242.83  
2015051400000900064000000004467420074000244.95  
2015051400000900064000000004467420204001224.77  
2015051400000900064000000004467420301001224.77  
2015051400000900064000000004467420303000209.44  
2015051400000900064000000004467420305000061.24  
2015051400000900064000000004467420307000209.44  
2015051400000900064000000004467420311000061.24  
2015051400000900064000000004467420999004712.83  
2015051400000900065000000004414461074000246.03  
2015051400000900065000000004414461204001230.17  
2015051400000900065000000004414461301001230.17  
2015051400000900065000000004414461303000210.36  
2015051400000900065000000004414461305000061.51  
2015051400000900065000000004414461307000210.36  
2015051400000900065000000004414461311000061.51  
2015051400000900065000000004414461999000210.43  
2015051400000900066000000005161700074000240.07  
2015051400000900066000000005161700204001200.36  
2015051400000900066000000005161700301001200.36  
2015051400000900066000000005161700303000205.26  
2015051400000900066000000005161700305000060.02  
2015051400000900066000000005161700307000205.26  
2015051400000900066000000005161700311000060.02  
2015051400000900066000000005161700999000696.68  
2015051400000900067000000004539889074000200.89  
2015051400000900067000000004539889204001004.44  
2015051400000900067000000004539889301001004.44  
2015051400000900067000000004539889303000171.76  
2015051400000900067000000004539889305000050.22  
2015051400000900067000000004539889307000171.76  
2015051400000900067000000004539889311000050.22  
2015051400000900067000000004539889999003492.54  
2015051400000900068000000004884164074000200.89  
2015051400000900068000000004884164204001004.44  
2015051400000900068000000004884164302001004.44  
2015051400000900068000000004884164304000171.76  
2015051400000900068000000004884164306000050.22  
2015051400000900068000000004884164308000171.76  
2015051400000900068000000004884164312000050.22  
2015051400000900068000000004884164999003138.76  
2015051400000900069000000003459316074000200.89  
2015051400000900069000000003459316204001004.44  
2015051400000900069000000003459316302001004.44  
2015051400000900069000000003459316304000171.76  
2015051400000900069000000003459316306000050.22  
2015051400000900069000000003459316308000171.76  
2015051400000900069000000003459316312000050.22  
2015051400000900069000000003459316999000648.57  
2015051400000900070000000003729038074000229.70  
2015051400000900070000000003729038204001148.51  
2015051400000900070000000003729038301001148.51  
2015051400000900070000000003729038303000196.40  
2015051400000900070000000003729038305000057.43  
2015051400000900070000000003729038307000196.40  
2015051400000900070000000003729038311000057.43  
2015051400000900070000000003729038999005221.75  
2015051400000900071000000003720522074000268.89  
2015051400000900071000000003720522204001344.43  
2015051400000900071000000003720522301001344.43  
2015051400000900071000000003720522303000229.90  
2015051400000900071000000003720522305000067.22  
2015051400000900071000000003720522307000229.90  
2015051400000900071000000003720522311000067.22  
2015051400000900071000000003720522999003185.92  
2015051400000900074000000005291890074000209.14  
2015051400000900074000000005291890204001045.68  
2015051400000900074000000005291890302001045.68  
2015051400000900074000000005291890304000178.81  
2015051400000900074000000005291890306000052.28  
2015051400000900074000000005291890308000178.81  
2015051400000900074000000005291890312000052.28  
2015051400000900074000000005291890999001053.24  
2015051400000900075000000004013122074000175.11  
2015051400000900075000000004013122204000875.54  
2015051400000900075000000004013122301000875.54  
2015051400000900075000000004013122303000149.72  
2015051400000900075000000004013122305000043.78  
2015051400000900075000000004013122307000149.72  
2015051400000900075000000004013122311000043.78  
2015051400000900075000000004013122999000744.02  
2015051400000900076000000006466668074000209.14  
2015051400000900076000000006466668204001045.68  
2015051400000900076000000006466668302001045.68  
2015051400000900076000000006466668304000178.81  
2015051400000900076000000006466668306000052.28  
2015051400000900076000000006466668308000178.81  
2015051400000900076000000006466668312000052.28  
2015051400000900076000000006466668999000615.48  
2015051400000900078000000005241984074000175.96  
2015051400000900078000000005241984204000879.79  
2015051400000900078000000005241984301000879.79  
2015051400000900078000000005241984303000150.44  
2015051400000900078000000005241984305000043.99  
2015051400000900078000000005241984307000150.44  
2015051400000900078000000005241984311000043.99  
2015051400000900078000000005241984999001464.16  
2015051400000900079000000005225966074000175.11  
2015051400000900079000000005225966204000875.54  
2015051400000900079000000005225966301000875.54  
2015051400000900079000000005225966303000149.72  
2015051400000900079000000005225966305000043.78  
2015051400000900079000000005225966307000149.72  
2015051400000900079000000005225966311000043.78  
2015051400000900079000000005225966999003642.98  
2015051400000900080000000003768663074000175.11  
2015051400000900080000000003768663204000875.54  
2015051400000900080000000003768663302000875.54  
2015051400000900080000000003768663304000149.72  
2015051400000900080000000003768663306000043.78  
2015051400000900080000000003768663308000149.72  
2015051400000900080000000003768663312000043.78  
2015051400000900080000000003768663999003870.45  
2015051400000900081000000006408031074000174.81  
2015051400000900081000000006408031204000874.04  
2015051400000900081000000006408031301000874.04  
2015051400000900081000000006408031303000149.46  
2015051400000900081000000006408031305000043.70  
2015051400000900081000000006408031307000149.46  
2015051400000900081000000006408031311000043.70  
2015051400000900081000000006408031999001587.66  
2015051400000900082000000002899775074000162.23  
2015051400000900082000000002899775204000811.14  
2015051400000900082000000002899775301000811.14  
2015051400000900082000000002899775303000138.70  
2015051400000900082000000002899775305000040.56  
2015051400000900082000000002899775307000138.70  
2015051400000900082000000002899775311000040.56  
2015051400000900082000000002899775999001982.27  
2015051400000900084000000002879279074000191.04  
2015051400000900084000000002879279204000955.21  
2015051400000900084000000002879279302000955.21  
2015051400000900084000000002879279304000163.34  
2015051400000900084000000002879279306000047.76  
2015051400000900084000000002879279308000163.34  
2015051400000900084000000002879279312000047.76  
2015051400000900084000000002879279999000721.60  
2015051400000900085000000006473021074000162.23  
2015051400000900085000000006473021204000811.14  
2015051400000900085000000006473021301000811.14  
2015051400000900085000000006473021303000138.70  
2015051400000900085000000006473021305000040.56  
2015051400000900085000000006473021307000138.70  
2015051400000900085000000006473021311000040.56  
2015051400000900085000000006473021999002610.94  
2015051400000900086000000004461894074000168.19  
2015051400000900086000000004461894204000840.95  
2015051400000900086000000004461894301000840.95  
2015051400000900086000000004461894303000143.80  
2015051400000900086000000004461894305000042.05  
2015051400000900086000000004461894307000143.80  
2015051400000900086000000004461894311000042.05  
2015051400000900086000000004461894999003426.84  
2015051400000900089000000004526386074000144.17  
2015051400000900089000000004526386204000720.84  
2015051400000900089000000004526386302000720.84  
2015051400000900089000000004526386304000123.26  
2015051400000900089000000004526386306000036.04  
2015051400000900089000000004526386308000123.26  
2015051400000900089000000004526386312000036.04  
2015051400000900089000000004526386999002886.56  
2015051400000900090000000004510395074000144.17  
2015051400000900090000000004510395204000720.84  
2015051400000900090000000004510395301000720.84  
2015051400000900090000000004510395303000123.26  
2015051400000900090000000004510395305000036.04  
2015051400000900090000000004510395307000123.26  
2015051400000900090000000004510395311000036.04  
2015051400000900090000000004510395999003221.82  
2015051400000900092000000002914344074000217.12  
2015051400000900092000000002914344204001085.62  
2015051400000900092000000002914344301001085.62  
2015051400000900092000000002914344303000185.64  
2015051400000900092000000002914344305000054.28  
2015051400000900092000000002914344307000185.64  
2015051400000900092000000002914344311000054.28  
2015051400000900092000000002914344999001683.50  
2015051400000900093000000003078110074000209.17  
2015051400000900093000000003078110204001045.87  
2015051400000900093000000003078110301001045.87  
2015051400000900093000000003078110303000178.84  
2015051400000900093000000003078110305000052.29  
2015051400000900093000000003078110307000178.84  
2015051400000900093000000003078110311000052.29  
2015051400000900093000000003078110999003122.54  
2015051400000900095000000006431024074000144.17  
2015051400000900095000000006431024204000720.84  
2015051400000900095000000006431024302000720.84  
2015051400000900095000000006431024304000123.26  
2015051400000900095000000006431024306000036.04  
2015051400000900095000000006431024308000123.26  
2015051400000900095000000006431024312000036.04  
2015051400000900095000000006431024999001171.56  
2015051400000900096000000003099304074000172.01  
2015051400000900096000000003099304204000860.04  
2015051400000900096000000003099304301000860.04  
2015051400000900096000000003099304303000147.07  
2015051400000900096000000003099304305000043.00  
2015051400000900096000000003099304307000147.07  
2015051400000900096000000003099304311000043.00  
2015051400000900096000000003099304999000786.16  
2015051400000900098000000004022515074000177.97  
2015051400000900098000000004022515204000889.85  
2015051400000900098000000004022515302000889.85  
2015051400000900098000000004022515304000152.16  
2015051400000900098000000004022515306000044.49  
2015051400000900098000000004022515308000152.16  
2015051400000900098000000004022515312000044.49  
2015051400000900098000000004022515999002611.06  
2015051400000900099000000005648577074000172.01  
2015051400000900099000000005648577204000860.04  
2015051400000900099000000005648577302000860.04  
2015051400000900099000000005648577304000147.07  
2015051400000900099000000005648577306000043.00  
2015051400000900099000000005648577308000147.07  
2015051400000900099000000005648577312000043.00  
2015051400000900099000000005648577999001426.49  
2015051400000900100000000007349314074000188.88  
2015051400000900100000000007349314204000944.40  
2015051400000900100000000007349314301000944.40  
2015051400000900100000000007349314305000047.22  
2015051400000900100000000007349314311000047.22  
2015051400000900100000000007349314999000090.63  
2015051400000900101000000001370502074000206.87  
2015051400000900101000000001370502204001034.34  
2015051400000900101000000001370502301001034.34  
2015051400000900101000000001370502303000176.87  
2015051400000900101000000001370502305000051.72  
2015051400000900101000000001370502307000176.87  
2015051400000900101000000001370502311000051.72  
2015051400000900101000000001370502999003884.47  
2015051400000900102000000002692604074000187.52  
2015051400000900102000000002692604204000937.62  
2015051400000900102000000002692604301000937.62  
2015051400000900102000000002692604303000160.33  
2015051400000900102000000002692604305000046.88  
2015051400000900102000000002692604307000160.33  
2015051400000900102000000002692604311000046.88  
2015051400000900102000000002692604999004517.09  
2015051400000900103000000000959934074000176.00  
2015051400000900103000000000959934204000880.00  
2015051400000900103000000000959934302000880.00  
2015051400000900103000000000959934304000150.48  
2015051400000900103000000000959934306000044.00  
2015051400000900103000000000959934308000150.48  
2015051400000900103000000000959934312000044.00  
2015051400000900103000000000959934999001275.70  
2015051400000900104000000001760686074000177.42  
2015051400000900104000000001760686204000887.09  
2015051400000900104000000001760686301000887.09  
2015051400000900104000000001760686303000151.69  
2015051400000900104000000001760686305000044.35  
2015051400000900104000000001760686307000151.69  
2015051400000900104000000001760686311000044.35  
2015051400000900104000000001760686999002273.61  
2015051400000900105000000000803131074000176.00  
2015051400000900105000000000803131204000880.00  
2015051400000900105000000000803131302000880.00  
2015051400000900105000000000803131306000044.00  
2015051400000900105000000000803131312000044.00  
2015051400000900105000000000803131999001010.06  
2015051400000900106000000002045701074000176.00  
2015051400000900106000000002045701204000880.00  
2015051400000900106000000002045701301000880.00  
2015051400000900106000000002045701303000150.48  
2015051400000900106000000002045701305000044.00  
2015051400000900106000000002045701307000150.48  
2015051400000900106000000002045701311000044.00  
2015051400000900106000000002045701999001163.16  
2015051400000900107000000003831838074000152.15  
2015051400000900107000000003831838204000760.77  
2015051400000900107000000003831838301000760.77  
2015051400000900107000000003831838303000130.09  
2015051400000900107000000003831838305000038.04  
2015051400000900107000000003831838307000130.09  
2015051400000900107000000003831838311000038.04  
2015051400000900107000000003831838999003227.60  
2015051400000900108000000000855279074000176.00  
2015051400000900108000000000855279204000880.00  
2015051400000900108000000000855279301000880.00  
2015051400000900108000000000855279303000150.48  
2015051400000900108000000000855279305000044.00  
2015051400000900108000000000855279307000150.48  
2015051400000900108000000000855279311000044.00  
2015051400000900108000000000855279999002605.56  
2015051400000900109000000003782731074000230.84  
2015051400000900109000000003782731204001154.21  
2015051400000900109000000003782731301001154.21  
2015051400000900109000000003782731303000197.37  
2015051400000900109000000003782731305000057.71  
2015051400000900109000000003782731307000197.37  
2015051400000900109000000003782731311000057.71  
2015051400000900109000000003782731999001156.12  
2015051400000900110000000003720627074000219.84  
2015051400000900110000000003720627204001099.21  
2015051400000900110000000003720627301001099.21  
2015051400000900110000000003720627303000187.97  
2015051400000900110000000003720627305000054.96  
2015051400000900110000000003720627307000187.97  
2015051400000900110000000003720627311000054.96  
2015051400000900110000000003720627999004635.39  
2015051400000900111000000002894101074000160.10  
2015051400000900111000000002894101204000800.51  
2015051400000900111000000002894101301000800.51  
2015051400000900111000000002894101303000136.89  
2015051400000900111000000002894101305000040.03  
2015051400000900111000000002894101307000136.89  
2015051400000900111000000002894101311000040.03  
2015051400000900111000000002894101999002786.80  
2015051400000900112000000001714032074000189.95  
2015051400000900112000000001714032204000949.74  
2015051400000900112000000001714032301000949.74  
2015051400000900112000000001714032303000162.41  
2015051400000900112000000001714032305000047.49  
2015051400000900112000000001714032307000162.41  
2015051400000900112000000001714032311000047.49  
2015051400000900112000000001714032999001073.16  
2015051400000900113000000005916650074000131.29  
2015051400000900113000000005916650204000656.44  
2015051400000900113000000005916650302000656.44  
2015051400000900113000000005916650304000112.25  
2015051400000900113000000005916650306000032.82  
2015051400000900113000000005916650308000112.25  
2015051400000900113000000005916650312000032.82  
2015051400000900113000000005916650999001889.47  
2015051400000900114000000000960278074000160.10  
2015051400000900114000000000960278204000800.51  
2015051400000900114000000000960278301000800.51  
2015051400000900114000000000960278303000136.89  
2015051400000900114000000000960278305000040.03  
2015051400000900114000000000960278307000136.89  
2015051400000900114000000000960278311000040.03  
2015051400000900114000000000960278999001338.80  
2015051400000900115000000004329789074000216.09  
2015051400000900115000000004329789204001080.46  
2015051400000900115000000004329789301001080.46  
2015051400000900115000000004329789303000184.76  
2015051400000900115000000004329789305000054.02  
2015051400000900115000000004329789307000184.76  
2015051400000900115000000004329789311000054.02  
2015051400000900115000000004329789999002535.59  
2015051400000900116000000003504972074000180.05  
2015051400000900116000000003504972204000900.25  
2015051400000900116000000003504972301000900.25  
2015051400000900116000000003504972303000153.94  
2015051400000900116000000003504972305000045.01  
2015051400000900116000000003504972307000153.94  
2015051400000900116000000003504972311000045.01  
2015051400000900116000000003504972999001458.65  
2015051400000900117000000003754990074000204.50  
2015051400000900117000000003754990204001022.50  
2015051400000900117000000003754990301001022.50  
2015051400000900117000000003754990303000174.85  
2015051400000900117000000003754990305000051.13  
2015051400000900117000000003754990307000174.85  
2015051400000900117000000003754990311000051.13  
2015051400000900117000000003754990999003058.45  
2015051400000900118000000003482063074000204.62  
2015051400000900118000000003482063204001023.10  
2015051400000900118000000003482063301001023.10  
2015051400000900118000000003482063303000174.95  
2015051400000900118000000003482063305000051.15  
2015051400000900118000000003482063307000174.95  
2015051400000900118000000003482063311000051.15  
2015051400000900118000000003482063999001004.26  
2015051400000900119000000004800059074000155.55  
2015051400000900119000000004800059204000777.74  
2015051400000900119000000004800059302000777.74  
2015051400000900119000000004800059304000132.99  
2015051400000900119000000004800059306000038.89  
2015051400000900119000000004800059308000132.99  
2015051400000900119000000004800059312000038.89  
2015051400000900119000000004800059999002527.95  
2015051400000900122000000001764275074000151.25  
2015051400000900122000000001764275204000756.23  
2015051400000900122000000001764275301000756.23  
2015051400000900122000000001764275303000129.32  
2015051400000900122000000001764275305000037.81  
2015051400000900122000000001764275307000129.32  
2015051400000900122000000001764275311000037.81  
2015051400000900122000000001764275999002349.32  
2015051400000900123000000003417050074000163.96  
2015051400000900123000000003417050204000819.80  
2015051400000900123000000003417050301000819.80  
2015051400000900123000000003417050303000140.19  
2015051400000900123000000003417050305000040.99  
2015051400000900123000000003417050307000140.19  
2015051400000900123000000003417050311000040.99  
2015051400000900123000000003417050999001128.44  
2015051400000900124000000003786262074000151.01  
2015051400000900124000000003786262204000755.03  
2015051400000900124000000003786262301000755.03  
2015051400000900124000000003786262303000129.11  
2015051400000900124000000003786262305000037.75  
2015051400000900124000000003786262307000129.11  
2015051400000900124000000003786262311000037.75  
2015051400000900124000000003786262999002363.69  
2015051400000900125000000008854526074000170.40  
2015051400000900125000000008854526204000851.99  
2015051400000900125000000008854526301000851.99  
2015051400000900125000000008854526303000145.69  
2015051400000900125000000008854526305000042.60  
2015051400000900125000000008854526307000145.69  
2015051400000900125000000008854526311000042.60  
2015051400000900125000000008854526999003597.81  
2015051400000900126000000005151886074000137.02  
2015051400000900126000000005151886204000685.12  
2015051400000900126000000005151886301000685.12  
2015051400000900126000000005151886303000117.16  
2015051400000900126000000005151886305000034.26  
2015051400000900126000000005151886307000117.16  
2015051400000900126000000005151886311000034.26  
2015051400000900126000000005151886999003322.96  
2015051400000900127000000004538011074000105.51  
2015051400000900127000000004538011204000527.54  
2015051400000900127000000004538011302000527.54  
2015051400000900127000000004538011304000090.21  
2015051400000900127000000004538011306000026.38  
2015051400000900127000000004538011308000090.21  
2015051400000900127000000004538011312000026.38  
2015051400000900127000000004538011999000972.12  
2015051400000900128000000006096339074000140.47  
2015051400000900128000000006096339204000702.33  
2015051400000900128000000006096339302000702.33  
2015051400000900128000000006096339304000120.10  
2015051400000900128000000006096339306000035.12  
2015051400000900128000000006096339308000120.10  
2015051400000900128000000006096339312000035.12  
2015051400000900128000000006096339999000641.30  
2015051400000900129000000005179460074000153.68  
2015051400000900129000000005179460204000768.38  
2015051400000900129000000005179460302000768.38  
2015051400000900129000000005179460304000131.39  
2015051400000900129000000005179460306000038.42  
2015051400000900129000000005179460308000131.39  
2015051400000900129000000005179460312000038.42  
2015051400000900129000000005179460999004694.44  
2015051400000900130000000004410789074000174.17  
2015051400000900130000000004410789204000870.86  
2015051400000900130000000004410789301000870.86  
2015051400000900130000000004410789303000148.92  
2015051400000900130000000004410789305000043.54  
2015051400000900130000000004410789307000148.92  
2015051400000900130000000004410789311000043.54  
2015051400000900130000000004410789999002894.06  
2015051400000900132000000004415402074000173.53  
2015051400000900132000000004415402204000867.66  
2015051400000900132000000004415402301000867.66  
2015051400000900132000000004415402303000148.37  
2015051400000900132000000004415402305000043.38  
2015051400000900132000000004415402307000148.37  
2015051400000900132000000004415402311000043.38  
2015051400000900132000000004415402999002672.89  
2015051400000900133000000004200223074000146.27  
2015051400000900133000000004200223204000731.34  
2015051400000900133000000004200223302000731.34  
2015051400000900133000000004200223304000125.06  
2015051400000900133000000004200223306000036.57  
2015051400000900133000000004200223308000125.06  
2015051400000900133000000004200223312000036.57  
2015051400000900133000000004200223999003356.50  
2015051400000900134000000003605581074000105.51  
2015051400000900134000000003605581204000527.54  
2015051400000900134000000003605581301000527.54  
2015051400000900134000000003605581303000090.21  
2015051400000900134000000003605581305000026.38  
2015051400000900134000000003605581307000090.21  
2015051400000900134000000003605581311000026.38  
2015051400000900134000000003605581999001258.99  
2015051400000900135000000005903134074000149.53  
2015051400000900135000000005903134204000747.64  
2015051400000900135000000005903134301000747.64  
2015051400000900135000000005903134303000127.85  
2015051400000900135000000005903134305000037.38  
2015051400000900135000000005903134307000127.85  
2015051400000900135000000005903134311000037.38  
2015051400000900135000000005903134999000857.96  
2015051400000900136000000004702349074000169.22  
2015051400000900136000000004702349204000846.09  
2015051400000900136000000004702349301000846.09  
2015051400000900136000000004702349303000144.68  
2015051400000900136000000004702349305000042.30  
2015051400000900136000000004702349307000144.68  
2015051400000900136000000004702349311000042.30  
2015051400000900136000000004702349999002851.00  
2015051400000900137000000002551314074000134.32  
2015051400000900137000000002551314204000671.61  
2015051400000900137000000002551314302000671.61  
2015051400000900137000000002551314304000114.85  
2015051400000900137000000002551314306000033.58  
2015051400000900137000000002551314308000114.85  
2015051400000900137000000002551314312000033.58  
2015051400000900137000000002551314999002969.41  
2015051400000900138000000003693620074000127.91  
2015051400000900138000000003693620204000639.53  
2015051400000900138000000003693620301000639.53  
2015051400000900138000000003693620303000109.36  
2015051400000900138000000003693620305000031.98  
2015051400000900138000000003693620307000109.36  
2015051400000900138000000003693620311000031.98  
2015051400000900138000000003693620999001086.25  
2015051400000900139000000004897781074000144.27  
2015051400000900139000000004897781204000721.36  
2015051400000900139000000004897781301000721.36  
2015051400000900139000000004897781303000123.35  
2015051400000900139000000004897781305000036.07  
2015051400000900139000000004897781307000123.35  
2015051400000900139000000004897781311000036.07  
2015051400000900139000000004897781999000440.11  
2015051400000900140000000004886972074000090.03  
2015051400000900140000000004886972204000450.14  
2015051400000900140000000004886972302000450.14  
2015051400000900140000000004886972304000076.97  
2015051400000900140000000004886972306000022.51  
2015051400000900140000000004886972308000076.97  
2015051400000900140000000004886972312000022.51  
2015051400000900140000000004886972999002696.89  
2015051400000900141000000004870962074000090.03  
2015051400000900141000000004870962204000450.14  
2015051400000900141000000004870962302000450.14  
2015051400000900141000000004870962304000076.97  
2015051400000900141000000004870962306000022.51  
2015051400000900141000000004870962308000076.97  
2015051400000900141000000004870962312000022.51  
2015051400000900141000000004870962999000566.93  
2015051400000900142000000003064016074000127.91  
2015051400000900142000000003064016204000639.53  
2015051400000900142000000003064016301000639.53  
2015051400000900142000000003064016303000109.36  
2015051400000900142000000003064016305000031.98  
2015051400000900142000000003064016307000109.36  
2015051400000900142000000003064016311000031.98  
2015051400000900142000000003064016999001738.24  
2015051400000900143000000003753027074000110.89  
2015051400000900143000000003753027204000554.47  
2015051400000900143000000003753027301000554.47  
2015051400000900143000000003753027303000094.81  
2015051400000900143000000003753027305000027.72  
2015051400000900143000000003753027307000094.81  
2015051400000900143000000003753027311000027.72  
2015051400000900143000000003753027999001396.71  
2015051400000900144000000007962862074000107.04  
2015051400000900144000000007962862204000535.20  
2015051400000900144000000007962862301000535.20  
2015051400000900144000000007962862303000091.52  
2015051400000900144000000007962862305000026.76  
2015051400000900144000000007962862307000091.52  
2015051400000900144000000007962862311000026.76  
2015051400000900144000000007962862999002154.51  
2015051400000900146000000003734545074000351.71  
2015051400000900146000000003734545204001758.54  
2015051400000900146000000003734545301001758.54  
2015051400000900146000000003734545303000300.71  
2015051400000900146000000003734545305000087.93  
2015051400000900146000000003734545307000300.71  
2015051400000900146000000003734545311000087.93  
2015051400000900146000000003734545999001485.99  
2015051400000900201000000002991007074000384.98  
2015051400000900201000000002991007204001924.90  
2015051400000900201000000002991007302001924.90  
2015051400000900201000000002991007304000329.16  
2015051400000900201000000002991007306000096.25  
2015051400000900201000000002991007308000329.16  
2015051400000900201000000002991007312000096.25  
2015051400000900201000000002991007999003518.11  
2015051400000900202000000000953021074000802.73  
2015051400000900202000000000953021204004013.65  
2015051400000900202000000000953021302004013.65  
2015051400000900202000000000953021304000686.33  
2015051400000900202000000000953021306000200.68  
2015051400000900202000000000953021308000686.33  
2015051400000900202000000000953021312000200.68  
2015051400000900202000000000953021999008594.36  
2015051400000900203000000001069089074000770.40  
2015051400000900203000000001069089204003852.00  
2015051400000900203000000001069089302003852.00  
2015051400000900203000000001069089304000658.69  
2015051400000900203000000001069089306000192.60  
2015051400000900203000000001069089308000658.69  
2015051400000900203000000001069089312000192.60  
2015051400000900203000000001069089999003921.36  
2015051400000900204000000003017631001000177.31  
2015051400000900204000000003017631074000781.33  
2015051400000900204000000003017631204003906.65  
2015051400000900204000000003017631302003906.65  
2015051400000900204000000003017631304000668.04  
2015051400000900204000000003017631306000195.33  
2015051400000900204000000003017631308000668.04  
2015051400000900204000000003017631312000195.33  
2015051400000900204000000003017631999001424.76  
2015051400000900205000000001893812074000770.40  
2015051400000900205000000001893812204003852.00  
2015051400000900205000000001893812301003852.00  
2015051400000900205000000001893812303000658.69  
2015051400000900205000000001893812305000192.60  
2015051400000900205000000001893812307000658.69  
2015051400000900205000000001893812311000192.60  
2015051400000900205000000001893812999004727.82  
2015051400000900206000000003025505074000788.28  
2015051400000900206000000003025505204003941.42  
2015051400000900206000000003025505302003941.42  
2015051400000900206000000003025505304000673.98  
2015051400000900206000000003025505306000197.07  
2015051400000900206000000003025505308000673.98  
2015051400000900206000000003025505312000197.07  
2015051400000900206000000003025505999006524.07  
2015051400000900207000000005198940074000492.43  
2015051400000900207000000005198940204002462.15  
2015051400000900207000000005198940301002462.15  
2015051400000900207000000005198940303000421.03  
2015051400000900207000000005198940305000123.11  
2015051400000900207000000005198940307000421.03  
2015051400000900207000000005198940311000123.11  
2015051400000900207000000005198940999008214.95  
2015051400000900209000000004901227074000486.47  
2015051400000900209000000004901227204002432.34  
2015051400000900209000000004901227301002432.34  
2015051400000900209000000004901227303000415.93  
2015051400000900209000000004901227305000121.62  
2015051400000900209000000004901227307000415.93  
2015051400000900209000000004901227311000121.62  
2015051400000900209000000004901227999000113.23  
2015051400000900210000000003621269074000515.28  
2015051400000900210000000003621269204002576.41  
2015051400000900210000000003621269301002576.41  
2015051400000900210000000003621269303000440.57  
2015051400000900210000000003621269305000128.82  
2015051400000900210000000003621269307000440.57  
2015051400000900210000000003621269311000128.82  
2015051400000900210000000003621269999007178.70  
2015051400000900211000000004414796074000486.47  
2015051400000900211000000004414796204002432.34  
2015051400000900211000000004414796301002432.34  
2015051400000900211000000004414796303000415.93  
2015051400000900211000000004414796305000121.62  
2015051400000900211000000004414796307000415.93  
2015051400000900211000000004414796311000121.62  
2015051400000900211000000004414796999005740.87  
2015051400000900212000000004411903074000481.50  
2015051400000900212000000004411903204002407.50  
2015051400000900212000000004411903302002407.50  
2015051400000900212000000004411903304000411.68  
2015051400000900212000000004411903306000120.38  
2015051400000900212000000004411903308000411.68  
2015051400000900212000000004411903312000120.38  
2015051400000900212000000004411903999001509.08  
2015051400000900213000000005213524001000070.94  
2015051400000900213000000005213524074000351.71  
2015051400000900213000000005213524204001758.54  
2015051400000900213000000005213524302001758.54  
2015051400000900213000000005213524304000300.71  
2015051400000900213000000005213524306000087.93  
2015051400000900213000000005213524308000300.71  
2015051400000900213000000005213524312000087.93  
2015051400000900213000000005213524999007368.35  
2015051400000900217000000003778798074000343.14  
2015051400000900217000000003778798204001715.71  
2015051400000900217000000003778798301001715.71  
2015051400000900217000000003778798303000293.39  
2015051400000900217000000003778798305000085.79  
2015051400000900217000000003778798307000293.39  
2015051400000900217000000003778798311000085.79  
2015051400000900217000000003778798999007890.45  
2015051400000900218000000002406485074000303.53  
2015051400000900218000000002406485204001517.65  
2015051400000900218000000002406485301001517.65  
2015051400000900218000000002406485303000259.52  
2015051400000900218000000002406485305000075.88  
2015051400000900218000000002406485307000259.52  
2015051400000900218000000002406485311000075.88  
2015051400000900218000000002406485999001472.99  
2015051400000900219000000000810986074000318.43  
2015051400000900219000000000810986204001592.17  
2015051400000900219000000000810986302001592.17  
2015051400000900219000000000810986304000272.26  
2015051400000900219000000000810986306000079.61  
2015051400000900219000000000810986308000272.26  
2015051400000900219000000000810986312000079.61  
2015051400000900219000000000810986999001469.12  
2015051400000900221000000002900854074000481.50  
2015051400000900221000000002900854204002407.50  
2015051400000900221000000002900854302002407.50  
2015051400000900221000000002900854304000411.68  
2015051400000900221000000002900854306000120.38  
2015051400000900221000000002900854308000411.68  
2015051400000900221000000002900854312000120.38  
2015051400000900221000000002900854999005227.27  
2015051400000900222000000002862575074000481.50  
2015051400000900222000000002862575204002407.50  
2015051400000900222000000002862575301002407.50  
2015051400000900222000000002862575303000411.68  
2015051400000900222000000002862575305000120.38  
2015051400000900222000000002862575307000411.68  
2015051400000900222000000002862575311000120.38  
2015051400000900222000000002862575999000164.88  
2015051400000900224000000004433413074000351.71  
2015051400000900224000000004433413204001758.54  
2015051400000900224000000004433413301001758.54  
2015051400000900224000000004433413303000300.71  
2015051400000900224000000004433413305000087.93  
2015051400000900224000000004433413307000300.71  
2015051400000900224000000004433413311000087.93  
2015051400000900224000000004433413999001067.17  
2015051400000900225000000003314456074000230.05  
2015051400000900225000000003314456204001150.25  
2015051400000900225000000003314456301001150.25  
2015051400000900225000000003314456303000196.69  
2015051400000900225000000003314456305000057.51  
2015051400000900225000000003314456307000196.69  
2015051400000900225000000003314456311000057.51  
2015051400000900225000000003314456999003710.83  
2015051400000900226000000001930623074000253.73  
2015051400000900226000000001930623204001268.64  
2015051400000900226000000001930623302001268.64  
2015051400000900226000000001930623304000216.94  
2015051400000900226000000001930623306000063.43  
2015051400000900226000000001930623308000216.94  
2015051400000900226000000001930623312000063.43  
2015051400000900226000000001930623999001015.83  
2015051400000900227000000000936305074000282.54  
2015051400000900227000000000936305204001412.71  
2015051400000900227000000000936305301001412.71  
2015051400000900227000000000936305303000241.57  
2015051400000900227000000000936305305000070.64  
2015051400000900227000000000936305307000241.57  
2015051400000900227000000000936305311000070.64  
2015051400000900227000000000936305999004672.69  
2015051400000900228000000005193215074000224.09  
2015051400000900228000000005193215204001120.44  
2015051400000900228000000005193215301001120.44  
2015051400000900228000000005193215303000191.60  
2015051400000900228000000005193215305000056.02  
2015051400000900228000000005193215307000191.60  
2015051400000900228000000005193215311000056.02  
2015051400000900228000000005193215999003983.67  
2015051400000900229000000004502182074000144.17  
2015051400000900229000000004502182204000720.84  
2015051400000900229000000004502182301000720.84  
2015051400000900229000000004502182303000123.26  
2015051400000900229000000004502182305000036.04  
2015051400000900229000000004502182307000123.26  
2015051400000900229000000004502182311000036.04  
2015051400000900229000000004502182999000497.07  
2015051400000900230000000003757088001000280.63  
2015051400000900230000000003757088074000288.56  
2015051400000900230000000003757088204001442.82  
2015051400000900230000000003757088301001442.82  
2015051400000900230000000003757088303000246.72  
2015051400000900230000000003757088305000072.14  
2015051400000900230000000003757088307000246.72  
2015051400000900230000000003757088311000072.14  
2015051400000900230000000003757088999005336.75  
2015051400000900231000000003131710074000351.09  
2015051400000900231000000003131710204001755.46  
2015051400000900231000000003131710301001755.46  
2015051400000900231000000003131710303000300.18  
2015051400000900231000000003131710305000087.77  
2015051400000900231000000003131710307000300.18  
2015051400000900231000000003131710311000087.77  
2015051400000900231000000003131710999006900.75  
2015051400000900232000000002875093074000297.57  
2015051400000900232000000002875093204001487.84  
2015051400000900232000000002875093302001487.84  
2015051400000900232000000002875093304000254.42  
2015051400000900232000000002875093306000074.39  
2015051400000900232000000002875093308000254.42  
2015051400000900232000000002875093312000074.39  
2015051400000900232000000002875093999000760.75  
2015051400000900233000000003622065074000326.38  
2015051400000900233000000003622065204001631.91  
2015051400000900233000000003622065301001631.91  
2015051400000900233000000003622065303000279.06  
2015051400000900233000000003622065305000081.60  
2015051400000900233000000003622065307000279.06  
2015051400000900233000000003622065311000081.60  
2015051400000900233000000003622065999005744.03  
2015051400000900234000000004076151074000144.17  
2015051400000900234000000004076151204000720.84  
2015051400000900234000000004076151301000720.84  
2015051400000900234000000004076151303000123.26  
2015051400000900234000000004076151305000036.04  
2015051400000900234000000004076151307000123.26  
2015051400000900234000000004076151311000036.04  
2015051400000900234000000004076151999002971.96  
2015051400000900235000000003623123074000388.47  
2015051400000900235000000003623123204001942.36  
2015051400000900235000000003623123302001942.36  
2015051400000900235000000003623123304000332.14  
2015051400000900235000000003623123306000097.12  
2015051400000900235000000003623123308000332.14  
2015051400000900235000000003623123312000097.12  
2015051400000900235000000003623123999003633.98  
2015051400000900236000000003742365074000181.07  
2015051400000900236000000003742365204000905.35  
2015051400000900236000000003742365301000905.35  
2015051400000900236000000003742365303000154.81  
2015051400000900236000000003742365305000045.27  
2015051400000900236000000003742365307000154.81  
2015051400000900236000000003742365311000045.27  
2015051400000900236000000003742365999000578.51  
