20150514000009000530000000044701020900000111220000248.40  
20150514000009000530000000044701020900000111400000933.70  
20150514000009000530000000044701020900000111600003096.00  
20150514000009000530000000044701020900000111700010956.00  
20150514000009000530000000044701020900000113110001120.44  
20150514000009000530000000044701020900000113120000191.60  
20150514000009000530000000044701020900000113131000336.13  
20150514000009000530000000044701020900000113200000224.09  
20150514000009000890000000045263860900000111220000248.40  
20150514000009000890000000045263860900000111400000600.70  
20150514000009000890000000045263860900000111700006960.00  
20150514000009000890000000045263860900000113110000720.84  
20150514000009000890000000045263860900000113120000123.26  
20150514000009000890000000045263860900000113131000216.25  
20150514000009000890000000045263860900000113200000144.17  
20150514000009000540000000030812510900000111220001689.12  
20150514000009000540000000030812510900000111400001053.76  
20150514000009000540000000030812510900000111700010956.00  
20150514000009000540000000030812510900000113110001264.51  
20150514000009000540000000030812510900000113120000216.23  
20150514000009000540000000030812510900000113131000379.35  
20150514000009000540000000030812510900000113200000252.90  
20150514000009000900000000045103950900000111220000248.40  
20150514000009000900000000045103950900000111400000600.70  
20150514000009000900000000045103950900000111700006960.00  
20150514000009000900000000045103950900000113110000720.84  
20150514000009000900000000045103950900000113120000123.26  
20150514000009000900000000045103950900000113131000216.25  
20150514000009000900000000045103950900000113200000144.17  
20150514000009000440000000009521341000000111220002086.56  
20150514000009000440000000009521341000000111400001301.71  
20150514000009000440000000009521341000000111700013534.00  
20150514000009000440000000009521341000000113110001562.06  
20150514000009000440000000009521341000000113120000267.11  
20150514000009000440000000009521341000000113131000468.62  
20150514000009000440000000009521341000000113200000312.41  
20150514000009000280000000030994141100000111220000546.48  
20150514000009000280000000030994141100000111310002926.00  
20150514000009000280000000030994141100000111400001508.54  
20150514000009000280000000030994141100000111700014630.00  
20150514000009000280000000030994141100000113110001810.25  
20150514000009000280000000030994141100000113120000309.55  
20150514000009000280000000030994141100000113131000543.07  
20150514000009000280000000030994141100000113200000362.05  
20150514000009002190000000008109860900000111220001291.68  
20150514000009002190000000008109860900000111400001326.81  
20150514000009002190000000008109860900000111700014630.00  
20150514000009002190000000008109860900000113110001592.17  
20150514000009002190000000008109860900000113120000272.26  
20150514000009002190000000008109860900000113131000477.65  
20150514000009002190000000008109860900000113200000318.43  
20150514000009001150000000043297891100000111220001689.12  
20150514000009001150000000043297891100000111310001147.20  
20150514000009001150000000043297891100000111400000900.38  
20150514000009001150000000043297891100000111700005736.00  
20150514000009001150000000043297891100000111910002232.26  
20150514000009001150000000043297891100000113110001080.46  
20150514000009001150000000043297891100000113120000184.76  
20150514000009001150000000043297891100000113131000324.14  
20150514000009001150000000043297891100000113200000216.09  
20150514000009002180000000024064850900000111220000546.48  
20150514000009002180000000024064850900000111400001264.71  
20150514000009002180000000024064850900000111700014630.00  
20150514000009002180000000024064850900000113110001517.65  
20150514000009002180000000024064850900000113120000259.52  
20150514000009002180000000024064850900000113131000455.29  
20150514000009002180000000024064850900000113200000303.53  
20150514000009002250000000033144560900000111220000546.48  
20150514000009002250000000033144560900000111400000958.54  
20150514000009002250000000033144560900000111700010956.00  
20150514000009002250000000033144560900000113110001150.25  
20150514000009002250000000033144560900000113120000196.69  
20150514000009002250000000033144560900000113131000345.07  
20150514000009002250000000033144560900000113200000230.05  
20150514000009002350000000036231231100000111220002086.56  
20150514000009002350000000036231231100000111400001618.63  
20150514000009002350000000036231231100000111700017337.00  
20150514000009002350000000036231231100000113110001942.36  
20150514000009002350000000036231231100000113120000332.14  
20150514000009002350000000036231231100000113131000582.71  
20150514000009002350000000036231231100000113200000388.47  
20150514000009001220000000017642751100000111220000546.48  
20150514000009001220000000017642751100000111310001005.40  
20150514000009001220000000017642751100000111400000630.19  
20150514000009001220000000017642751100000111700005027.00  
20150514000009001220000000017642751100000111910000983.41  
20150514000009001220000000017642751100000113110000756.23  
20150514000009001220000000017642751100000113120000129.32  
20150514000009001220000000017642751100000113131000226.87  
20150514000009001220000000017642751100000113200000151.25  
20150514000009000290000000037708311100000111220001291.68  
20150514000009000290000000037708311100000111310002926.00  
20150514000009000290000000037708311100000111400001570.64  
20150514000009000290000000037708311100000111700014630.00  
20150514000009000290000000037708311100000113110001884.77  
20150514000009000290000000037708311100000113120000322.30  
20150514000009000290000000037708311100000113131000565.43  
20150514000009000290000000037708311100000113200000376.95  
20150514000009000560000000051699641000000111220000248.40  
20150514000009000560000000051699641000000111400000933.70  
20150514000009000560000000051699641000000111700010956.00  
20150514000009000560000000051699641000000113110001120.44  
20150514000009000560000000051699641000000113120000191.60  
20150514000009000560000000051699641000000113131000336.13  
20150514000009000560000000051699641000000113200000224.09  
20150514000009002110000000044147960900000111220000248.40  
20150514000009002110000000044147960900000111400002026.95  
20150514000009002110000000044147960900000111700024075.00  
20150514000009002110000000044147960900000113110002432.34  
20150514000009002110000000044147960900000113120000415.93  
20150514000009002110000000044147960900000113131000729.70  
20150514000009002110000000044147960900000113200000486.47  
20150514000009001160000000035049721100000111220001689.12  
20150514000009001160000000035049721100000111310001147.20  
20150514000009001160000000035049721100000111400000750.21  
20150514000009001160000000035049721100000111700005736.00  
20150514000009001160000000035049721100000111910000430.20  
20150514000009001160000000035049721100000113110000900.25  
20150514000009001160000000035049721100000113120000153.94  
20150514000009001160000000035049721100000113131000270.08  
20150514000009001160000000035049721100000113200000180.05  
20150514000009000650000000044144611100000111220000546.48  
20150514000009000650000000044144611100000111310001959.20  
20150514000009000650000000044144611100000111400001025.14  
20150514000009000650000000044144611100000111700009796.00  
20150514000009000650000000044144611100000113110001230.17  
20150514000009000650000000044144611100000113120000210.36  
20150514000009000650000000044144611100000113131000369.05  
20150514000009000650000000044144611100000113200000246.03  
20150514000009000570000000030128040900000111220000248.40  
20150514000009000570000000030128040900000111400000933.70  
20150514000009000570000000030128040900000111700010956.00  
20150514000009000570000000030128040900000113110001120.44  
20150514000009000570000000030128040900000113120000191.60  
20150514000009000570000000030128040900000113131000336.13  
20150514000009000570000000030128040900000113200000224.09  
20150514000009001170000000037549901100000111220001689.12  
20150514000009001170000000037549901100000111310001147.20  
20150514000009001170000000037549901100000111400000852.08  
20150514000009001170000000037549901100000111700005736.00  
20150514000009001170000000037549901100000111910001652.69  
20150514000009001170000000037549901100000113110001022.50  
20150514000009001170000000037549901100000113120000174.85  
20150514000009001170000000037549901100000113131000306.75  
20150514000009001170000000037549901100000113200000204.50  
20150514000009000740000000052918901100000111220000248.40  
20150514000009000740000000052918901100000111310001701.40  
20150514000009000740000000052918901100000111400000871.40  
20150514000009000740000000052918901100000111700008507.00  
20150514000009000740000000052918901100000113110001045.68  
20150514000009000740000000052918901100000113120000178.81  
20150514000009000740000000052918901100000113131000313.70  
20150514000009000740000000052918901100000113200000209.14  
20150514000009002300000000037570880900000111220000894.24  
20150514000009002300000000037570880900000111400001202.35  
20150514000009002300000000037570880900000111700013534.00  
20150514000009002300000000037570880900000113110001442.82  
20150514000009002300000000037570880900000113120000246.72  
20150514000009002300000000037570880900000113131000432.85  
20150514000009002300000000037570880900000113200000288.56  
20150514000009000750000000040131221000000111220000248.40  
20150514000009000750000000040131221000000111400000729.62  
20150514000009000750000000040131221000000111700008507.00  
20150514000009000750000000040131221000000113110000875.54  
20150514000009000750000000040131221000000113120000149.72  
20150514000009000750000000040131221000000113131000262.66  
20150514000009000750000000040131221000000113200000175.11  
20150514000009002340000000040761511100000111220000248.40  
20150514000009002340000000040761511100000111400000600.70  
20150514000009002340000000040761511100000111700006960.00  
20150514000009002340000000040761511100000113110000720.84  
20150514000009002340000000040761511100000113120000123.26  
20150514000009002340000000040761511100000113131000216.25  
20150514000009002340000000040761511100000113200000144.17  
20150514000009001230000000034170501100000111220000546.48  
20150514000009001230000000034170501100000111310001005.40  
20150514000009001230000000034170501100000111400000683.17  
20150514000009001230000000034170501100000111700005027.00  
20150514000009001230000000034170501100000111910001619.12  
20150514000009001230000000034170501100000113110000819.80  
20150514000009001230000000034170501100000113120000140.19  
20150514000009001230000000034170501100000113131000245.94  
20150514000009001230000000034170501100000113200000163.96  
20150514000009000470000000035904831000000111220000546.48  
20150514000009000470000000035904831000000111400001173.37  
20150514000009000470000000035904831000000111700013534.00  
20150514000009000470000000035904831000000113110001408.05  
20150514000009000470000000035904831000000113120000240.78  
20150514000009000470000000035904831000000113131000422.41  
20150514000009000470000000035904831000000113200000281.61  
20150514000009000580000000044506571000000111220000248.40  
20150514000009000580000000044506571000000111400000933.70  
20150514000009000580000000044506571000000111700010956.00  
20150514000009000580000000044506571000000113110001120.44  
20150514000009000580000000044506571000000113120000191.60  
20150514000009000580000000044506571000000113131000336.13  
20150514000009000580000000044506571000000113200000224.09  
20150514000009001380000000036936201000000111220001291.68  
20150514000009001380000000036936201000000111310000850.60  
20150514000009001380000000036936201000000111400000532.94  
20150514000009001380000000036936201000000111700004253.00  
20150514000009001380000000036936201000000113110000639.53  
20150514000009001380000000036936201000000113120000109.36  
20150514000009001380000000036936201000000113131000191.86  
20150514000009001380000000036936201000000113200000127.91  
20150514000009001010000000013705021100000111220002086.56  
20150514000009001010000000013705021100000111310001263.20  
20150514000009001010000000013705021100000111400000861.95  
20150514000009001010000000013705021100000111700006316.00  
20150514000009001010000000013705021100000111910000677.66  
20150514000009001010000000013705021100000113110001034.34  
20150514000009001010000000013705021100000113120000176.87  
20150514000009001010000000013705021100000113131000310.30  
20150514000009001010000000013705021100000113200000206.87  
20150514000009001020000000026926041100000111220001291.68  
20150514000009001020000000026926041100000111310001263.20  
20150514000009001020000000026926041100000111400000781.35  
20150514000009001020000000026926041100000111700006316.00  
20150514000009001020000000026926041100000111910000505.28  
20150514000009001020000000026926041100000113110000937.62  
20150514000009001020000000026926041100000113120000160.33  
20150514000009001020000000026926041100000113131000281.28  
20150514000009001020000000026926041100000113200000187.52  
20150514000009000920000000029143441100000111220002086.56  
20150514000009000920000000029143441100000111310001392.00  
20150514000009000920000000029143441100000111400000904.68  
20150514000009000920000000029143441100000111700006960.00  
20150514000009000920000000029143441100000111910000417.60  
20150514000009000920000000029143441100000113110001085.62  
20150514000009000920000000029143441100000113120000185.64  
20150514000009000920000000029143441100000113131000325.68  
20150514000009000920000000029143441100000113200000217.12  
20150514000009002130000000052135240900000111220000248.40  
20150514000009002130000000052135240900000111400001465.45  
20150514000009002130000000052135240900000111700017337.00  
20150514000009002130000000052135240900000113110001758.54  
20150514000009002130000000052135240900000113120000300.71  
20150514000009002130000000052135240900000113131000527.56  
20150514000009002130000000052135240900000113200000351.71  
20150514000009001030000000009599340900000111220002484.00  
20150514000009001030000000009599340900000111400000733.33  
20150514000009001030000000009599340900000111700006316.00  
20150514000009001030000000009599340900000113110000880.00  
20150514000009001030000000009599340900000113120000150.48  
20150514000009001030000000009599340900000113131000264.00  
20150514000009001030000000009599340900000113200000176.00  
20150514000009001240000000037862621100000111220001291.68  
20150514000009001240000000037862621100000111310001005.40  
20150514000009001240000000037862621100000111400000629.19  
20150514000009001240000000037862621100000111700005027.00  
20150514000009001240000000037862621100000111910000226.22  
20150514000009001240000000037862621100000113110000755.03  
20150514000009001240000000037862621100000113120000129.11  
20150514000009001240000000037862621100000113131000226.51  
20150514000009001240000000037862621100000113200000151.01  
20150514000009000090000000028683471000000111220000894.24  
20150514000009000090000000028683471000000111400001519.27  
20150514000009000090000000028683471000000111700017337.00  
20150514000009000090000000028683471000000113110001823.12  
20150514000009000090000000028683471000000113120000311.75  
20150514000009000090000000028683471000000113131000546.94  
20150514000009000090000000028683471000000113200000364.62  
20150514000009000100000000031374600900000111220001689.12  
20150514000009000100000000031374600900000111400001585.51  
20150514000009000100000000031374600900000111700017337.00  
20150514000009000100000000031374600900000113110001902.61  
20150514000009000100000000031374600900000113120000325.35  
20150514000009000100000000031374600900000113131000570.78  
20150514000009000100000000031374600900000113200000380.52  
20150514000009000810000000064080310900000111220000248.40  
20150514000009000810000000064080310900000111400000728.37  
20150514000009000810000000064080310900000111600001440.00  
20150514000009000810000000064080310900000111700007863.00  
20150514000009000810000000064080310900000111910000629.04  
20150514000009000810000000064080310900000113110000874.04  
20150514000009000810000000064080310900000113120000149.46  
20150514000009000810000000064080310900000113131000262.21  
20150514000009000810000000064080310900000113200000174.81  
20150514000009000760000000064666681100000111220000248.40  
20150514000009000760000000064666681100000111310001701.40  
20150514000009000760000000064666681100000111400000871.40  
20150514000009000760000000064666681100000111700008507.00  
20150514000009000760000000064666681100000113110001045.68  
20150514000009000760000000064666681100000113120000178.81  
20150514000009000760000000064666681100000113131000313.70  
20150514000009000760000000064666681100000113200000209.14  
20150514000009000110000000030253460900000111400001444.75  
20150514000009000110000000030253460900000111700017337.00  
20150514000009000110000000030253460900000113110001733.70  
20150514000009000110000000030253460900000113120000296.46  
20150514000009000110000000030253460900000113131000520.11  
20150514000009000110000000030253460900000113200000346.74  
20150514000009000930000000030781101100000111220001689.12  
20150514000009000930000000030781101100000111310001392.00  
20150514000009000930000000030781101100000111400000871.56  
20150514000009000930000000030781101100000111700006960.00  
20150514000009000930000000030781101100000111910000417.60  
20150514000009000930000000030781101100000113110001045.87  
20150514000009000930000000030781101100000113120000178.84  
20150514000009000930000000030781101100000113131000313.76  
20150514000009000930000000030781101100000113200000209.17  
20150514000009001250000000088545261100000111220000248.40  
20150514000009001250000000088545261100000111310001005.40  
20150514000009001250000000088545261100000111400000709.99  
20150514000009001250000000088545261100000111600001440.00  
20150514000009001250000000088545261100000111700005027.00  
20150514000009001250000000088545261100000111910002239.11  
20150514000009001250000000088545261100000113110000851.99  
20150514000009001250000000088545261100000113120000145.69  
20150514000009001250000000088545261100000113131000255.60  
20150514000009001250000000088545261100000113200000170.40  
20150514000009002270000000009363050900000111220001689.12  
20150514000009002270000000009363050900000111400001177.26  
20150514000009002270000000009363050900000111700012438.00  
20150514000009002270000000009363050900000113110001412.71  
20150514000009002270000000009363050900000113120000241.57  
20150514000009002270000000009363050900000113131000423.81  
20150514000009002270000000009363050900000113200000282.54  
20150514000009001260000000051518861100000111220000546.48  
20150514000009001260000000051518861100000111310001005.40  
20150514000009001260000000051518861100000111400000570.93  
20150514000009001260000000051518861100000111700005027.00  
20150514000009001260000000051518861100000111910000272.30  
20150514000009001260000000051518861100000113110000685.12  
20150514000009001260000000051518861100000113120000117.16  
20150514000009001260000000051518861100000113131000205.54  
20150514000009001260000000051518861100000113200000137.02  
20150514000009000820000000028997750900000111220000248.40  
20150514000009000820000000028997750900000111400000675.95  
20150514000009000820000000028997750900000111700007863.00  
20150514000009000820000000028997750900000113110000811.14  
20150514000009000820000000028997750900000113120000138.70  
20150514000009000820000000028997750900000113131000243.34  
20150514000009000820000000028997750900000113200000162.23  
20150514000009002330000000036220651200000111220001689.12  
20150514000009002330000000036220651200000111400001359.93  
20150514000009002330000000036220651200000111700014630.00  
20150514000009002330000000036220651200000113110001631.91  
20150514000009002330000000036220651200000113120000279.06  
20150514000009002330000000036220651200000113131000489.57  
20150514000009002330000000036220651200000113200000326.38  
20150514000009000660000000051617001100000111220000248.40  
20150514000009000660000000051617001100000111310001959.20  
20150514000009000660000000051617001100000111400001000.30  
20150514000009000660000000051617001100000111700009796.00  
20150514000009000660000000051617001100000113110001200.36  
20150514000009000660000000051617001100000113120000205.26  
20150514000009000660000000051617001100000113131000360.11  
20150514000009000660000000051617001100000113200000240.07  
20150514000009001270000000045380110900000111220000248.40  
20150514000009001270000000045380110900000111400000439.62  
20150514000009001270000000045380110900000111700005027.00  
20150514000009001270000000045380110900000113110000527.54  
20150514000009001270000000045380110900000113120000090.21  
20150514000009001270000000045380110900000113131000158.26  
20150514000009001270000000045380110900000113200000105.51  
20150514000009002260000000019306230900000111220000248.40  
20150514000009002260000000019306230900000111400001057.20  
20150514000009002260000000019306230900000111700012438.00  
20150514000009002260000000019306230900000113110001268.64  
20150514000009002260000000019306230900000113120000216.94  
20150514000009002260000000019306230900000113131000380.59  
20150514000009002260000000019306230900000113200000253.73  
20150514000009000950000000064310240900000111220000248.40  
20150514000009000950000000064310240900000111400000600.70  
20150514000009000950000000064310240900000111700006960.00  
20150514000009000950000000064310240900000113110000720.84  
20150514000009000950000000064310240900000113120000123.26  
20150514000009000950000000064310240900000113131000216.25  
20150514000009000950000000064310240900000113200000144.17  
20150514000009001040000000017606861100000111220001291.68  
20150514000009001040000000017606861100000111310001263.20  
20150514000009001040000000017606861100000111400000739.24  
20150514000009001040000000017606861100000111700006316.00  
20150514000009001040000000017606861100000113110000887.09  
20150514000009001040000000017606861100000113120000151.69  
20150514000009001040000000017606861100000113131000266.13  
20150514000009001040000000017606861100000113200000177.42  
20150514000009001180000000034820631100000111220001689.12  
20150514000009001180000000034820631100000111310001147.20  
20150514000009001180000000034820631100000111400000852.58  
20150514000009001180000000034820631100000111700005736.00  
20150514000009001180000000034820631100000111910001658.66  
20150514000009001180000000034820631100000113110001023.10  
20150514000009001180000000034820631100000113120000174.95  
20150514000009001180000000034820631100000113131000306.93  
20150514000009001180000000034820631100000113200000204.62  
20150514000009000670000000045398890900000111220000248.40  
20150514000009000670000000045398890900000111400000837.03  
20150514000009000670000000045398890900000111700009796.00  
20150514000009000670000000045398890900000113110001004.44  
20150514000009000670000000045398890900000113120000171.76  
20150514000009000670000000045398890900000113131000301.33  
20150514000009000670000000045398890900000113200000200.89  
20150514000009001190000000048000591100000111220000894.24  
20150514000009001190000000048000591100000111310001147.20  
20150514000009001190000000048000591100000111400000648.12  
20150514000009001190000000048000591100000111700005736.00  
20150514000009001190000000048000591100000113110000777.74  
20150514000009001190000000048000591100000113120000132.99  
20150514000009001190000000048000591100000113131000233.32  
20150514000009001190000000048000591100000113200000155.55  
20150514000009000960000000030993041100000111220000248.40  
20150514000009000960000000030993041100000111310001392.00  
20150514000009000960000000030993041100000111400000716.70  
20150514000009000960000000030993041100000111700006960.00  
20150514000009000960000000030993041100000113110000860.04  
20150514000009000960000000030993041100000113120000147.07  
20150514000009000960000000030993041100000113131000258.01  
20150514000009000960000000030993041100000113200000172.01  
20150514000009001050000000008031310900000111220002484.00  
20150514000009001050000000008031310900000111400000733.33  
20150514000009001050000000008031310900000111700006316.00  
20150514000009001050000000008031310900000113110000880.00  
20150514000009001050000000008031310900000113131000264.00  
20150514000009001050000000008031310900000113200000176.00  
20150514000009002090000000049012270900000111220000248.40  
20150514000009002090000000049012270900000111400002026.95  
20150514000009002090000000049012270900000111700024075.00  
20150514000009002090000000049012270900000113110002432.34  
20150514000009002090000000049012270900000113120000415.93  
20150514000009002090000000049012270900000113131000729.70  
20150514000009002090000000049012270900000113200000486.47  
20150514000009000680000000048841640900000111220000248.40  
20150514000009000680000000048841640900000111400000837.03  
20150514000009000680000000048841640900000111700009796.00  
20150514000009000680000000048841640900000113110001004.44  
20150514000009000680000000048841640900000113120000171.76  
20150514000009000680000000048841640900000113131000301.33  
20150514000009000680000000048841640900000113200000200.89  
20150514000009000840000000028792790900000111220001689.12  
20150514000009000840000000028792790900000111400000796.01  
20150514000009000840000000028792790900000111700007863.00  
20150514000009000840000000028792790900000113110000955.21  
20150514000009000840000000028792790900000113120000163.34  
20150514000009000840000000028792790900000113131000286.56  
20150514000009000840000000028792790900000113200000191.04  
20150514000009000850000000064730211000000111220000248.40  
20150514000009000850000000064730211000000111400000675.95  
20150514000009000850000000064730211000000111700007863.00  
20150514000009000850000000064730211000000113110000811.14  
20150514000009000850000000064730211000000113120000138.70  
20150514000009000850000000064730211000000113131000243.34  
20150514000009000850000000064730211000000113200000162.23  
20150514000009001390000000048977811100000111220000248.40  
20150514000009001390000000048977811100000111310000850.60  
20150514000009001390000000048977811100000111400000601.13  
20150514000009001390000000048977811100000111700004253.00  
20150514000009001390000000048977811100000111910001861.58  
20150514000009001390000000048977811100000113110000721.36  
20150514000009001390000000048977811100000113120000123.35  
20150514000009001390000000048977811100000113131000216.41  
20150514000009001390000000048977811100000113200000144.27  
20150514000009000320000000037688620900000111220000546.48  
20150514000009000320000000037688620900000111400001264.71  
20150514000009000320000000037688620900000111700014630.00  
20150514000009000320000000037688620900000113110001517.65  
20150514000009000320000000037688620900000113120000259.52  
20150514000009000320000000037688620900000113131000455.29  
20150514000009000320000000037688620900000113200000303.53  
20150514000009001060000000020457010900000111220002484.00  
20150514000009001060000000020457010900000111400000733.33  
20150514000009001060000000020457010900000111700006316.00  
20150514000009001060000000020457010900000113110000880.00  
20150514000009001060000000020457010900000113120000150.48  
20150514000009001060000000020457010900000113131000264.00  
20150514000009001060000000020457010900000113200000176.00  
20150514000009001460000000037345451000000111220000248.40  
20150514000009001460000000037345451000000111400001465.45  
20150514000009001460000000037345451000000111700017337.00  
20150514000009001460000000037345451000000113110001758.54  
20150514000009001460000000037345451000000113120000300.71  
20150514000009001460000000037345451000000113131000527.56  
20150514000009001460000000037345451000000113200000351.71  
20150514000009000340000000052702481200000111220000248.40  
20150514000009000340000000052702481200000111400001239.87  
20150514000009000340000000052702481200000111700014630.00  
20150514000009000340000000052702481200000113110001487.84  
20150514000009000340000000052702481200000113120000254.42  
20150514000009000340000000052702481200000113131000446.35  
20150514000009000340000000052702481200000113200000297.57  
20150514000009001400000000048869720900000111220000248.40  
20150514000009001400000000048869720900000111400000375.12  
20150514000009001400000000048869720900000111600001440.00  
20150514000009001400000000048869720900000111700004253.00  
20150514000009001400000000048869720900000113110000450.14  
20150514000009001400000000048869720900000113120000076.97  
20150514000009001400000000048869720900000113131000135.04  
20150514000009001400000000048869720900000113200000090.03  
20150514000009002240000000044334130900000111220000248.40  
20150514000009002240000000044334130900000111400001465.45  
20150514000009002240000000044334130900000111700017337.00  
20150514000009002240000000044334130900000113110001758.54  
20150514000009002240000000044334130900000113120000300.71  
20150514000009002240000000044334130900000113131000527.56  
20150514000009002240000000044334130900000113200000351.71  
20150514000009001070000000038318380900000111220001291.68  
20150514000009001070000000038318380900000111400000633.97  
20150514000009001070000000038318380900000111700006316.00  
20150514000009001070000000038318380900000113110000760.77  
20150514000009001070000000038318380900000113120000130.09  
20150514000009001070000000038318380900000113131000228.23  
20150514000009001070000000038318380900000113200000152.15  
20150514000009002050000000018938121100000111400003210.00  
20150514000009002050000000018938121100000111700038520.00  
20150514000009002050000000018938121100000113110003852.00  
20150514000009002050000000018938121100000113120000658.69  
20150514000009002050000000018938121100000113131001155.60  
20150514000009002050000000018938121100000113200000770.40  
20150514000009001080000000008552790900000111220002484.00  
20150514000009001080000000008552790900000111400000733.33  
20150514000009001080000000008552790900000111700006316.00  
20150514000009001080000000008552790900000113110000880.00  
20150514000009001080000000008552790900000113120000150.48  
20150514000009001080000000008552790900000113131000264.00  
20150514000009001080000000008552790900000113200000176.00  
20150514000009000690000000034593161200000111220000248.40  
20150514000009000690000000034593161200000111400000837.03  
20150514000009000690000000034593161200000111700009796.00  
20150514000009000690000000034593161200000113110001004.44  
20150514000009000690000000034593161200000113120000171.76  
20150514000009000690000000034593161200000113131000301.33  
20150514000009000690000000034593161200000113200000200.89  
20150514000009001280000000060963391100000111220000248.40  
20150514000009001280000000060963391100000111310001005.40  
20150514000009001280000000060963391100000111400000585.28  
20150514000009001280000000060963391100000111700005027.00  
20150514000009001280000000060963391100000111910000742.53  
20150514000009001280000000060963391100000113110000702.33  
20150514000009001280000000060963391100000113120000120.10  
20150514000009001280000000060963391100000113131000210.70  
20150514000009001280000000060963391100000113200000140.47  
20150514000009000040000000030238800900000111400000902.27  
20150514000009000040000000030238800900000112100010827.20  
20150514000009000040000000030238800900000113110001082.72  
20150514000009000040000000030238800900000113120000185.15  
20150514000009000040000000030238800900000113131000324.82  
20150514000009000040000000030238800900000113200000216.54  
20150514000009000700000000037290380900000111220001689.12  
20150514000009000700000000037290380900000111400000957.09  
20150514000009000700000000037290380900000111700009796.00  
20150514000009000700000000037290380900000113110001148.51  
20150514000009000700000000037290380900000113120000196.40  
20150514000009000700000000037290380900000113131000344.55  
20150514000009000700000000037290380900000113200000229.70  
20150514000009000710000000037205221100000111220001689.12  
20150514000009000710000000037205221100000111310001959.20  
20150514000009000710000000037205221100000111400001120.36  
20150514000009000710000000037205221100000111700009796.00  
20150514000009000710000000037205221100000113110001344.43  
20150514000009000710000000037205221100000113120000229.90  
20150514000009000710000000037205221100000113131000403.33  
20150514000009000710000000037205221100000113200000268.89  
20150514000009001290000000051794601100000111220000546.48  
20150514000009001290000000051794601100000111310001005.40  
20150514000009001290000000051794601100000111400000640.31  
20150514000009001290000000051794601100000111600001440.00  
20150514000009001290000000051794601100000111700005027.00  
20150514000009001290000000051794601100000111910001104.89  
20150514000009001290000000051794601100000113110000768.38  
20150514000009001290000000051794601100000113120000131.39  
20150514000009001290000000051794601100000113131000230.51  
20150514000009001290000000051794601100000113200000153.68  
20150514000009001300000000044107891100000111220001291.68  
20150514000009001300000000044107891100000111310001005.40  
20150514000009001300000000044107891100000111400000725.72  
20150514000009001300000000044107891100000111700005027.00  
20150514000009001300000000044107891100000111910001384.52  
20150514000009001300000000044107891100000113110000870.86  
20150514000009001300000000044107891100000113120000148.92  
20150514000009001300000000044107891100000113131000261.26  
20150514000009001300000000044107891100000113200000174.17  
20150514000009000480000000036173220900000111220000248.40  
20150514000009000480000000036173220900000111400001148.53  
20150514000009000480000000036173220900000111700013534.00  
20150514000009000480000000036173220900000113110001378.24  
20150514000009000480000000036173220900000113120000235.68  
20150514000009000480000000036173220900000113131000413.47  
20150514000009000480000000036173220900000113200000275.65  
20150514000009002060000000030255050900000111220000894.24  
20150514000009002060000000030255050900000111400003284.52  
20150514000009002060000000030255050900000111700038520.00  
20150514000009002060000000030255050900000113110003941.42  
20150514000009002060000000030255050900000113120000673.98  
20150514000009002060000000030255050900000113131001182.43  
20150514000009002060000000030255050900000113200000788.28  
20150514000009001090000000037827311100000111220002086.56  
20150514000009001090000000037827311100000111310001263.20  
20150514000009001090000000037827311100000111400000961.85  
20150514000009001090000000037827311100000111700006316.00  
20150514000009001090000000037827311100000111910001876.38  
20150514000009001090000000037827311100000113110001154.21  
20150514000009001090000000037827311100000113120000197.37  
20150514000009001090000000037827311100000113131000346.26  
20150514000009001090000000037827311100000113200000230.84  
20150514000009000780000000052419841100000111220000248.40  
20150514000009000780000000052419841100000111400000733.16  
20150514000009000780000000052419841100000111700008507.00  
20150514000009000780000000052419841100000111910000042.54  
20150514000009000780000000052419841100000113110000879.79  
20150514000009000780000000052419841100000113120000150.44  
20150514000009000780000000052419841100000113131000263.94  
20150514000009000780000000052419841100000113200000175.96  
20150514000009002010000000029910070900000111400001604.08  
20150514000009002010000000029910070900000111700019249.00  
20150514000009002010000000029910070900000113110001924.90  
20150514000009002010000000029910070900000113120000329.16  
20150514000009002010000000029910070900000113131000577.47  
20150514000009002010000000029910070900000113200000384.98  
20150514000009002030000000010690890900000111400003210.00  
20150514000009002030000000010690890900000111700038520.00  
20150514000009002030000000010690890900000113110003852.00  
20150514000009002030000000010690890900000113120000658.69  
20150514000009002030000000010690890900000113131001155.60  
20150514000009002030000000010690890900000113200000770.40  
20150514000009000130000000031378190900000111220001689.12  
20150514000009000130000000031378190900000111400001585.51  
20150514000009000130000000031378190900000111700017337.00  
20150514000009000130000000031378190900000113110001902.61  
20150514000009000130000000031378190900000113120000325.35  
20150514000009000130000000031378190900000113131000570.78  
20150514000009000130000000031378190900000113200000380.52  
20150514000009000790000000052259660900000111220000248.40  
20150514000009000790000000052259660900000111400000729.62  
20150514000009000790000000052259660900000111700008507.00  
20150514000009000790000000052259660900000113110000875.54  
20150514000009000790000000052259660900000113120000149.72  
20150514000009000790000000052259660900000113131000262.66  
20150514000009000790000000052259660900000113200000175.11  
20150514000009000860000000044618940900000111220000546.48  
20150514000009000860000000044618940900000111400000700.79  
20150514000009000860000000044618940900000111700007863.00  
20150514000009000860000000044618940900000113110000840.95  
20150514000009000860000000044618940900000113120000143.80  
20150514000009000860000000044618940900000113131000252.28  
20150514000009000860000000044618940900000113200000168.19  
20150514000009001410000000048709620900000111220000248.40  
20150514000009001410000000048709620900000111400000375.12  
20150514000009001410000000048709620900000111700004253.00  
20150514000009001410000000048709620900000113110000450.14  
20150514000009001410000000048709620900000113120000076.97  
20150514000009001410000000048709620900000113131000135.04  
20150514000009001410000000048709620900000113200000090.03  
20150514000009002280000000051932150900000111220000248.40  
20150514000009002280000000051932150900000111400000933.70  
20150514000009002280000000051932150900000111700010956.00  
20150514000009002280000000051932150900000113110001120.44  
20150514000009002280000000051932150900000113120000191.60  
20150514000009002280000000051932150900000113131000336.13  
20150514000009002280000000051932150900000113200000224.09  
20150514000009000190000000005681381200000111220002484.00  
20150514000009000190000000005681381200000111400001549.67  
20150514000009000190000000005681381200000111700016112.00  
20150514000009000190000000005681381200000113110001859.60  
20150514000009000190000000005681381200000113131000557.88  
20150514000009000190000000005681381200000113200000371.92  
20150514000009000600000000044208960900000111220000248.40  
20150514000009000600000000044208960900000111400000933.70  
20150514000009000600000000044208960900000111700010956.00  
20150514000009000600000000044208960900000113110001120.44  
20150514000009000600000000044208960900000113120000191.60  
20150514000009000600000000044208960900000113131000336.13  
20150514000009000600000000044208960900000113200000224.09  
20150514000009000610000000035181171000000111220000546.48  
20150514000009000610000000035181171000000111400000958.54  
20150514000009000610000000035181171000000111700010956.00  
20150514000009000610000000035181171000000113110001150.25  
20150514000009000610000000035181171000000113120000196.69  
20150514000009000610000000035181171000000113131000345.07  
20150514000009000610000000035181171000000113200000230.05  
20150514000009001420000000030640161000000111220001291.68  
20150514000009001420000000030640161000000111310000850.60  
20150514000009001420000000030640161000000111400000532.94  
20150514000009001420000000030640161000000111700004253.00  
20150514000009001420000000030640161000000113110000639.53  
20150514000009001420000000030640161000000113120000109.36  
20150514000009001420000000030640161000000113131000191.86  
20150514000009001420000000030640161000000113200000127.91  
20150514000009002290000000045021820900000111220000248.40  
20150514000009002290000000045021820900000111400000600.70  
20150514000009002290000000045021820900000111700006960.00  
20150514000009002290000000045021820900000113110000720.84  
20150514000009002290000000045021820900000113120000123.26  
20150514000009002290000000045021820900000113131000216.25  
20150514000009002290000000045021820900000113200000144.17  
20150514000009002220000000028625750900000111400002006.25  
20150514000009002220000000028625750900000111700024075.00  
20150514000009002220000000028625750900000113110002407.50  
20150514000009002220000000028625750900000113120000411.68  
20150514000009002220000000028625750900000113131000722.25  
20150514000009002220000000028625750900000113200000481.50  
20150514000009000980000000040225151100000111220000546.48  
20150514000009000980000000040225151100000111310001392.00  
20150514000009000980000000040225151100000111400000741.54  
20150514000009000980000000040225151100000111700006960.00  
20150514000009000980000000040225151100000113110000889.85  
20150514000009000980000000040225151100000113120000152.16  
20150514000009000980000000040225151100000113131000266.95  
20150514000009000980000000040225151100000113200000177.97  
20150514000009001320000000044154021100000111220000546.48  
20150514000009001320000000044154021100000111310001005.40  
20150514000009001320000000044154021100000111400000723.05  
20150514000009001320000000044154021100000111700005027.00  
20150514000009001320000000044154021100000111910002097.73  
20150514000009001320000000044154021100000113110000867.66  
20150514000009001320000000044154021100000113120000148.37  
20150514000009001320000000044154021100000113131000260.30  
20150514000009001320000000044154021100000113200000173.53  
20150514000009002210000000029008541100000111400002006.25  
20150514000009002210000000029008541100000111700024075.00  
20150514000009002210000000029008541100000113110002407.50  
20150514000009002210000000029008541100000113120000411.68  
20150514000009002210000000029008541100000113131000722.25  
20150514000009002210000000029008541100000113200000481.50  
20150514000009001330000000042002231100000111220000248.40  
20150514000009001330000000042002231100000111310001005.40  
20150514000009001330000000042002231100000111400000609.45  
20150514000009001330000000042002231100000111700005027.00  
20150514000009001330000000042002231100000111910001032.63  
20150514000009001330000000042002231100000113110000731.34  
20150514000009001330000000042002231100000113120000125.06  
20150514000009001330000000042002231100000113131000219.40  
20150514000009001330000000042002231100000113200000146.27  
20150514000009002070000000051989401000000111220000546.48  
20150514000009002070000000051989401000000111400002051.79  
20150514000009002070000000051989401000000111700024075.00  
20150514000009002070000000051989401000000113110002462.15  
20150514000009002070000000051989401000000113120000421.03  
20150514000009002070000000051989401000000113131000738.64  
20150514000009002070000000051989401000000113200000492.43  
20150514000009000990000000056485771100000111220000248.40  
20150514000009000990000000056485771100000111310001392.00  
20150514000009000990000000056485771100000111400000716.70  
20150514000009000990000000056485771100000111700006960.00  
20150514000009000990000000056485771100000113110000860.04  
20150514000009000990000000056485771100000113120000147.07  
20150514000009000990000000056485771100000113131000258.01  
20150514000009000990000000056485771100000113200000172.01  
20150514000009000380000000044249660900000111220000248.40  
20150514000009000380000000044249660900000111400001239.87  
20150514000009000380000000044249660900000111700014630.00  
20150514000009000380000000044249660900000113110001487.84  
20150514000009000380000000044249660900000113120000254.42  
20150514000009000380000000044249660900000113131000446.35  
20150514000009000380000000044249660900000113200000297.57  
20150514000009001340000000036055810900000111220000248.40  
20150514000009001340000000036055810900000111400000439.62  
20150514000009001340000000036055810900000111700005027.00  
20150514000009001340000000036055810900000113110000527.54  
20150514000009001340000000036055810900000113120000090.21  
20150514000009001340000000036055810900000113131000158.26  
20150514000009001340000000036055810900000113200000105.51  
20150514000009001430000000037530270900000111220001291.68  
20150514000009001430000000037530270900000111400000462.06  
20150514000009001430000000037530270900000111700004253.00  
20150514000009001430000000037530270900000113110000554.47  
20150514000009001430000000037530270900000113120000094.81  
20150514000009001430000000037530270900000113131000166.34  
20150514000009001430000000037530270900000113200000110.89  
20150514000009002100000000036212690900000111220001689.12  
20150514000009002100000000036212690900000111400002147.01  
20150514000009002100000000036212690900000111700024075.00  
20150514000009002100000000036212690900000113110002576.41  
20150514000009002100000000036212690900000113120000440.57  
20150514000009002100000000036212690900000113131000772.92  
20150514000009002100000000036212690900000113200000515.28  
20150514000009000150000000035888920900000111400001444.75  
20150514000009000150000000035888920900000111700017337.00  
20150514000009000150000000035888920900000113110001733.70  
20150514000009000150000000035888920900000113120000296.46  
20150514000009000150000000035888920900000113131000520.11  
20150514000009000150000000035888920900000113200000346.74  
20150514000009001350000000059031341100000111220000546.48  
20150514000009001350000000059031341100000111310001005.40  
20150514000009001350000000059031341100000111400000623.04  
20150514000009001350000000059031341100000111700005027.00  
20150514000009001350000000059031341100000111910000897.54  
20150514000009001350000000059031341100000113110000747.64  
20150514000009001350000000059031341100000113120000127.85  
20150514000009001350000000059031341100000113131000224.29  
20150514000009001350000000059031341100000113200000149.53  
20150514000009000620000000044678691200000111220000248.40  
20150514000009000620000000044678691200000111400000933.70  
20150514000009000620000000044678691200000111700010956.00  
20150514000009000620000000044678691200000113110001120.44  
20150514000009000620000000044678691200000113120000191.60  
20150514000009000620000000044678691200000113131000336.13  
20150514000009000620000000044678691200000113200000224.09  
20150514000009002120000000044119031000000111400002006.25  
20150514000009002120000000044119031000000111700024075.00  
20150514000009002120000000044119031000000113110002407.50  
20150514000009002120000000044119031000000113120000411.68  
20150514000009002120000000044119031000000113131000722.25  
20150514000009002120000000044119031000000113200000481.50  
20150514000009002360000000037423650900000111220000546.48  
20150514000009002360000000037423650900000111400000754.46  
20150514000009002360000000037423650900000111700008507.00  
20150514000009002360000000037423650900000113110000905.35  
20150514000009002360000000037423650900000113120000154.81  
20150514000009002360000000037423650900000113131000271.60  
20150514000009002360000000037423650900000113200000181.07  
20150514000009001100000000037206271100000111220002086.56  
20150514000009001100000000037206271100000111310001263.20  
20150514000009001100000000037206271100000111400000916.01  
20150514000009001100000000037206271100000111700006316.00  
20150514000009001100000000037206271100000111910001326.36  
20150514000009001100000000037206271100000113110001099.21  
20150514000009001100000000037206271100000113120000187.97  
20150514000009001100000000037206271100000113131000329.76  
20150514000009001100000000037206271100000113200000219.84  
20150514000009000400000000035564380900000111220000546.48  
20150514000009000400000000035564380900000111400001380.53  
20150514000009000400000000035564380900000111700014630.00  
20150514000009000400000000035564380900000111910001389.85  
20150514000009000400000000035564380900000113110001656.63  
20150514000009000400000000035564380900000113120000283.28  
20150514000009000400000000035564380900000113131000496.99  
20150514000009000400000000035564380900000113200000331.33  
20150514000009001110000000028941011100000111220001689.12  
20150514000009001110000000028941011100000111400000667.09  
20150514000009001110000000028941011100000111700006316.00  
20150514000009001110000000028941011100000113110000800.51  
20150514000009001110000000028941011100000113120000136.89  
20150514000009001110000000028941011100000113131000240.15  
20150514000009001110000000028941011100000113200000160.10  
20150514000009002320000000028750931100000111220000248.40  
20150514000009002320000000028750931100000111400001239.87  
20150514000009002320000000028750931100000111700014630.00  
20150514000009002320000000028750931100000113110001487.84  
20150514000009002320000000028750931100000113120000254.42  
20150514000009002320000000028750931100000113131000446.35  
20150514000009002320000000028750931100000113200000297.57  
20150514000009002020000000009530210900000111220000546.48  
20150514000009002020000000009530210900000111400003344.71  
20150514000009002020000000009530210900000111700039590.00  
20150514000009002020000000009530210900000113110004013.65  
20150514000009002020000000009530210900000113120000686.33  
20150514000009002020000000009530210900000113131001204.09  
20150514000009002020000000009530210900000113200000802.73  
20150514000009001120000000017140321100000111220002484.00  
20150514000009001120000000017140321100000111400000791.45  
20150514000009001120000000017140321100000111700006316.00  
20150514000009001120000000017140321100000111910000697.40  
20150514000009001120000000017140321100000113110000949.74  
20150514000009001120000000017140321100000113120000162.41  
20150514000009001120000000017140321100000113131000284.92  
20150514000009001120000000017140321100000113200000189.95  
20150514000009002170000000037787980900000111220001689.12  
20150514000009002170000000037787980900000111400001429.76  
20150514000009002170000000037787980900000111700015468.00  
20150514000009002170000000037787980900000113110001715.71  
20150514000009002170000000037787980900000113120000293.39  
20150514000009002170000000037787980900000113131000514.71  
20150514000009002170000000037787980900000113200000343.14  
20150514000009000800000000037686630900000111220000248.40  
20150514000009000800000000037686630900000111400000729.62  
20150514000009000800000000037686630900000111700008507.00  
20150514000009000800000000037686630900000113110000875.54  
20150514000009000800000000037686630900000113120000149.72  
20150514000009000800000000037686630900000113131000262.66  
20150514000009000800000000037686630900000113200000175.11  
20150514000009000200000000042889520900000111220000248.40  
20150514000009000200000000042889520900000111400001363.37  
20150514000009000200000000042889520900000111700016112.00  
20150514000009000200000000042889520900000113110001636.04  
20150514000009000200000000042889520900000113120000279.76  
20150514000009000200000000042889520900000113131000490.81  
20150514000009000200000000042889520900000113200000327.21  
20150514000009001360000000047023491100000111220000546.48  
20150514000009001360000000047023491100000111310001005.40  
20150514000009001360000000047023491100000111400000705.07  
20150514000009001360000000047023491100000111700005027.00  
20150514000009001360000000047023491100000111910001881.98  
20150514000009001360000000047023491100000113110000846.09  
20150514000009001360000000047023491100000113120000144.68  
20150514000009001360000000047023491100000113131000253.83  
20150514000009001360000000047023491100000113200000169.22  
20150514000009002040000000030176310900000111220000546.48  
20150514000009002040000000030176310900000111400003255.54  
20150514000009002040000000030176310900000111700038520.00  
20150514000009002040000000030176310900000113110003906.65  
20150514000009002040000000030176310900000113120000668.04  
20150514000009002040000000030176310900000113131001171.99  
20150514000009002040000000030176310900000113200000781.33  
20150514000009002310000000031317101100000111220002086.56  
20150514000009002310000000031317101100000111400001462.88  
20150514000009002310000000031317101100000111700015468.00  
20150514000009002310000000031317101100000113110001755.46  
20150514000009002310000000031317101100000113120000300.18  
20150514000009002310000000031317101100000113131000526.64  
20150514000009002310000000031317101100000113200000351.09  
20150514000009001130000000059166500900000111220000248.40  
20150514000009001130000000059166500900000111400000547.03  
20150514000009001130000000059166500900000111600001440.00  
20150514000009001130000000059166500900000111700006316.00  
20150514000009001130000000059166500900000113110000656.44  
20150514000009001130000000059166500900000113120000112.25  
20150514000009001130000000059166500900000113131000196.93  
20150514000009001130000000059166500900000113200000131.29  
20150514000009001370000000025513140900000111220001689.12  
20150514000009001370000000025513140900000111400000559.68  
20150514000009001370000000025513140900000111700005027.00  
20150514000009001370000000025513140900000113110000671.61  
20150514000009001370000000025513140900000113120000114.85  
20150514000009001370000000025513140900000113131000201.48  
20150514000009001370000000025513140900000113200000134.32  
20150514000009001440000000079628621100000111220000248.40  
20150514000009001440000000079628621100000111310000850.60  
20150514000009001440000000079628621100000111400000446.00  
20150514000009001440000000079628621100000111600001440.00  
20150514000009001440000000079628621100000111700004253.00  
20150514000009001440000000079628621100000113110000535.20  
20150514000009001440000000079628621100000113120000091.52  
20150514000009001440000000079628621100000113131000160.56  
20150514000009001440000000079628621100000113200000107.04  
20150514000009000260000000013206270900000111220000248.40  
20150514000009000260000000013206270900000111400001309.70  
20150514000009000260000000013206270900000111700015468.00  
20150514000009000260000000013206270900000113110001571.64  
20150514000009000260000000013206270900000113120000268.75  
20150514000009000260000000013206270900000113131000471.49  
20150514000009000260000000013206270900000113200000314.33  
20150514000009000270000000013847920900000111220000248.40  
20150514000009000270000000013847920900000111400001309.70  
20150514000009000270000000013847920900000111700015468.00  
20150514000009000270000000013847920900000113110001571.64  
20150514000009000270000000013847920900000113120000268.75  
20150514000009000270000000013847920900000113131000471.49  
20150514000009000270000000013847920900000113200000314.33  
20150514000009000430000000021398970900000111220002086.56  
20150514000009000430000000021398970900000111400001393.05  
20150514000009000430000000021398970900000111700014630.00  
20150514000009000430000000021398970900000113110001671.66  
20150514000009000430000000021398970900000113120000285.85  
20150514000009000430000000021398970900000113131000501.50  
20150514000009000430000000021398970900000113200000334.33  
20150514000009000160000000037321240900000111220001291.68  
20150514000009000160000000037321240900000111400001552.39  
20150514000009000160000000037321240900000111700017337.00  
20150514000009000160000000037321240900000113110001862.87  
20150514000009000160000000037321240900000113120000318.55  
20150514000009000160000000037321240900000113131000558.86  
20150514000009000160000000037321240900000113200000372.57  
20150514000009001000000000073493141000000111220002484.00  
20150514000009001000000000073493141000000111400000787.00  
20150514000009001000000000073493141000000111700006960.00  
20150514000009001000000000073493141000000113110000944.40  
20150514000009001000000000073493141000000113131000283.32  
20150514000009001000000000073493141000000113200000188.88  
20150514000009000630000000059353090900000111220000248.40  
20150514000009000630000000059353090900000111400000933.70  
20150514000009000630000000059353090900000111700010956.00  
20150514000009000630000000059353090900000113110001120.44  
20150514000009000630000000059353090900000113120000191.60  
20150514000009000630000000059353090900000113131000336.13  
20150514000009000630000000059353090900000113200000224.09  
20150514000009001140000000009602780900000111220001689.12  
20150514000009001140000000009602780900000111400000667.09  
20150514000009001140000000009602780900000111700006316.00  
20150514000009001140000000009602780900000113110000800.51  
20150514000009001140000000009602780900000113120000136.89  
20150514000009001140000000009602780900000113131000240.15  
20150514000009001140000000009602780900000113200000160.10  
20150514000009000640000000044674200900000111220001291.68  
20150514000009000640000000044674200900000111400001020.64  
20150514000009000640000000044674200900000111700010956.00  
20150514000009000640000000044674200900000113110001224.77  
20150514000009000640000000044674200900000113120000209.44  
20150514000009000640000000044674200900000113131000367.43  
20150514000009000640000000044674200900000113200000244.95  
TOTAL A BORRAR: 2118138.77
