20150514000009000000000000001301010000011058005697.5600000000
20150514000009000000000000002901010000011059003298.5000000000
20150514000009000000000855279301010000011067000550.0000000000
20150514000009000000004800059201010000011069000500.0000000000
20150514000009000000005179460301010000011068000350.0000000000
20150514000009000000160130029301010000011066005760.0000000000
20150514000009000000168206024901010000011065004320.0000000000
20150514000009000001006803028301010000011060206083.4700000000
20150514000009000001006803028301010000011061002677.8400000000
20150514000009000001022913028301010000011064216564.2600000000
20150514000009000001023013022301010000011057168504.2200000000
20150514000009000001028339025301010000011062119891.7100000000
20150514000009000001028339025301010000011063006298.6200000000
20150514000009000001028415020301010000000000069680.0000000000
20150514000009000001028415020301010000000000115036.8800000000
