20150514000010000530000000044701020900000111220000142.29  
20150514000010000530000000044701020900000111600002952.00  
20150514000010000530000000044701020900000111700006275.87  
20150514000010000890000000045263860900000111220000113.30  
20150514000010000890000000045263860900000111700003174.67  
20150514000010000540000000030812510900000111220001315.67  
20150514000010000540000000030812510900000111700008533.69  
20150514000010000900000000045103950900000111220000108.36  
20150514000010000900000000045103950900000111700003036.19  
20150514000010000440000000009521341000000111220001641.70  
20150514000010000440000000009521341000000111700010648.48  
20150514000010000280000000030994141100000111220000339.42  
20150514000010000280000000030994141100000111310001817.36  
20150514000010000280000000030994141100000111700009086.78  
20150514000010002190000000008109860900000111220001008.07  
20150514000010002190000000008109860900000111700011417.74  
20150514000010001150000000043297891100000111220000771.58  
20150514000010001150000000043297891100000111310000524.03  
20150514000010001150000000043297891100000111600001656.00  
20150514000010001150000000043297891100000111700002620.17  
20150514000010001150000000043297891100000111910000642.49  
20150514000010002180000000024064850900000111220000424.86  
20150514000010002180000000024064850900000111700011373.98  
20150514000010002250000000033144560900000111220000299.55  
20150514000010002250000000033144560900000111700006005.53  
20150514000010002350000000036231231100000111220001423.21  
20150514000010002350000000036231231100000111700011825.29  
20150514000010001220000000017642751100000111220000272.70  
20150514000010001220000000017642751100000111310000501.71  
20150514000010001220000000017642751100000111700002508.56  
20150514000010001220000000017642751100000111910000702.92  
20150514000010000290000000037708311100000111220000870.37  
20150514000010000290000000037708311100000111310001971.62  
20150514000010000290000000037708311100000111700009858.13  
20150514000010000560000000051699641000000111220000194.64  
20150514000010000560000000051699641000000111700008584.97  
20150514000010002110000000044147960900000111220000159.91  
20150514000010002110000000044147960900000111700016210.67  
20150514000010001160000000035049721100000111220001199.54  
20150514000010001160000000035049721100000111310000814.69  
20150514000010001160000000035049721100000111700004073.44  
20150514000010001160000000035049721100000111910000203.67  
20150514000010000650000000044144611100000111220000468.06  
20150514000010000650000000044144611100000111310001678.04  
20150514000010000650000000044144611100000111700008390.22  
20150514000010000570000000030128040900000111220000165.84  
20150514000010000570000000030128040900000111700007314.61  
20150514000010001170000000037549901100000111220000969.02  
20150514000010001170000000037549901100000111310000658.13  
20150514000010001170000000037549901100000111700003290.66  
20150514000010001170000000037549901100000111910000932.36  
20150514000010000740000000052918901100000111220000192.18  
20150514000010000740000000052918901100000111310001316.31  
20150514000010000740000000052918901100000111700006581.57  
20150514000010002300000000037570880900000111220000421.99  
20150514000010002300000000037570880900000111700006386.72  
20150514000010000750000000040131221000000111220000195.72  
20150514000010000750000000040131221000000111700006702.84  
20150514000010002340000000040761511100000111220000114.27  
20150514000010002340000000040761511100000111700003201.68  
20150514000010001230000000034170501100000111220000399.91  
20150514000010001230000000034170501100000111310000735.75  
20150514000010001230000000034170501100000111700003678.76  
20150514000010001230000000034170501100000111910001000.17  
20150514000010000470000000035904831000000111220000414.74  
20150514000010000470000000035904831000000111700010271.45  
20150514000010000580000000044506571000000111220000191.38  
20150514000010000580000000044506571000000111600000864.00  
20150514000010000580000000044506571000000111700008441.16  
20150514000010001380000000036936201000000111220000911.81  
20150514000010001380000000036936201000000111310000600.45  
20150514000010001380000000036936201000000111700003002.23  
20150514000010001010000000013705021100000111220001107.88  
20150514000010001010000000013705021100000111310000670.71  
20150514000010001010000000013705021100000111700003353.56  
20150514000010001010000000013705021100000111910000840.49  
20150514000010001020000000026926041100000111220000690.05  
20150514000010001020000000026926041100000111310000516.05  
20150514000010001020000000026926041100000111700002580.27  
20150514000010001020000000026926041100000111910000206.43  
20150514000010000920000000029143441100000111220001496.76  
20150514000010000920000000029143441100000111310000998.53  
20150514000010000920000000029143441100000111700004992.63  
20150514000010000920000000029143441100000111910000249.62  
20150514000010002130000000052135240900000111220000112.60  
20150514000010002130000000052135240900000111700007858.92  
20150514000010001030000000009599340900000111220001808.72  
20150514000010001030000000009599340900000111700004599.00  
20150514000010001240000000037862621100000111220000730.18  
20150514000010001240000000037862621100000111310000568.35  
20150514000010001240000000037862621100000111700002841.75  
20150514000010001240000000037862621100000111910000099.46  
20150514000010000090000000028683471000000111220000577.39  
20150514000010000090000000028683471000000111700011194.04  
20150514000010000100000000031374600900000111220000724.45  
20150514000010000100000000031374600900000111700007435.68  
20150514000010000810000000064080310900000111220000159.49  
20150514000010000810000000064080310900000111600001872.00  
20150514000010000810000000064080310900000111700005048.69  
20150514000010000810000000064080310900000111910000403.90  
20150514000010000760000000064666681100000111220000202.21  
20150514000010000760000000064666681100000111310001385.01  
20150514000010000760000000064666681100000111700006925.05  
20150514000010000110000000030253460900000111220000199.87  
20150514000010000110000000030253460900000111700013949.52  
20150514000010000930000000030781101100000111220000976.97  
20150514000010000930000000030781101100000111310000805.11  
20150514000010000930000000030781101100000111700004025.57  
20150514000010000930000000030781101100000111910000322.05  
20150514000010001250000000088545261100000111220000076.75  
20150514000010001250000000088545261100000111310000310.66  
20150514000010001250000000088545261100000111600002088.00  
20150514000010001250000000088545261100000111700001553.28  
20150514000010001250000000088545261100000111910000357.26  
20150514000010002270000000009363050900000111220000915.36  
20150514000010002270000000009363050900000111700006740.31  
20150514000010001260000000051518861100000111220000254.92  
20150514000010001260000000051518861100000111310000469.00  
20150514000010001260000000051518861100000111700002344.98  
20150514000010001260000000051518861100000111910000724.99  
20150514000010000820000000028997750900000111220000156.10  
20150514000010000820000000028997750900000111700004941.15  
20150514000010002330000000036220651200000111220000881.23  
20150514000010002330000000036220651200000111700007632.63  
20150514000010000660000000051617001100000111220000202.41  
20150514000010000660000000051617001100000111310001596.47  
20150514000010000660000000051617001100000111700007982.38  
20150514000010001270000000045380110900000111220000141.21  
20150514000010001270000000045380110900000111700002857.64  
20150514000010002260000000019306230900000111220000196.97  
20150514000010002260000000019306230900000111700009862.94  
20150514000010000950000000064310240900000111220000177.62  
20150514000010000950000000064310240900000111700004976.92  
20150514000010001040000000017606861100000111220000796.47  
20150514000010001040000000017606861100000111310000778.91  
20150514000010001040000000017606861100000111700003894.56  
20150514000010001180000000034820631100000111220001313.76  
20150514000010001180000000034820631100000111310000892.26  
20150514000010001180000000034820631100000111700004461.32  
20150514000010001180000000034820631100000111910001512.20  
20150514000010000670000000045398890900000111220000130.26  
20150514000010000670000000045398890900000111700005137.10  
20150514000010001190000000048000591100000111220000492.72  
20150514000010001190000000048000591100000111310000632.10  
20150514000010001190000000048000591100000111700003160.48  
20150514000010001190000000048000591100000111910000031.60  
20150514000010000960000000030993041100000111220000194.21  
20150514000010000960000000030993041100000111310001088.31  
20150514000010000960000000030993041100000111700005441.52  
20150514000010001050000000008031310900000111220001926.86  
20150514000010001050000000008031310900000111700004899.38  
20150514000010002090000000049012270900000111220000215.40  
20150514000010002090000000049012270900000111700021836.98  
20150514000010000680000000048841640900000111220000138.98  
20150514000010000680000000048841640900000111700005480.68  
20150514000010000840000000028792790900000111220001347.10  
20150514000010000840000000028792790900000111700006270.85  
20150514000010000850000000064730211000000111220000137.01  
20150514000010000850000000064730211000000111700004336.87  
20150514000010001390000000048977811100000111220000201.61  
20150514000010001390000000048977811100000111310000690.37  
20150514000010001390000000048977811100000111700003451.87  
20150514000010001390000000048977811100000111910001374.29  
20150514000010000320000000037688620900000111220000430.28  
20150514000010000320000000037688620900000111700011519.27  
20150514000010001060000000020457010900000111220001799.66  
20150514000010001060000000020457010900000111700004575.96  
20150514000010001460000000037345451000000111220000194.79  
20150514000010001460000000037345451000000111700013595.07  
20150514000010000340000000052702481200000111220000205.05  
20150514000010000340000000052702481200000111700012076.69  
20150514000010001400000000048869720900000111220000-68.52  
20150514000010001400000000048869720900000111600002426.77  
201505140000100014000000000488697209000001117000-1173.23  
20150514000010002240000000044334130900000111220000201.83  
20150514000010002240000000044334130900000111700014086.39  
20150514000010001070000000038318380900000111220000546.21  
20150514000010001070000000038318380900000111700002670.86  
20150514000010002050000000018938121100000111700028890.51  
20150514000010001080000000008552790900000111220001462.10  
20150514000010001080000000008552790900000111700003717.63  
20150514000010000690000000034593161200000111220000200.82  
20150514000010000690000000034593161200000111700007919.47  
20150514000010001280000000060963391100000111220000193.22  
20150514000010001280000000060963391100000111310000782.05  
20150514000010001280000000060963391100000111700003910.24  
20150514000010000040000000030238800900000112100011808.49  
20150514000010000700000000037290380900000111220000635.23  
20150514000010000700000000037290380900000111700003684.02  
20150514000010000710000000037205221100000111220001074.67  
20150514000010000710000000037205221100000111310001246.50  
20150514000010000710000000037205221100000111700006232.48  
201505140000100012900000000517946011000001112200000-5.61  
20150514000010001290000000051794601100000111310000-10.32  
20150514000010001290000000051794601100000111600003536.25  
20150514000010001290000000051794601100000111700000-63.75  
20150514000010001290000000051794601100000111910000-12.13  
20150514000010001300000000044107891100000111220000598.11  
20150514000010001300000000044107891100000111310000465.55  
20150514000010001300000000044107891100000111700002327.75  
20150514000010001300000000044107891100000111910000809.87  
20150514000010000480000000036173220900000111220000120.73  
20150514000010000480000000036173220900000111700006577.87  
20150514000010002060000000030255050900000111220000632.58  
20150514000010002060000000030255050900000111700027248.81  
20150514000010001090000000037827311100000111220001596.55  
20150514000010001090000000037827311100000111310000966.55  
20150514000010001090000000037827311100000111700004832.76  
20150514000010001090000000037827311100000111910000808.49  
20150514000010000780000000052419840900000111220000178.28  
20150514000010000780000000052419840900000111700006105.52  
20150514000010000780000000052419840900000111910000610.55  
20150514000010002010000000029910070900000111700013091.13  
20150514000010002030000000010690890900000111700029704.69  
20150514000010000130000000031378190900000111220001046.99  
20150514000010000130000000031378190900000111700010746.24  
20150514000010000790000000052259660900000111220000113.28  
20150514000010000790000000052259660900000111700003879.54  
20150514000010000860000000044618940900000111220000261.41  
20150514000010000860000000044618940900000111700003761.24  
20150514000010001410000000048709620900000111220000173.74  
20150514000010001410000000048709620900000111600000216.00  
20150514000010001410000000048709620900000111700002974.78  
20150514000010002280000000051932150900000111220000126.33  
20150514000010002280000000051932150900000111700005572.17  
20150514000010000190000000005681381200000111220001800.66  
20150514000010000190000000005681381200000111700011679.66  
20150514000010000610000000035181171000000111220000299.51  
20150514000010000610000000035181171000000111700006004.68  
20150514000010001420000000030640161000000111220000770.53  
20150514000010001420000000030640161000000111310000507.41  
20150514000010001420000000030640161000000111700002537.08  
20150514000010002290000000045021820900000111220000199.50  
20150514000010002290000000045021820900000111700005589.75  
20150514000010002220000000028625750900000111700021796.32  
20150514000010000980000000040225151100000111220000210.87  
20150514000010000980000000040225151100000111310000537.13  
20150514000010000980000000040225151100000111600001728.00  
20150514000010000980000000040225151100000111700002685.68  
20150514000010001320000000044154021100000111220000271.88  
20150514000010001320000000044154021100000111310000500.20  
20150514000010001320000000044154021100000111700002500.99  
20150514000010001320000000044154021100000111910000170.38  
20150514000010002210000000029008541100000111700016698.70  
20150514000010001330000000042002231100000111220000112.58  
20150514000010001330000000042002231100000111310000455.69  
20150514000010001330000000042002231100000111700002278.44  
20150514000010001330000000042002231100000111910000790.33  
20150514000010002070000000051989401000000111220000300.29  
20150514000010002070000000051989401000000111700013837.60  
20150514000010000990000000056485771100000111220000175.74  
20150514000010000990000000056485771100000111310000984.81  
20150514000010000990000000056485771100000111700004924.07  
20150514000010000380000000044249660900000111220000158.81  
20150514000010000380000000044249660900000111700009353.15  
20150514000010001340000000036055810900000111220000157.43  
20150514000010001340000000036055810900000111700003186.04  
20150514000010001430000000037530270900000111220000802.25  
20150514000010001430000000037530270900000111700002641.49  
20150514000010002100000000036212690900000111220001039.14  
20150514000010002100000000036212690900000111700015491.82  
20150514000010000150000000035888920900000111700014949.02  
20150514000010001350000000059031341100000111220000350.78  
20150514000010001350000000059031341100000111310000645.35  
20150514000010001350000000059031341100000111600001080.00  
20150514000010001350000000059031341100000111700003226.75  
20150514000010001350000000059031341100000111910001157.60  
20150514000010000620000000044678691200000111220000201.08  
20150514000010000620000000044678691200000111700008868.67  
20150514000010002120000000044119031000000111700020408.75  
20150514000010002360000000037423650900000111220000443.36  
20150514000010002360000000037423650900000111700006901.71  
20150514000010001100000000037206271100000111220000949.63  
20150514000010001100000000037206271100000111310000574.90  
20150514000010001100000000037206271100000111700002874.51  
20150514000010001100000000037206271100000111910000655.75  
20150514000010000400000000035564380900000111220000385.76  
20150514000010000400000000035564380900000111700010327.18  
20150514000010000400000000035564380900000111910001084.35  
20150514000010001110000000028941011100000111220000886.06  
20150514000010001110000000028941011100000111700003313.20  
20150514000010002320000000028750931100000111220000204.16  
20150514000010002320000000028750931100000111700012024.55  
20150514000010002020000000009530210900000111220000359.95  
20150514000010002020000000009530210900000111700026076.72  
20150514000010001120000000017140321100000111220001882.54  
20150514000010001120000000017140321100000111700004786.68  
20150514000010001120000000017140321100000111910001846.85  
20150514000010002170000000037787980900000111220000697.57  
20150514000010002170000000037787980900000111700006387.99  
20150514000010000800000000037686630900000111220000106.21  
20150514000010000800000000037686630900000111700003637.53  
20150514000010000200000000042889520900000111220000213.90  
20150514000010000200000000042889520900000111700013874.47  
20150514000010001360000000047023491100000111220000304.00  
20150514000010001360000000047023491100000111310000559.30  
20150514000010001360000000047023491100000111700002796.48  
20150514000010001360000000047023491100000111910001384.26  
20150514000010002040000000030176310900000111220000457.09  
20150514000010002040000000030176310900000111700032219.28  
20150514000010002310000000031317101100000111220001000.46  
20150514000010002310000000031317101100000111700007416.54  
20150514000010001130000000059166500900000111220000063.59  
20150514000010001130000000059166500900000111600003600.00  
20150514000010001130000000059166500900000111700001617.01  
20150514000010001370000000025513140900000111220000704.94  
20150514000010001370000000025513140900000111700002097.99  
20150514000010001440000000079628621100000111220000026.89  
20150514000010001440000000079628621100000111310000092.09  
20150514000010001440000000079628621100000111600003384.00  
20150514000010001440000000079628621100000111700000460.44  
20150514000010000260000000013206270900000111220000204.27  
20150514000010000260000000013206270900000111700012720.02  
20150514000010000270000000013847920900000111220000203.38  
20150514000010000270000000013847920900000111700012664.62  
20150514000010000430000000021398970900000111220000709.38  
20150514000010000430000000021398970900000111700004973.87  
20150514000010000160000000037321240900000111220001043.20  
20150514000010000160000000037321240900000111700014001.84  
20150514000010001000000000073493141000000111220002186.84  
20150514000010001000000000073493141000000111700006127.39  
20150514000010000630000000059353090900000111220000211.43  
20150514000010000630000000059353090900000111700009325.26  
20150514000010001140000000009602780900000111220001192.28  
20150514000010001140000000009602780900000111700004458.21  
20150514000010000640000000044674200900000111220000635.09  
20150514000010000640000000044674200900000111700005386.85  
