20150514000010000000000000001301010000011230005708.6300000000
20150514000010000000000000002901010000011231003298.5000000000
20150514000010000000000855279301010000011240000550.0000000000
20150514000010000000004800059201010000011242000500.0000000000
20150514000010000000005179460301010000011241000350.0000000000
20150514000010000000160130029301010000011239013104.0000000000
20150514000010000000168206024901010000011237013536.0000000000
20150514000010000001006803028301010000011232205522.0300000000
20150514000010000001006803028301010000011233002877.1000000000
20150514000010000001022913028301010000011236222645.1400000000
20150514000010000001023013022301010000011229168756.8100000000
20150514000010000001028339025301010000011234120943.6200000000
20150514000010000001028339025301010000011235006348.2500000000
20150514000010000001028415020301010000000000069680.0000000000
20150514000010000001028415020301010000000000114291.0200000000
