20150514000011000000000000001301010000011461005300.6700000000
20150514000011000000000000002901010000011463003298.5000000000
20150514000011000000000855279301010000011477000550.0000000000
20150514000011000000004800059201010000011475000500.0000000000
20150514000011000000005179460301010000011476000350.0000000000
20150514000011000000160130029301010000011473004968.0000000000
20150514000011000000168206024901010000011472004968.0000000000
20150514000011000001006803028301010000011464199261.4300000000
20150514000011000001006803028301010000011467002877.1000000000
20150514000011000001022913028301010000011471208893.3400000000
20150514000011000001023013022301010000011460161330.7000000000
20150514000011000001028339025301010000011468112782.6600000000
20150514000011000001028339025301010000011492006267.7500000000
20150514000011000001028415020301010000000000067950.0000000000
20150514000011000001028415020301010000000000109634.8600000000
