20150514000011000530000000044701020900000111220000248.40  
20150514000011000530000000044701020900000111400000933.70  
20150514000011000530000000044701020900000111600001656.00  
20150514000011000530000000044701020900000111700010956.00  
20150514000011000530000000044701020900000113110001120.44  
20150514000011000530000000044701020900000113120000191.60  
20150514000011000530000000044701020900000113131000336.13  
20150514000011000530000000044701020900000113200000224.09  
20150514000011000540000000030812510900000111220001689.12  
20150514000011000540000000030812510900000111400001053.76  
20150514000011000540000000030812510900000111700010956.00  
20150514000011000540000000030812510900000113110001264.51  
20150514000011000540000000030812510900000113120000216.23  
20150514000011000540000000030812510900000113131000379.35  
20150514000011000540000000030812510900000113200000252.90  
20150514000011000900000000045103950900000111220000248.40  
20150514000011000900000000045103950900000111400000600.70  
20150514000011000900000000045103950900000111700006960.00  
20150514000011000900000000045103950900000113110000720.84  
20150514000011000900000000045103950900000113120000123.26  
20150514000011000900000000045103950900000113131000216.25  
20150514000011000900000000045103950900000113200000144.17  
20150514000011000440000000009521341000000111220002086.56  
20150514000011000440000000009521341000000111400001301.71  
20150514000011000440000000009521341000000111700013534.00  
20150514000011000440000000009521341000000113110001562.06  
20150514000011000440000000009521341000000113120000267.11  
20150514000011000440000000009521341000000113131000468.62  
20150514000011000440000000009521341000000113200000312.41  
20150514000011000280000000030994141100000111220000546.48  
20150514000011000280000000030994141100000111310002926.00  
20150514000011000280000000030994141100000111400001508.54  
20150514000011000280000000030994141100000111700014630.00  
20150514000011000280000000030994141100000113110001810.25  
20150514000011000280000000030994141100000113120000309.55  
20150514000011000280000000030994141100000113131000543.07  
20150514000011000280000000030994141100000113200000362.05  
20150514000011002190000000008109860900000111220001291.68  
20150514000011002190000000008109860900000111400001326.81  
20150514000011002190000000008109860900000111700014630.00  
20150514000011002190000000008109860900000113110001592.17  
20150514000011002190000000008109860900000113120000272.26  
20150514000011002190000000008109860900000113131000477.65  
20150514000011002190000000008109860900000113200000318.43  
20150514000011001150000000043297891100000111220001689.12  
20150514000011001150000000043297891100000111310001147.20  
20150514000011001150000000043297891100000111400000843.52  
20150514000011001150000000043297891100000111600001656.00  
20150514000011001150000000043297891100000111700005736.00  
20150514000011001150000000043297891100000111910001549.92  
20150514000011001150000000043297891100000113110001012.22  
20150514000011001150000000043297891100000113120000173.09  
20150514000011001150000000043297891100000113131000303.67  
20150514000011001150000000043297891100000113200000202.44  
20150514000011002180000000024064850900000111220000546.48  
20150514000011002180000000024064850900000111400001264.71  
20150514000011002180000000024064850900000111700014630.00  
20150514000011002180000000024064850900000113110001517.65  
20150514000011002180000000024064850900000113120000259.52  
20150514000011002180000000024064850900000113131000455.29  
20150514000011002180000000024064850900000113200000303.53  
20150514000011002250000000033144560900000111220000546.48  
20150514000011002250000000033144560900000111400000958.54  
20150514000011002250000000033144560900000111700010956.00  
20150514000011002250000000033144560900000113110001150.25  
20150514000011002250000000033144560900000113120000196.69  
20150514000011002250000000033144560900000113131000345.07  
20150514000011002250000000033144560900000113200000230.05  
20150514000011002350000000036231231100000111220002086.56  
20150514000011002350000000036231231100000111400001618.63  
20150514000011002350000000036231231100000111700017337.00  
20150514000011002350000000036231231100000113110001942.36  
20150514000011002350000000036231231100000113120000332.14  
20150514000011002350000000036231231100000113131000582.71  
20150514000011002350000000036231231100000113200000388.47  
20150514000011001220000000017642751100000111220000546.48  
20150514000011001220000000017642751100000111310001005.40  
20150514000011001220000000017642751100000111400000658.90  
20150514000011001220000000017642751100000111700005027.00  
20150514000011001220000000017642751100000111910001327.97  
20150514000011001220000000017642751100000113110000790.69  
20150514000011001220000000017642751100000113120000135.21  
20150514000011001220000000017642751100000113131000237.21  
20150514000011001220000000017642751100000113200000158.14  
20150514000011000290000000037708311100000111220001291.68  
20150514000011000290000000037708311100000111310002926.00  
20150514000011000290000000037708311100000111400001570.64  
20150514000011000290000000037708311100000111700014630.00  
20150514000011000290000000037708311100000113110001884.77  
20150514000011000290000000037708311100000113120000322.30  
20150514000011000290000000037708311100000113131000565.43  
20150514000011000290000000037708311100000113200000376.95  
20150514000011000560000000051699641000000111220000248.40  
20150514000011000560000000051699641000000111400000933.70  
20150514000011000560000000051699641000000111700010956.00  
20150514000011000560000000051699641000000113110001120.44  
20150514000011000560000000051699641000000113120000191.60  
20150514000011000560000000051699641000000113131000336.13  
20150514000011000560000000051699641000000113200000224.09  
20150514000011002110000000044147960900000111220000248.40  
20150514000011002110000000044147960900000111400002119.20  
20150514000011002110000000044147960900000111700025182.00  
20150514000011002110000000044147960900000113110002543.04  
20150514000011002110000000044147960900000113120000434.86  
20150514000011002110000000044147960900000113131000762.91  
20150514000011002110000000044147960900000113200000508.61  
20150514000011001160000000035049721100000111220001689.12  
20150514000011001160000000035049721100000111310001147.20  
20150514000011001160000000035049721100000111400000851.59  
20150514000011001160000000035049721100000111700005736.00  
20150514000011001160000000035049721100000111910001646.71  
20150514000011001160000000035049721100000113110001021.90  
20150514000011001160000000035049721100000113120000174.75  
20150514000011001160000000035049721100000113131000306.57  
20150514000011001160000000035049721100000113200000204.38  
20150514000011000650000000044144611100000111220000546.48  
20150514000011000650000000044144611100000111310001959.20  
20150514000011000650000000044144611100000111400001025.14  
20150514000011000650000000044144611100000111700009796.00  
20150514000011000650000000044144611100000113110001230.17  
20150514000011000650000000044144611100000113120000210.36  
20150514000011000650000000044144611100000113131000369.05  
20150514000011000650000000044144611100000113200000246.03  
20150514000011000570000000030128040900000111220000248.40  
20150514000011000570000000030128040900000111400000933.70  
20150514000011000570000000030128040900000111700010956.00  
20150514000011000570000000030128040900000113110001120.44  
20150514000011000570000000030128040900000113120000191.60  
20150514000011000570000000030128040900000113131000336.13  
20150514000011000570000000030128040900000113200000224.09  
20150514000011001170000000037549901100000111220001689.12  
20150514000011001170000000037549901100000111310001147.20  
20150514000011001170000000037549901100000111400000856.07  
20150514000011001170000000037549901100000111700005736.00  
20150514000011001170000000037549901100000111910001700.49  
20150514000011001170000000037549901100000113110001027.28  
20150514000011001170000000037549901100000113120000175.67  
20150514000011001170000000037549901100000113131000308.18  
20150514000011001170000000037549901100000113200000205.46  
20150514000011000740000000052918901100000111220000248.40  
20150514000011000740000000052918901100000111310001701.40  
20150514000011000740000000052918901100000111400000871.40  
20150514000011000740000000052918901100000111700008507.00  
20150514000011000740000000052918901100000113110001045.68  
20150514000011000740000000052918901100000113120000178.81  
20150514000011000740000000052918901100000113131000313.70  
20150514000011000740000000052918901100000113200000209.14  
20150514000011002300000000037570880900000111220000894.24  
20150514000011002300000000037570880900000111400001202.35  
20150514000011002300000000037570880900000111700013534.00  
20150514000011002300000000037570880900000113110001442.82  
20150514000011002300000000037570880900000113120000246.72  
20150514000011002300000000037570880900000113131000432.85  
20150514000011002300000000037570880900000113200000288.56  
20150514000011000750000000040131221000000111220000248.40  
20150514000011000750000000040131221000000111400000729.62  
20150514000011000750000000040131221000000111700008507.00  
20150514000011000750000000040131221000000113110000875.54  
20150514000011000750000000040131221000000113120000149.72  
20150514000011000750000000040131221000000113131000262.66  
20150514000011000750000000040131221000000113200000175.11  
20150514000011002340000000040761511100000111220000248.40  
20150514000011002340000000040761511100000111400000600.70  
20150514000011002340000000040761511100000111700006960.00  
20150514000011002340000000040761511100000113110000720.84  
20150514000011002340000000040761511100000113120000123.26  
20150514000011002340000000040761511100000113131000216.25  
20150514000011002340000000040761511100000113200000144.17  
20150514000011001230000000034170501100000111220000546.48  
20150514000011001230000000034170501100000111310001005.40  
20150514000011001230000000034170501100000111400000672.43  
20150514000011001230000000034170501100000111700005027.00  
20150514000011001230000000034170501100000111910001490.29  
20150514000011001230000000034170501100000113110000806.92  
20150514000011001230000000034170501100000113120000137.98  
20150514000011001230000000034170501100000113131000242.08  
20150514000011001230000000034170501100000113200000161.38  
20150514000011000470000000035904831000000111220000546.48  
20150514000011000470000000035904831000000111400001173.37  
20150514000011000470000000035904831000000111700013534.00  
20150514000011000470000000035904831000000113110001408.05  
20150514000011000470000000035904831000000113120000240.78  
20150514000011000470000000035904831000000113131000422.41  
20150514000011000470000000035904831000000113200000281.61  
20150514000011000580000000044506571000000111220000248.40  
20150514000011000580000000044506571000000111400000933.70  
20150514000011000580000000044506571000000111700010956.00  
20150514000011000580000000044506571000000113110001120.44  
20150514000011000580000000044506571000000113120000191.60  
20150514000011000580000000044506571000000113131000336.13  
20150514000011000580000000044506571000000113200000224.09  
20150514000011001380000000036936201000000111220001291.68  
20150514000011001380000000036936201000000111310000850.60  
20150514000011001380000000036936201000000111400000532.94  
20150514000011001380000000036936201000000111700004253.00  
20150514000011001380000000036936201000000113110000639.53  
20150514000011001380000000036936201000000113120000109.36  
20150514000011001380000000036936201000000113131000191.86  
20150514000011001380000000036936201000000113200000127.91  
20150514000011001010000000013705021100000111220002086.56  
20150514000011001010000000013705021100000111310001263.20  
20150514000011001010000000013705021100000111400000914.15  
20150514000011001010000000013705021100000111700006316.00  
20150514000011001010000000013705021100000111910001303.99  
20150514000011001010000000013705021100000113110001096.98  
20150514000011001010000000013705021100000113120000187.58  
20150514000011001010000000013705021100000113131000329.09  
20150514000011001010000000013705021100000113200000219.40  
20150514000011001020000000026926041100000111220001689.12  
20150514000011001020000000026926041100000111310001263.20  
20150514000011001020000000026926041100000111400000825.87  
20150514000011001020000000026926041100000111700006316.00  
20150514000011001020000000026926041100000111910000642.13  
20150514000011001020000000026926041100000113110000991.05  
20150514000011001020000000026926041100000113120000169.47  
20150514000011001020000000026926041100000113131000297.31  
20150514000011001020000000026926041100000113200000198.21  
20150514000011000920000000029143441100000111220002086.56  
20150514000011000920000000029143441100000111310001392.00  
20150514000011000920000000029143441100000111400000913.38  
20150514000011000920000000029143441100000111700006960.00  
20150514000011000920000000029143441100000111910000522.00  
20150514000011000920000000029143441100000113110001096.06  
20150514000011000920000000029143441100000113120000187.43  
20150514000011000920000000029143441100000113131000328.82  
20150514000011000920000000029143441100000113200000219.21  
20150514000011002130000000052135240900000111220000248.40  
20150514000011002130000000052135240900000111400001465.45  
20150514000011002130000000052135240900000111700017337.00  
20150514000011002130000000052135240900000113110001758.54  
20150514000011002130000000052135240900000113120000300.71  
20150514000011002130000000052135240900000113131000527.56  
20150514000011002130000000052135240900000113200000351.71  
20150514000011001030000000009599340900000111220002484.00  
20150514000011001030000000009599340900000111400000733.33  
20150514000011001030000000009599340900000111700006316.00  
20150514000011001030000000009599340900000113110000880.00  
20150514000011001030000000009599340900000113120000150.48  
20150514000011001030000000009599340900000113131000264.00  
20150514000011001030000000009599340900000113200000176.00  
20150514000011001240000000037862621100000111220001291.68  
20150514000011001240000000037862621100000111310001005.40  
20150514000011001240000000037862621100000111400000627.10  
20150514000011001240000000037862621100000111700005027.00  
20150514000011001240000000037862621100000111910000201.08  
20150514000011001240000000037862621100000113110000752.52  
20150514000011001240000000037862621100000113120000128.68  
20150514000011001240000000037862621100000113131000225.75  
20150514000011001240000000037862621100000113200000150.50  
20150514000011000090000000028683471000000111220000894.24  
20150514000011000090000000028683471000000111400001519.27  
20150514000011000090000000028683471000000111700017337.00  
20150514000011000090000000028683471000000113110001823.12  
20150514000011000090000000028683471000000113120000311.75  
20150514000011000090000000028683471000000113131000546.94  
20150514000011000090000000028683471000000113200000364.62  
20150514000011000100000000031374600900000111220001689.12  
20150514000011000100000000031374600900000111400001585.51  
20150514000011000100000000031374600900000111700017337.00  
20150514000011000100000000031374600900000113110001902.61  
20150514000011000100000000031374600900000113120000325.35  
20150514000011000100000000031374600900000113131000570.78  
20150514000011000100000000031374600900000113200000380.52  
20150514000011000760000000064666681100000111220000248.40  
20150514000011000760000000064666681100000111310001701.40  
20150514000011000760000000064666681100000111400000871.40  
20150514000011000760000000064666681100000111700008507.00  
20150514000011000760000000064666681100000113110001045.68  
20150514000011000760000000064666681100000113120000178.81  
20150514000011000760000000064666681100000113131000313.70  
20150514000011000760000000064666681100000113200000209.14  
20150514000011000930000000030781101100000111220001689.12  
20150514000011000930000000030781101100000111310001392.00  
20150514000011000930000000030781101100000111400001006.17  
20150514000011000930000000030781101100000111700006960.00  
20150514000011000930000000030781101100000111910002032.90  
20150514000011000930000000030781101100000113110001207.40  
20150514000011000930000000030781101100000113120000206.47  
20150514000011000930000000030781101100000113131000362.22  
20150514000011000930000000030781101100000113200000241.48  
20150514000011001250000000088545261100000111220000248.40  
20150514000011001250000000088545261100000111310001005.40  
20150514000011001250000000088545261100000111400000679.45  
20150514000011001250000000088545261100000111600001656.00  
20150514000011001250000000088545261100000111700005027.00  
20150514000011001250000000088545261100000111910001872.57  
20150514000011001250000000088545261100000113110000815.34  
20150514000011001250000000088545261100000113120000139.42  
20150514000011001250000000088545261100000113131000244.60  
20150514000011001250000000088545261100000113200000163.07  
20150514000011002270000000009363050900000111220001689.12  
20150514000011002270000000009363050900000111400001177.26  
20150514000011002270000000009363050900000111700012438.00  
20150514000011002270000000009363050900000113110001412.71  
20150514000011002270000000009363050900000113120000241.57  
20150514000011002270000000009363050900000113131000423.81  
20150514000011002270000000009363050900000113200000282.54  
20150514000011001260000000051518861100000111220000546.48  
20150514000011001260000000051518861100000111310001005.40  
20150514000011001260000000051518861100000111400000665.36  
20150514000011001260000000051518861100000111700005027.00  
20150514000011001260000000051518861100000111910001405.47  
20150514000011001260000000051518861100000113110000798.44  
20150514000011001260000000051518861100000113120000136.53  
20150514000011001260000000051518861100000113131000239.53  
20150514000011001260000000051518861100000113200000159.69  
20150514000011000820000000028997750900000111220000248.40  
20150514000011000820000000028997750900000111400000675.95  
20150514000011000820000000028997750900000111700007863.00  
20150514000011000820000000028997750900000113110000811.14  
20150514000011000820000000028997750900000113120000138.70  
20150514000011000820000000028997750900000113131000243.34  
20150514000011000820000000028997750900000113200000162.23  
20150514000011002330000000036220651200000111220001689.12  
20150514000011002330000000036220651200000111400001359.93  
20150514000011002330000000036220651200000111700014630.00  
20150514000011002330000000036220651200000113110001631.91  
20150514000011002330000000036220651200000113120000279.06  
20150514000011002330000000036220651200000113131000489.57  
20150514000011002330000000036220651200000113200000326.38  
20150514000011000660000000051617001100000111220000248.40  
20150514000011000660000000051617001100000111310001959.20  
20150514000011000660000000051617001100000111400001000.30  
20150514000011000660000000051617001100000111700009796.00  
20150514000011000660000000051617001100000113110001200.36  
20150514000011000660000000051617001100000113120000205.26  
20150514000011000660000000051617001100000113131000360.11  
20150514000011000660000000051617001100000113200000240.07  
20150514000011001270000000045380110900000111220000248.40  
20150514000011001270000000045380110900000111400000439.62  
20150514000011001270000000045380110900000111700005027.00  
20150514000011001270000000045380110900000113110000527.54  
20150514000011001270000000045380110900000113120000090.21  
20150514000011001270000000045380110900000113131000158.26  
20150514000011001270000000045380110900000113200000105.51  
20150514000011002260000000019306230900000111220000248.40  
20150514000011002260000000019306230900000111400001057.20  
20150514000011002260000000019306230900000111700012438.00  
20150514000011002260000000019306230900000113110001268.64  
20150514000011002260000000019306230900000113120000216.94  
20150514000011002260000000019306230900000113131000380.59  
20150514000011002260000000019306230900000113200000253.73  
20150514000011000950000000064310240900000111220000248.40  
20150514000011000950000000064310240900000111400000600.70  
20150514000011000950000000064310240900000111700006960.00  
20150514000011000950000000064310240900000113110000720.84  
20150514000011000950000000064310240900000113120000123.26  
20150514000011000950000000064310240900000113131000216.25  
20150514000011000950000000064310240900000113200000144.17  
20150514000011001040000000017606861100000111220001291.68  
20150514000011001040000000017606861100000111310001263.20  
20150514000011001040000000017606861100000111400000739.24  
20150514000011001040000000017606861100000111700006316.00  
20150514000011001040000000017606861100000113110000887.09  
20150514000011001040000000017606861100000113120000151.69  
20150514000011001040000000017606861100000113131000266.13  
20150514000011001040000000017606861100000113200000177.42  
20150514000011001180000000034820631100000111220001689.12  
20150514000011001180000000034820631100000111310001147.20  
20150514000011001180000000034820631100000111400000846.71  
20150514000011001180000000034820631100000111700005736.00  
20150514000011001180000000034820631100000111910001588.16  
20150514000011001180000000034820631100000113110001016.05  
20150514000011001180000000034820631100000113120000173.74  
20150514000011001180000000034820631100000113131000304.81  
20150514000011001180000000034820631100000113200000203.21  
20150514000011001190000000048000591100000111220000894.24  
20150514000011001190000000048000591100000111310001147.20  
20150514000011001190000000048000591100000111400000652.90  
20150514000011001190000000048000591100000111700005736.00  
20150514000011001190000000048000591100000111910000057.36  
20150514000011001190000000048000591100000113110000783.48  
20150514000011001190000000048000591100000113120000133.98  
20150514000011001190000000048000591100000113131000235.04  
20150514000011001190000000048000591100000113200000156.70  
20150514000011000960000000030993041100000111220000248.40  
20150514000011000960000000030993041100000111310001392.00  
20150514000011000960000000030993041100000111400000716.70  
20150514000011000960000000030993041100000111700006960.00  
20150514000011000960000000030993041100000113110000860.04  
20150514000011000960000000030993041100000113120000147.07  
20150514000011000960000000030993041100000113131000258.01  
20150514000011000960000000030993041100000113200000172.01  
20150514000011001050000000008031310900000111220002484.00  
20150514000011001050000000008031310900000111400000733.33  
20150514000011001050000000008031310900000111700006316.00  
20150514000011001050000000008031310900000113110000880.00  
20150514000011001050000000008031310900000113131000264.00  
20150514000011001050000000008031310900000113200000176.00  
20150514000011002090000000049012270900000111220000248.40  
20150514000011002090000000049012270900000111400002119.20  
20150514000011002090000000049012270900000111700025182.00  
20150514000011002090000000049012270900000113110002543.04  
20150514000011002090000000049012270900000113120000434.86  
20150514000011002090000000049012270900000113131000762.91  
20150514000011002090000000049012270900000113200000508.61  
20150514000011000680000000048841640900000111220000248.40  
20150514000011000680000000048841640900000111400000837.03  
20150514000011000680000000048841640900000111700009796.00  
20150514000011000680000000048841640900000113110001004.44  
20150514000011000680000000048841640900000113120000171.76  
20150514000011000680000000048841640900000113131000301.33  
20150514000011000680000000048841640900000113200000200.89  
20150514000011000840000000028792790900000111220001689.12  
20150514000011000840000000028792790900000111400000796.01  
20150514000011000840000000028792790900000111700007863.00  
20150514000011000840000000028792790900000113110000955.21  
20150514000011000840000000028792790900000113120000163.34  
20150514000011000840000000028792790900000113131000286.56  
20150514000011000840000000028792790900000113200000191.04  
20150514000011000850000000064730211000000111220000248.40  
20150514000011000850000000064730211000000111400000675.95  
20150514000011000850000000064730211000000111700007863.00  
20150514000011000850000000064730211000000113110000811.14  
20150514000011000850000000064730211000000113120000138.70  
20150514000011000850000000064730211000000113131000243.34  
20150514000011000850000000064730211000000113200000162.23  
20150514000011001390000000048977811100000111220000248.40  
20150514000011001390000000048977811100000111310000850.60  
20150514000011001390000000048977811100000111400000630.15  
20150514000011001390000000048977811100000111700004253.00  
20150514000011001390000000048977811100000111910002209.78  
20150514000011001390000000048977811100000113110000756.18  
20150514000011001390000000048977811100000113120000129.31  
20150514000011001390000000048977811100000113131000226.85  
20150514000011001390000000048977811100000113200000151.24  
20150514000011000320000000037688620900000111220000546.48  
20150514000011000320000000037688620900000111400001264.71  
20150514000011000320000000037688620900000111700014630.00  
20150514000011000320000000037688620900000113110001517.65  
20150514000011000320000000037688620900000113120000259.52  
20150514000011000320000000037688620900000113131000455.29  
20150514000011000320000000037688620900000113200000303.53  
20150514000011001060000000020457010900000111220002484.00  
20150514000011001060000000020457010900000111400000733.33  
20150514000011001060000000020457010900000111700006316.00  
20150514000011001060000000020457010900000113110000880.00  
20150514000011001060000000020457010900000113120000150.48  
20150514000011001060000000020457010900000113131000264.00  
20150514000011001060000000020457010900000113200000176.00  
20150514000011001460000000037345451000000111220000248.40  
20150514000011001460000000037345451000000111400001465.45  
20150514000011001460000000037345451000000111700017337.00  
20150514000011001460000000037345451000000113110001758.54  
20150514000011001460000000037345451000000113120000300.71  
20150514000011001460000000037345451000000113131000527.56  
20150514000011001460000000037345451000000113200000351.71  
20150514000011000340000000052702481200000111220000248.40  
20150514000011000340000000052702481200000111400001239.87  
20150514000011000340000000052702481200000111700014630.00  
20150514000011000340000000052702481200000113110001487.84  
20150514000011000340000000052702481200000113120000254.42  
20150514000011000340000000052702481200000113131000446.35  
20150514000011000340000000052702481200000113200000297.57  
20150514000011001400000000048869720900000111220000248.40  
20150514000011001400000000048869720900000111400000375.12  
20150514000011001400000000048869720900000111600001656.00  
20150514000011001400000000048869720900000111700004253.00  
20150514000011001400000000048869720900000113110000450.14  
20150514000011001400000000048869720900000113120000076.97  
20150514000011001400000000048869720900000113131000135.04  
20150514000011001400000000048869720900000113200000090.03  
20150514000011002240000000044334130900000111220000248.40  
20150514000011002240000000044334130900000111400001465.45  
20150514000011002240000000044334130900000111700017337.00  
20150514000011002240000000044334130900000113110001758.54  
20150514000011002240000000044334130900000113120000300.71  
20150514000011002240000000044334130900000113131000527.56  
20150514000011002240000000044334130900000113200000351.71  
20150514000011001070000000038318380900000111220001291.68  
20150514000011001070000000038318380900000111400000633.97  
20150514000011001070000000038318380900000111700006316.00  
20150514000011001070000000038318380900000113110000760.77  
20150514000011001070000000038318380900000113120000130.09  
20150514000011001070000000038318380900000113131000228.23  
20150514000011001070000000038318380900000113200000152.15  
20150514000011002050000000018938121100000111400003210.00  
20150514000011002050000000018938121100000111700038520.00  
20150514000011002050000000018938121100000113110003852.00  
20150514000011002050000000018938121100000113120000658.69  
20150514000011002050000000018938121100000113131001155.60  
20150514000011002050000000018938121100000113200000770.40  
20150514000011001080000000008552790900000111220002484.00  
20150514000011001080000000008552790900000111400000733.33  
20150514000011001080000000008552790900000111700006316.00  
20150514000011001080000000008552790900000113110000880.00  
20150514000011001080000000008552790900000113120000150.48  
20150514000011001080000000008552790900000113131000264.00  
20150514000011001080000000008552790900000113200000176.00  
20150514000011000690000000034593161200000111220000248.40  
20150514000011000690000000034593161200000111400000837.03  
20150514000011000690000000034593161200000111700009796.00  
20150514000011000690000000034593161200000113110001004.44  
20150514000011000690000000034593161200000113120000171.76  
20150514000011000690000000034593161200000113131000301.33  
20150514000011000690000000034593161200000113200000200.89  
20150514000011001280000000060963391100000111220000248.40  
20150514000011001280000000060963391100000111310001005.40  
20150514000011001280000000060963391100000111400000537.89  
20150514000011001280000000060963391100000111700005027.00  
20150514000011001280000000060963391100000111910000173.85  
20150514000011001280000000060963391100000113110000645.47  
20150514000011001280000000060963391100000113120000110.37  
20150514000011001280000000060963391100000113131000193.64  
20150514000011001280000000060963391100000113200000129.09  
20150514000011000040000000030238800900000111400001127.83  
20150514000011000040000000030238800900000112100013534.00  
20150514000011000040000000030238800900000113110001353.40  
20150514000011000040000000030238800900000113120000231.43  
20150514000011000040000000030238800900000113131000406.02  
20150514000011000040000000030238800900000113200000270.68  
20150514000011000700000000037290380900000111220001689.12  
20150514000011000700000000037290380900000111400000957.09  
20150514000011000700000000037290380900000111700009796.00  
20150514000011000700000000037290380900000113110001148.51  
20150514000011000700000000037290380900000113120000196.40  
20150514000011000700000000037290380900000113131000344.55  
20150514000011000700000000037290380900000113200000229.70  
20150514000011000710000000037205221100000111220001689.12  
20150514000011000710000000037205221100000111310001959.20  
20150514000011000710000000037205221100000111400001120.36  
20150514000011000710000000037205221100000111700009796.00  
20150514000011000710000000037205221100000113110001344.43  
20150514000011000710000000037205221100000113120000229.90  
20150514000011000710000000037205221100000113131000403.33  
20150514000011000710000000037205221100000113200000268.89  
20150514000011001290000000051794601100000111220000546.48  
20150514000011001290000000051794601100000111310001005.40  
20150514000011001290000000051794601100000111400000587.60  
20150514000011001290000000051794601100000111700005027.00  
20150514000011001290000000051794601100000111910000472.33  
20150514000011001290000000051794601100000113110000705.12  
20150514000011001290000000051794601100000113120000120.58  
20150514000011001290000000051794601100000113131000211.54  
20150514000011001290000000051794601100000113200000141.02  
20150514000011001300000000044107891100000111220001291.68  
20150514000011001300000000044107891100000111310001005.40  
20150514000011001300000000044107891100000111400000743.70  
20150514000011001300000000044107891100000111700005027.00  
20150514000011001300000000044107891100000111910001600.27  
20150514000011001300000000044107891100000113110000892.44  
20150514000011001300000000044107891100000113120000152.61  
20150514000011001300000000044107891100000113131000267.73  
20150514000011001300000000044107891100000113200000178.49  
20150514000011000480000000036173220900000111220000248.40  
20150514000011000480000000036173220900000111400001148.53  
20150514000011000480000000036173220900000111700013534.00  
20150514000011000480000000036173220900000113110001378.24  
20150514000011000480000000036173220900000113120000235.68  
20150514000011000480000000036173220900000113131000413.47  
20150514000011000480000000036173220900000113200000275.65  
20150514000011002060000000030255050900000111220000894.24  
20150514000011002060000000030255050900000111400003284.52  
20150514000011002060000000030255050900000111700038520.00  
20150514000011002060000000030255050900000113110003941.42  
20150514000011002060000000030255050900000113120000673.98  
20150514000011002060000000030255050900000113131001182.43  
20150514000011002060000000030255050900000113200000788.28  
20150514000011001090000000037827311100000111220002086.56  
20150514000011001090000000037827311100000111310001263.20  
20150514000011001090000000037827311100000111400000976.98  
20150514000011001090000000037827311100000111700006316.00  
20150514000011001090000000037827311100000111910002057.96  
20150514000011001090000000037827311100000113110001172.37  
20150514000011001090000000037827311100000113120000200.48  
20150514000011001090000000037827311100000113131000351.71  
20150514000011001090000000037827311100000113200000234.47  
20150514000011002010000000029910070900000111400001604.08  
20150514000011002010000000029910070900000111700019249.00  
20150514000011002010000000029910070900000113110001924.90  
20150514000011002010000000029910070900000113120000329.16  
20150514000011002010000000029910070900000113131000577.47  
20150514000011002010000000029910070900000113200000384.98  
20150514000011002030000000010690890900000111400003210.00  
20150514000011002030000000010690890900000111700038520.00  
20150514000011002030000000010690890900000113110003852.00  
20150514000011002030000000010690890900000113120000658.69  
20150514000011002030000000010690890900000113131001155.60  
20150514000011002030000000010690890900000113200000770.40  
20150514000011000130000000031378190900000111220001689.12  
20150514000011000130000000031378190900000111400001585.51  
20150514000011000130000000031378190900000111700017337.00  
20150514000011000130000000031378190900000113110001902.61  
20150514000011000130000000031378190900000113120000325.35  
20150514000011000130000000031378190900000113131000570.78  
20150514000011000130000000031378190900000113200000380.52  
20150514000011000790000000052259660900000111220000248.40  
20150514000011000790000000052259660900000111400000729.62  
20150514000011000790000000052259660900000111700008507.00  
20150514000011000790000000052259660900000113110000875.54  
20150514000011000790000000052259660900000113120000149.72  
20150514000011000790000000052259660900000113131000262.66  
20150514000011000790000000052259660900000113200000175.11  
20150514000011000860000000044618940900000111220000546.48  
20150514000011000860000000044618940900000111400000700.79  
20150514000011000860000000044618940900000111700007863.00  
20150514000011000860000000044618940900000113110000840.95  
20150514000011000860000000044618940900000113120000143.80  
20150514000011000860000000044618940900000113131000252.28  
20150514000011000860000000044618940900000113200000168.19  
20150514000011001410000000048709620900000111220000248.40  
20150514000011001410000000048709620900000111400000375.12  
20150514000011001410000000048709620900000111700004253.00  
20150514000011001410000000048709620900000113110000450.14  
20150514000011001410000000048709620900000113120000076.97  
20150514000011001410000000048709620900000113131000135.04  
20150514000011001410000000048709620900000113200000090.03  
20150514000011002280000000051932150900000111220000248.40  
20150514000011002280000000051932150900000111400000933.70  
20150514000011002280000000051932150900000111700010956.00  
20150514000011002280000000051932150900000113110001120.44  
20150514000011002280000000051932150900000113120000191.60  
20150514000011002280000000051932150900000113131000336.13  
20150514000011002280000000051932150900000113200000224.09  
20150514000011000190000000005681381200000111220002484.00  
20150514000011000190000000005681381200000111400001549.67  
20150514000011000190000000005681381200000111700016112.00  
20150514000011000190000000005681381200000113110001859.60  
20150514000011000190000000005681381200000113131000557.88  
20150514000011000190000000005681381200000113200000371.92  
20150514000011000610000000035181171000000111220000546.48  
20150514000011000610000000035181171000000111400000958.54  
20150514000011000610000000035181171000000111700010956.00  
20150514000011000610000000035181171000000113110001150.25  
20150514000011000610000000035181171000000113120000196.69  
20150514000011000610000000035181171000000113131000345.07  
20150514000011000610000000035181171000000113200000230.05  
20150514000011001420000000030640161000000111220001291.68  
20150514000011001420000000030640161000000111310000850.60  
20150514000011001420000000030640161000000111400000532.94  
20150514000011001420000000030640161000000111700004253.00  
20150514000011001420000000030640161000000113110000639.53  
20150514000011001420000000030640161000000113120000109.36  
20150514000011001420000000030640161000000113131000191.86  
20150514000011001420000000030640161000000113200000127.91  
20150514000011002290000000045021820900000111220000248.40  
20150514000011002290000000045021820900000111400000600.70  
20150514000011002290000000045021820900000111700006960.00  
20150514000011002290000000045021820900000113110000720.84  
20150514000011002290000000045021820900000113120000123.26  
20150514000011002290000000045021820900000113131000216.25  
20150514000011002290000000045021820900000113200000144.17  
20150514000011002220000000028625750900000111400002098.50  
20150514000011002220000000028625750900000111700025182.00  
20150514000011002220000000028625750900000113110002518.20  
20150514000011002220000000028625750900000113120000430.61  
20150514000011002220000000028625750900000113131000755.46  
20150514000011002220000000028625750900000113200000503.64  
20150514000011000980000000040225151100000111220000546.48  
20150514000011000980000000040225151100000111310001392.00  
20150514000011000980000000040225151100000111400000741.54  
20150514000011000980000000040225151100000111700006960.00  
20150514000011000980000000040225151100000113110000889.85  
20150514000011000980000000040225151100000113120000152.16  
20150514000011000980000000040225151100000113131000266.95  
20150514000011000980000000040225151100000113200000177.97  
20150514000011001320000000044154021100000111220000546.48  
20150514000011001320000000044154021100000111310001005.40  
20150514000011001320000000044154021100000111400000712.84  
20150514000011001320000000044154021100000111700005027.00  
20150514000011001320000000044154021100000111910001975.20  
20150514000011001320000000044154021100000113110000855.41  
20150514000011001320000000044154021100000113120000146.27  
20150514000011001320000000044154021100000113131000256.62  
20150514000011001320000000044154021100000113200000171.08  
20150514000011002210000000029008541100000111400002098.50  
20150514000011002210000000029008541100000111700025182.00  
20150514000011002210000000029008541100000113110002518.20  
20150514000011002210000000029008541100000113120000430.61  
20150514000011002210000000029008541100000113131000755.46  
20150514000011002210000000029008541100000113200000503.64  
20150514000011001330000000042002231100000111220000248.40  
20150514000011001330000000042002231100000111310001005.40  
20150514000011001330000000042002231100000111400000649.42  
20150514000011001330000000042002231100000111700005027.00  
20150514000011001330000000042002231100000111910001512.29  
20150514000011001330000000042002231100000113110000779.31  
20150514000011001330000000042002231100000113120000133.26  
20150514000011001330000000042002231100000113131000233.79  
20150514000011001330000000042002231100000113200000155.86  
20150514000011002070000000051989401000000111220000546.48  
20150514000011002070000000051989401000000111400002144.04  
20150514000011002070000000051989401000000111700025182.00  
20150514000011002070000000051989401000000113110002572.85  
20150514000011002070000000051989401000000113120000439.96  
20150514000011002070000000051989401000000113131000771.85  
20150514000011002070000000051989401000000113200000514.57  
20150514000011000990000000056485771100000111220000248.40  
20150514000011000990000000056485771100000111310001392.00  
20150514000011000990000000056485771100000111400000716.70  
20150514000011000990000000056485771100000111700006960.00  
20150514000011000990000000056485771100000113110000860.04  
20150514000011000990000000056485771100000113120000147.07  
20150514000011000990000000056485771100000113131000258.01  
20150514000011000990000000056485771100000113200000172.01  
20150514000011000380000000044249660900000111220000248.40  
20150514000011000380000000044249660900000111400001239.87  
20150514000011000380000000044249660900000111700014630.00  
20150514000011000380000000044249660900000113110001487.84  
20150514000011000380000000044249660900000113120000254.42  
20150514000011000380000000044249660900000113131000446.35  
20150514000011000380000000044249660900000113200000297.57  
20150514000011001340000000036055810900000111220000248.40  
20150514000011001340000000036055810900000111400000439.62  
20150514000011001340000000036055810900000111700005027.00  
20150514000011001340000000036055810900000113110000527.54  
20150514000011001340000000036055810900000113120000090.21  
20150514000011001340000000036055810900000113131000158.26  
20150514000011001340000000036055810900000113200000105.51  
20150514000011001430000000037530270900000111220001291.68  
20150514000011001430000000037530270900000111400000462.06  
20150514000011001430000000037530270900000111700004253.00  
20150514000011001430000000037530270900000113110000554.47  
20150514000011001430000000037530270900000113120000094.81  
20150514000011001430000000037530270900000113131000166.34  
20150514000011001430000000037530270900000113200000110.89  
20150514000011002100000000036212690900000111220001689.12  
20150514000011002100000000036212690900000111400002239.26  
20150514000011002100000000036212690900000111700025182.00  
20150514000011002100000000036212690900000113110002687.11  
20150514000011002100000000036212690900000113120000459.50  
20150514000011002100000000036212690900000113131000806.13  
20150514000011002100000000036212690900000113200000537.42  
20150514000011000150000000035888920900000111220000248.40  
20150514000011000150000000035888920900000111400001465.45  
20150514000011000150000000035888920900000111700017337.00  
20150514000011000150000000035888920900000113110001758.54  
20150514000011000150000000035888920900000113120000300.71  
20150514000011000150000000035888920900000113131000527.56  
20150514000011000150000000035888920900000113200000351.71  
20150514000011001350000000059031341100000111220000546.48  
20150514000011001350000000059031341100000111310001005.40  
20150514000011001350000000059031341100000111400000665.36  
20150514000011001350000000059031341100000111700005027.00  
20150514000011001350000000059031341100000111910001405.47  
20150514000011001350000000059031341100000113110000798.44  
20150514000011001350000000059031341100000113120000136.53  
20150514000011001350000000059031341100000113131000239.53  
20150514000011001350000000059031341100000113200000159.69  
20150514000011000620000000044678691200000111220000248.40  
20150514000011000620000000044678691200000111400000933.70  
20150514000011000620000000044678691200000111700010956.00  
20150514000011000620000000044678691200000113110001120.44  
20150514000011000620000000044678691200000113120000191.60  
20150514000011000620000000044678691200000113131000336.13  
20150514000011000620000000044678691200000113200000224.09  
20150514000011002120000000044119031000000111400002098.50  
20150514000011002120000000044119031000000111700025182.00  
20150514000011002120000000044119031000000113110002518.20  
20150514000011002120000000044119031000000113120000430.61  
20150514000011002120000000044119031000000113131000755.46  
20150514000011002120000000044119031000000113200000503.64  
20150514000011002360000000037423650900000111220000546.48  
20150514000011002360000000037423650900000111400000754.46  
20150514000011002360000000037423650900000111700008507.00  
20150514000011002360000000037423650900000113110000905.35  
20150514000011002360000000037423650900000113120000154.81  
20150514000011002360000000037423650900000113131000271.60  
20150514000011002360000000037423650900000113200000181.07  
20150514000011001100000000037206271100000111220002086.56  
20150514000011001100000000037206271100000111310001263.20  
20150514000011001100000000037206271100000111400000976.32  
20150514000011001100000000037206271100000111700006316.00  
20150514000011001100000000037206271100000111910002050.07  
20150514000011001100000000037206271100000113110001171.58  
20150514000011001100000000037206271100000113120000200.34  
20150514000011001100000000037206271100000113131000351.47  
20150514000011001100000000037206271100000113200000234.32  
20150514000011001110000000028941011100000111220001689.12  
20150514000011001110000000028941011100000111400000667.09  
20150514000011001110000000028941011100000111700006316.00  
20150514000011001110000000028941011100000113110000800.51  
20150514000011001110000000028941011100000113120000136.89  
20150514000011001110000000028941011100000113131000240.15  
20150514000011001110000000028941011100000113200000160.10  
20150514000011002320000000028750931100000111220000248.40  
20150514000011002320000000028750931100000111400001239.87  
20150514000011002320000000028750931100000111700014630.00  
20150514000011002320000000028750931100000113110001487.84  
20150514000011002320000000028750931100000113120000254.42  
20150514000011002320000000028750931100000113131000446.35  
20150514000011002320000000028750931100000113200000297.57  
20150514000011002020000000009530210900000111220000546.48  
20150514000011002020000000009530210900000111400003344.71  
20150514000011002020000000009530210900000111700039590.00  
20150514000011002020000000009530210900000113110004013.65  
20150514000011002020000000009530210900000113120000686.33  
20150514000011002020000000009530210900000113131001204.09  
20150514000011002020000000009530210900000113200000802.73  
20150514000011001120000000017140321100000111220002484.00  
20150514000011001120000000017140321100000111400000981.15  
20150514000011001120000000017140321100000111700006316.00  
20150514000011001120000000017140321100000111910002973.78  
20150514000011001120000000017140321100000113110001177.38  
20150514000011001120000000017140321100000113120000201.33  
20150514000011001120000000017140321100000113131000353.21  
20150514000011001120000000017140321100000113200000235.48  
20150514000011002170000000037787980900000111220001689.12  
20150514000011002170000000037787980900000111400001429.76  
20150514000011002170000000037787980900000111700015468.00  
20150514000011002170000000037787980900000113110001715.71  
20150514000011002170000000037787980900000113120000293.39  
20150514000011002170000000037787980900000113131000514.71  
20150514000011002170000000037787980900000113200000343.14  
20150514000011000800000000037686630900000111220000248.40  
20150514000011000800000000037686630900000111400000729.62  
20150514000011000800000000037686630900000111700008507.00  
20150514000011000800000000037686630900000113110000875.54  
20150514000011000800000000037686630900000113120000149.72  
20150514000011000800000000037686630900000113131000262.66  
20150514000011000800000000037686630900000113200000175.11  
20150514000011000200000000042889520900000111220000248.40  
20150514000011000200000000042889520900000111400001363.37  
20150514000011000200000000042889520900000111700016112.00  
20150514000011000200000000042889520900000113110001636.04  
20150514000011000200000000042889520900000113120000279.76  
20150514000011000200000000042889520900000113131000490.81  
20150514000011000200000000042889520900000113200000327.21  
20150514000011001360000000047023491100000111220000546.48  
20150514000011001360000000047023491100000111310001005.40  
20150514000011001360000000047023491100000111400000700.53  
20150514000011001360000000047023491100000111700005027.00  
20150514000011001360000000047023491100000111910001827.53  
20150514000011001360000000047023491100000113110000840.64  
20150514000011001360000000047023491100000113120000143.75  
20150514000011001360000000047023491100000113131000252.19  
20150514000011001360000000047023491100000113200000168.13  
20150514000011002040000000030176310900000111220000546.48  
20150514000011002040000000030176310900000111400003255.54  
20150514000011002040000000030176310900000111700038520.00  
20150514000011002040000000030176310900000113110003906.65  
20150514000011002040000000030176310900000113120000668.04  
20150514000011002040000000030176310900000113131001171.99  
20150514000011002040000000030176310900000113200000781.33  
20150514000011002310000000031317101100000111220002086.56  
20150514000011002310000000031317101100000111400001462.88  
20150514000011002310000000031317101100000111700015468.00  
20150514000011002310000000031317101100000113110001755.46  
20150514000011002310000000031317101100000113120000300.18  
20150514000011002310000000031317101100000113131000526.64  
20150514000011002310000000031317101100000113200000351.09  
20150514000011001130000000059166500900000111220000248.40  
20150514000011001130000000059166500900000111400000547.03  
20150514000011001130000000059166500900000111600001656.00  
20150514000011001130000000059166500900000111700006316.00  
20150514000011001130000000059166500900000113110000656.44  
20150514000011001130000000059166500900000113120000112.25  
20150514000011001130000000059166500900000113131000196.93  
20150514000011001130000000059166500900000113200000131.29  
20150514000011001370000000025513140900000111220001689.12  
20150514000011001370000000025513140900000111400000559.68  
20150514000011001370000000025513140900000111700005027.00  
20150514000011001370000000025513140900000113110000671.61  
20150514000011001370000000025513140900000113120000114.85  
20150514000011001370000000025513140900000113131000201.48  
20150514000011001370000000025513140900000113200000134.32  
20150514000011001440000000079628621100000111220000248.40  
20150514000011001440000000079628621100000111310000850.60  
20150514000011001440000000079628621100000111400000521.17  
20150514000011001440000000079628621100000111600001656.00  
20150514000011001440000000079628621100000111700004253.00  
20150514000011001440000000079628621100000111910000901.99  
20150514000011001440000000079628621100000113110000625.40  
20150514000011001440000000079628621100000113120000106.94  
20150514000011001440000000079628621100000113131000187.62  
20150514000011001440000000079628621100000113200000125.08  
20150514000011000260000000013206270900000111220000248.40  
20150514000011000260000000013206270900000111400001309.70  
20150514000011000260000000013206270900000111700015468.00  
20150514000011000260000000013206270900000113110001571.64  
20150514000011000260000000013206270900000113120000268.75  
20150514000011000260000000013206270900000113131000471.49  
20150514000011000260000000013206270900000113200000314.33  
20150514000011000270000000013847920900000111220000248.40  
20150514000011000270000000013847920900000111400001309.70  
20150514000011000270000000013847920900000111700015468.00  
20150514000011000270000000013847920900000113110001571.64  
20150514000011000270000000013847920900000113120000268.75  
20150514000011000270000000013847920900000113131000471.49  
20150514000011000270000000013847920900000113200000314.33  
20150514000011000430000000021398970900000111220002086.56  
20150514000011000430000000021398970900000111400001393.05  
20150514000011000430000000021398970900000111700014630.00  
20150514000011000430000000021398970900000113110001671.66  
20150514000011000430000000021398970900000113120000285.85  
20150514000011000430000000021398970900000113131000501.50  
20150514000011000430000000021398970900000113200000334.33  
20150514000011000160000000037321240900000111220001291.68  
20150514000011000160000000037321240900000111400001552.39  
20150514000011000160000000037321240900000111700017337.00  
20150514000011000160000000037321240900000113110001862.87  
20150514000011000160000000037321240900000113120000318.55  
20150514000011000160000000037321240900000113131000558.86  
20150514000011000160000000037321240900000113200000372.57  
20150514000011001000000000073493141000000111220002484.00  
20150514000011001000000000073493141000000111400000787.00  
20150514000011001000000000073493141000000111700006960.00  
20150514000011001000000000073493141000000113110000944.40  
20150514000011001000000000073493141000000113131000283.32  
20150514000011001000000000073493141000000113200000188.88  
20150514000011001140000000009602780900000111220001689.12  
20150514000011001140000000009602780900000111400000667.09  
20150514000011001140000000009602780900000111700006316.00  
20150514000011001140000000009602780900000113110000800.51  
20150514000011001140000000009602780900000113120000136.89  
20150514000011001140000000009602780900000113131000240.15  
20150514000011001140000000009602780900000113200000160.10  
20150514000011000640000000044674200900000111220001291.68  
20150514000011000640000000044674200900000111400001020.64  
20150514000011000640000000044674200900000111700010956.00  
20150514000011000640000000044674200900000113110001224.77  
20150514000011000640000000044674200900000113120000209.44  
20150514000011000640000000044674200900000113131000367.43  
20150514000011000640000000044674200900000113200000244.95  
TOTAL A BORRAR: 2026638.05
