2015051400001100009000000002868347001000500.56  
2015051400001100009000000002868347074000364.62  
2015051400001100009000000002868347204001823.12  
2015051400001100009000000002868347301001823.12  
2015051400001100009000000002868347303000311.75  
2015051400001100009000000002868347305000091.16  
2015051400001100009000000002868347307000311.75  
2015051400001100009000000002868347311000091.16  
2015051400001100009000000002868347999002988.00  
2015051400001100010000000003137460074000380.52  
2015051400001100010000000003137460204001902.61  
2015051400001100010000000003137460301001902.61  
2015051400001100010000000003137460303000325.35  
2015051400001100010000000003137460305000095.13  
2015051400001100010000000003137460307000325.35  
2015051400001100010000000003137460311000095.13  
2015051400001100010000000003137460999008178.02  
2015051400001100013000000003137819074000380.52  
2015051400001100013000000003137819204001902.61  
2015051400001100013000000003137819301001902.61  
2015051400001100013000000003137819303000325.35  
2015051400001100013000000003137819305000095.13  
2015051400001100013000000003137819307000325.35  
2015051400001100013000000003137819311000095.13  
2015051400001100013000000003137819999004828.48  
2015051400001100015000000003588892074000351.71  
2015051400001100015000000003588892204001758.54  
2015051400001100015000000003588892302001758.54  
2015051400001100015000000003588892304000300.71  
2015051400001100015000000003588892306000087.93  
2015051400001100015000000003588892308000300.71  
2015051400001100015000000003588892312000087.93  
2015051400001100015000000003588892999000194.02  
2015051400001100016000000003732124074000372.57  
2015051400001100016000000003732124204001862.87  
2015051400001100016000000003732124301001862.87  
2015051400001100016000000003732124303000318.55  
2015051400001100016000000003732124305000093.14  
2015051400001100016000000003732124307000318.55  
2015051400001100016000000003732124311000093.14  
2015051400001100016000000003732124999001171.54  
2015051400001100019000000000568138074000371.92  
2015051400001100019000000000568138204001859.60  
2015051400001100019000000000568138301001859.60  
2015051400001100019000000000568138305000092.98  
2015051400001100019000000000568138311000092.98  
2015051400001100019000000000568138999003091.42  
2015051400001100020000000004288952074000327.21  
2015051400001100020000000004288952204001636.04  
2015051400001100020000000004288952301001636.04  
2015051400001100020000000004288952303000279.76  
2015051400001100020000000004288952305000081.80  
2015051400001100020000000004288952307000279.76  
2015051400001100020000000004288952311000081.80  
2015051400001100020000000004288952999000040.28  
2015051400001100026000000001320627001000260.11  
2015051400001100026000000001320627074000314.33  
2015051400001100026000000001320627204001571.64  
2015051400001100026000000001320627301001571.64  
2015051400001100026000000001320627303000268.75  
2015051400001100026000000001320627305000078.58  
2015051400001100026000000001320627307000268.75  
2015051400001100026000000001320627311000078.58  
2015051400001100026000000001320627999000170.94  
2015051400001100027000000001384792074000314.33  
2015051400001100027000000001384792204001571.64  
2015051400001100027000000001384792302001571.64  
2015051400001100027000000001384792304000268.75  
2015051400001100027000000001384792306000078.58  
2015051400001100027000000001384792308000268.75  
2015051400001100027000000001384792312000078.58  
2015051400001100027000000001384792999000853.75  
2015051400001100028000000003099414074000362.05  
2015051400001100028000000003099414204001810.25  
2015051400001100028000000003099414302001810.25  
2015051400001100028000000003099414304000309.55  
2015051400001100028000000003099414306000090.51  
2015051400001100028000000003099414308000309.55  
2015051400001100028000000003099414312000090.51  
2015051400001100028000000003099414999003573.80  
2015051400001100029000000003770831074000376.95  
2015051400001100029000000003770831204001884.77  
2015051400001100029000000003770831301001884.77  
2015051400001100029000000003770831303000322.30  
2015051400001100029000000003770831305000094.24  
2015051400001100029000000003770831307000322.30  
2015051400001100029000000003770831311000094.24  
2015051400001100029000000003770831999003758.46  
2015051400001100032000000003768862074000303.53  
2015051400001100032000000003768862204001517.65  
2015051400001100032000000003768862301001517.65  
2015051400001100032000000003768862303000259.52  
2015051400001100032000000003768862305000075.88  
2015051400001100032000000003768862307000259.52  
2015051400001100032000000003768862311000075.88  
2015051400001100032000000003768862999000986.89  
2015051400001100034000000005270248001000228.19  
2015051400001100034000000005270248074000297.57  
2015051400001100034000000005270248204001487.84  
2015051400001100034000000005270248301001487.84  
2015051400001100034000000005270248303000254.42  
2015051400001100034000000005270248305000074.39  
2015051400001100034000000005270248307000254.42  
2015051400001100034000000005270248311000074.39  
2015051400001100034000000005270248999000707.12  
2015051400001100038000000004424966074000297.57  
2015051400001100038000000004424966204001487.84  
2015051400001100038000000004424966301001487.84  
2015051400001100038000000004424966303000254.42  
2015051400001100038000000004424966305000074.39  
2015051400001100038000000004424966307000254.42  
2015051400001100038000000004424966311000074.39  
2015051400001100038000000004424966999003459.89  
2015051400001100043000000002139897074000334.33  
2015051400001100043000000002139897204001671.66  
2015051400001100043000000002139897301001671.66  
2015051400001100043000000002139897303000285.85  
2015051400001100043000000002139897305000083.58  
2015051400001100043000000002139897307000285.85  
2015051400001100043000000002139897311000083.58  
2015051400001100043000000002139897999008856.72  
2015051400001100044000000000952134074000312.41  
2015051400001100044000000000952134204001562.06  
2015051400001100044000000000952134302001562.06  
2015051400001100044000000000952134304000267.11  
2015051400001100044000000000952134306000078.10  
2015051400001100044000000000952134308000267.11  
2015051400001100044000000000952134312000078.10  
2015051400001100044000000000952134999001346.44  
2015051400001100047000000003590483074000281.61  
2015051400001100047000000003590483204001408.05  
2015051400001100047000000003590483301001408.05  
2015051400001100047000000003590483303000240.78  
2015051400001100047000000003590483305000070.40  
2015051400001100047000000003590483307000240.78  
2015051400001100047000000003590483311000070.40  
2015051400001100047000000003590483999001613.06  
2015051400001100048000000003617322074000275.65  
2015051400001100048000000003617322204001378.24  
2015051400001100048000000003617322302001378.24  
2015051400001100048000000003617322304000235.68  
2015051400001100048000000003617322306000068.91  
2015051400001100048000000003617322308000235.68  
2015051400001100048000000003617322312000068.91  
2015051400001100048000000003617322999005493.68  
2015051400001100053000000004470102001000588.40  
2015051400001100053000000004470102074000224.09  
2015051400001100053000000004470102204001120.44  
2015051400001100053000000004470102301001120.44  
2015051400001100053000000004470102303000191.60  
2015051400001100053000000004470102305000056.02  
2015051400001100053000000004470102307000191.60  
2015051400001100053000000004470102311000056.02  
2015051400001100053000000004470102999001933.13  
2015051400001100054000000003081251001000020.18  
2015051400001100054000000003081251074000252.90  
2015051400001100054000000003081251204001264.51  
2015051400001100054000000003081251301001264.51  
2015051400001100054000000003081251303000216.23  
2015051400001100054000000003081251305000063.23  
2015051400001100054000000003081251307000216.23  
2015051400001100054000000003081251311000063.23  
2015051400001100054000000003081251999000601.70  
2015051400001100056000000005169964074000224.09  
2015051400001100056000000005169964204001120.44  
2015051400001100056000000005169964302001120.44  
2015051400001100056000000005169964304000191.60  
2015051400001100056000000005169964306000056.02  
2015051400001100056000000005169964308000191.60  
2015051400001100056000000005169964312000056.02  
2015051400001100056000000005169964999000821.11  
2015051400001100057000000003012804074000224.09  
2015051400001100057000000003012804204001120.44  
2015051400001100057000000003012804302001120.44  
2015051400001100057000000003012804304000191.60  
2015051400001100057000000003012804306000056.02  
2015051400001100057000000003012804308000191.60  
2015051400001100057000000003012804312000056.02  
2015051400001100057000000003012804999002086.99  
2015051400001100058000000004450657074000224.09  
2015051400001100058000000004450657204001120.44  
2015051400001100058000000004450657301001120.44  
2015051400001100058000000004450657303000191.60  
2015051400001100058000000004450657305000056.02  
2015051400001100058000000004450657307000191.60  
2015051400001100058000000004450657311000056.02  
2015051400001100058000000004450657999000502.43  
2015051400001100061000000003518117074000230.05  
2015051400001100061000000003518117204001150.25  
2015051400001100061000000003518117301001150.25  
2015051400001100061000000003518117303000196.69  
2015051400001100061000000003518117305000057.51  
2015051400001100061000000003518117307000196.69  
2015051400001100061000000003518117311000057.51  
2015051400001100061000000003518117999003783.81  
2015051400001100062000000004467869074000224.09  
2015051400001100062000000004467869204001120.44  
2015051400001100062000000004467869301001120.44  
2015051400001100062000000004467869303000191.60  
2015051400001100062000000004467869305000056.02  
2015051400001100062000000004467869307000191.60  
2015051400001100062000000004467869311000056.02  
2015051400001100062000000004467869999000559.08  
2015051400001100064000000004467420074000244.95  
2015051400001100064000000004467420204001224.77  
2015051400001100064000000004467420301001224.77  
2015051400001100064000000004467420303000209.44  
2015051400001100064000000004467420305000061.24  
2015051400001100064000000004467420307000209.44  
2015051400001100064000000004467420311000061.24  
2015051400001100064000000004467420999004662.88  
2015051400001100065000000004414461074000246.03  
2015051400001100065000000004414461204001230.17  
2015051400001100065000000004414461301001230.17  
2015051400001100065000000004414461303000210.36  
2015051400001100065000000004414461305000061.51  
2015051400001100065000000004414461307000210.36  
2015051400001100065000000004414461311000061.51  
2015051400001100065000000004414461999000200.55  
2015051400001100066000000005161700074000240.07  
2015051400001100066000000005161700204001200.36  
2015051400001100066000000005161700301001200.36  
2015051400001100066000000005161700303000205.26  
2015051400001100066000000005161700305000060.02  
2015051400001100066000000005161700307000205.26  
2015051400001100066000000005161700311000060.02  
2015051400001100066000000005161700999000696.68  
2015051400001100068000000004884164074000200.89  
2015051400001100068000000004884164204001004.44  
2015051400001100068000000004884164302001004.44  
2015051400001100068000000004884164304000171.76  
2015051400001100068000000004884164306000050.22  
2015051400001100068000000004884164308000171.76  
2015051400001100068000000004884164312000050.22  
2015051400001100068000000004884164999003325.91  
2015051400001100069000000003459316074000200.89  
2015051400001100069000000003459316204001004.44  
2015051400001100069000000003459316302001004.44  
2015051400001100069000000003459316304000171.76  
2015051400001100069000000003459316306000050.22  
2015051400001100069000000003459316308000171.76  
2015051400001100069000000003459316312000050.22  
2015051400001100069000000003459316999000659.17  
2015051400001100070000000003729038074000229.70  
2015051400001100070000000003729038204001148.51  
2015051400001100070000000003729038301001148.51  
2015051400001100070000000003729038303000196.40  
2015051400001100070000000003729038305000057.43  
2015051400001100070000000003729038307000196.40  
2015051400001100070000000003729038311000057.43  
2015051400001100070000000003729038999006037.81  
2015051400001100071000000003720522074000268.89  
2015051400001100071000000003720522204001344.43  
2015051400001100071000000003720522301001344.43  
2015051400001100071000000003720522303000229.90  
2015051400001100071000000003720522305000067.22  
2015051400001100071000000003720522307000229.90  
2015051400001100071000000003720522311000067.22  
2015051400001100071000000003720522999003170.79  
2015051400001100074000000005291890074000209.14  
2015051400001100074000000005291890204001045.68  
2015051400001100074000000005291890302001045.68  
2015051400001100074000000005291890304000178.81  
2015051400001100074000000005291890306000052.28  
2015051400001100074000000005291890308000178.81  
2015051400001100074000000005291890312000052.28  
2015051400001100074000000005291890999000822.10  
2015051400001100075000000004013122074000175.11  
2015051400001100075000000004013122204000875.54  
2015051400001100075000000004013122301000875.54  
2015051400001100075000000004013122303000149.72  
2015051400001100075000000004013122305000043.78  
2015051400001100075000000004013122307000149.72  
2015051400001100075000000004013122311000043.78  
2015051400001100075000000004013122999000744.02  
2015051400001100076000000006466668074000209.14  
2015051400001100076000000006466668204001045.68  
2015051400001100076000000006466668302001045.68  
2015051400001100076000000006466668304000178.81  
2015051400001100076000000006466668306000052.28  
2015051400001100076000000006466668308000178.81  
2015051400001100076000000006466668312000052.28  
2015051400001100076000000006466668999000615.48  
2015051400001100079000000005225966074000175.11  
2015051400001100079000000005225966204000875.54  
2015051400001100079000000005225966301000875.54  
2015051400001100079000000005225966303000149.72  
2015051400001100079000000005225966305000043.78  
2015051400001100079000000005225966307000149.72  
2015051400001100079000000005225966311000043.78  
2015051400001100079000000005225966999003628.57  
2015051400001100080000000003768663074000175.11  
2015051400001100080000000003768663204000875.54  
2015051400001100080000000003768663302000875.54  
2015051400001100080000000003768663304000149.72  
2015051400001100080000000003768663306000043.78  
2015051400001100080000000003768663308000149.72  
2015051400001100080000000003768663312000043.78  
2015051400001100080000000003768663999003543.88  
2015051400001100082000000002899775074000162.23  
2015051400001100082000000002899775204000811.14  
2015051400001100082000000002899775301000811.14  
2015051400001100082000000002899775303000138.70  
2015051400001100082000000002899775305000040.56  
2015051400001100082000000002899775307000138.70  
2015051400001100082000000002899775311000040.56  
2015051400001100082000000002899775999001970.97  
2015051400001100084000000002879279074000191.04  
2015051400001100084000000002879279204000955.21  
2015051400001100084000000002879279302000955.21  
2015051400001100084000000002879279304000163.34  
2015051400001100084000000002879279306000047.76  
2015051400001100084000000002879279308000163.34  
2015051400001100084000000002879279312000047.76  
2015051400001100084000000002879279999000719.70  
2015051400001100085000000006473021074000162.23  
2015051400001100085000000006473021204000811.14  
2015051400001100085000000006473021301000811.14  
2015051400001100085000000006473021303000138.70  
2015051400001100085000000006473021305000040.56  
2015051400001100085000000006473021307000138.70  
2015051400001100085000000006473021311000040.56  
2015051400001100085000000006473021999002285.14  
2015051400001100086000000004461894074000168.19  
2015051400001100086000000004461894204000840.95  
2015051400001100086000000004461894301000840.95  
2015051400001100086000000004461894303000143.80  
2015051400001100086000000004461894305000042.05  
2015051400001100086000000004461894307000143.80  
2015051400001100086000000004461894311000042.05  
2015051400001100086000000004461894999002991.61  
2015051400001100090000000004510395074000144.17  
2015051400001100090000000004510395204000720.84  
2015051400001100090000000004510395301000720.84  
2015051400001100090000000004510395303000123.26  
2015051400001100090000000004510395305000036.04  
2015051400001100090000000004510395307000123.26  
2015051400001100090000000004510395311000036.04  
2015051400001100090000000004510395999003071.07  
2015051400001100092000000002914344074000219.21  
2015051400001100092000000002914344204001096.06  
2015051400001100092000000002914344301001096.06  
2015051400001100092000000002914344303000187.43  
2015051400001100092000000002914344305000054.80  
2015051400001100092000000002914344307000187.43  
2015051400001100092000000002914344311000054.80  
2015051400001100092000000002914344999001683.68  
2015051400001100093000000003078110074000241.48  
2015051400001100093000000003078110204001207.40  
2015051400001100093000000003078110301001207.40  
2015051400001100093000000003078110303000206.47  
2015051400001100093000000003078110305000060.37  
2015051400001100093000000003078110307000206.47  
2015051400001100093000000003078110311000060.37  
2015051400001100093000000003078110999003165.81  
2015051400001100095000000006431024074000144.17  
2015051400001100095000000006431024204000720.84  
2015051400001100095000000006431024302000720.84  
2015051400001100095000000006431024304000123.26  
2015051400001100095000000006431024306000036.04  
2015051400001100095000000006431024308000123.26  
2015051400001100095000000006431024312000036.04  
2015051400001100095000000006431024999000828.47  
2015051400001100096000000003099304074000172.01  
2015051400001100096000000003099304204000860.04  
2015051400001100096000000003099304301000860.04  
2015051400001100096000000003099304303000147.07  
2015051400001100096000000003099304305000043.00  
2015051400001100096000000003099304307000147.07  
2015051400001100096000000003099304311000043.00  
2015051400001100096000000003099304999000782.75  
2015051400001100098000000004022515074000177.97  
2015051400001100098000000004022515204000889.85  
2015051400001100098000000004022515302000889.85  
2015051400001100098000000004022515304000152.16  
2015051400001100098000000004022515306000044.49  
2015051400001100098000000004022515308000152.16  
2015051400001100098000000004022515312000044.49  
2015051400001100098000000004022515999002596.10  
2015051400001100099000000005648577074000172.01  
2015051400001100099000000005648577204000860.04  
2015051400001100099000000005648577302000860.04  
2015051400001100099000000005648577304000147.07  
2015051400001100099000000005648577306000043.00  
2015051400001100099000000005648577308000147.07  
2015051400001100099000000005648577312000043.00  
2015051400001100099000000005648577999001427.78  
2015051400001100100000000007349314074000188.88  
2015051400001100100000000007349314204000944.40  
2015051400001100100000000007349314301000944.40  
2015051400001100100000000007349314305000047.22  
2015051400001100100000000007349314311000047.22  
2015051400001100100000000007349314999000095.33  
2015051400001100101000000001370502074000219.40  
2015051400001100101000000001370502204001096.98  
2015051400001100101000000001370502301001096.98  
2015051400001100101000000001370502303000187.58  
2015051400001100101000000001370502305000054.85  
2015051400001100101000000001370502307000187.58  
2015051400001100101000000001370502311000054.85  
2015051400001100101000000001370502999003861.34  
2015051400001100102000000002692604074000198.21  
2015051400001100102000000002692604204000991.05  
2015051400001100102000000002692604301000991.05  
2015051400001100102000000002692604303000169.47  
2015051400001100102000000002692604305000049.55  
2015051400001100102000000002692604307000169.47  
2015051400001100102000000002692604311000049.55  
2015051400001100102000000002692604999004534.16  
2015051400001100103000000000959934074000176.00  
2015051400001100103000000000959934204000880.00  
2015051400001100103000000000959934302000880.00  
2015051400001100103000000000959934304000150.48  
2015051400001100103000000000959934306000044.00  
2015051400001100103000000000959934308000150.48  
2015051400001100103000000000959934312000044.00  
2015051400001100103000000000959934999001274.70  
2015051400001100104000000001760686074000177.42  
2015051400001100104000000001760686204000887.09  
2015051400001100104000000001760686301000887.09  
2015051400001100104000000001760686303000151.69  
2015051400001100104000000001760686305000044.35  
2015051400001100104000000001760686307000151.69  
2015051400001100104000000001760686311000044.35  
2015051400001100104000000001760686999002273.03  
2015051400001100105000000000803131074000176.00  
2015051400001100105000000000803131204000880.00  
2015051400001100105000000000803131302000880.00  
2015051400001100105000000000803131306000044.00  
2015051400001100105000000000803131312000044.00  
2015051400001100105000000000803131999001004.96  
2015051400001100106000000002045701074000176.00  
2015051400001100106000000002045701204000880.00  
2015051400001100106000000002045701301000880.00  
2015051400001100106000000002045701303000150.48  
2015051400001100106000000002045701305000044.00  
2015051400001100106000000002045701307000150.48  
2015051400001100106000000002045701311000044.00  
2015051400001100106000000002045701999001163.16  
2015051400001100107000000003831838074000152.15  
2015051400001100107000000003831838204000760.77  
2015051400001100107000000003831838301000760.77  
2015051400001100107000000003831838303000130.09  
2015051400001100107000000003831838305000038.04  
2015051400001100107000000003831838307000130.09  
2015051400001100107000000003831838311000038.04  
2015051400001100107000000003831838999003608.19  
2015051400001100108000000000855279074000176.00  
2015051400001100108000000000855279204000880.00  
2015051400001100108000000000855279301000880.00  
2015051400001100108000000000855279303000150.48  
2015051400001100108000000000855279305000044.00  
2015051400001100108000000000855279307000150.48  
2015051400001100108000000000855279311000044.00  
2015051400001100108000000000855279999002526.70  
2015051400001100109000000003782731074000234.47  
2015051400001100109000000003782731204001172.37  
2015051400001100109000000003782731301001172.37  
2015051400001100109000000003782731303000200.48  
2015051400001100109000000003782731305000058.62  
2015051400001100109000000003782731307000200.48  
2015051400001100109000000003782731311000058.62  
2015051400001100109000000003782731999001157.96  
2015051400001100110000000003720627074000234.32  
2015051400001100110000000003720627204001171.58  
2015051400001100110000000003720627301001171.58  
2015051400001100110000000003720627303000200.34  
2015051400001100110000000003720627305000058.58  
2015051400001100110000000003720627307000200.34  
2015051400001100110000000003720627311000058.58  
2015051400001100110000000003720627999004627.88  
2015051400001100111000000002894101074000160.10  
2015051400001100111000000002894101204000800.51  
2015051400001100111000000002894101301000800.51  
2015051400001100111000000002894101303000136.89  
2015051400001100111000000002894101305000040.03  
2015051400001100111000000002894101307000136.89  
2015051400001100111000000002894101311000040.03  
2015051400001100111000000002894101999002776.47  
2015051400001100112000000001714032074000235.48  
2015051400001100112000000001714032204001177.38  
2015051400001100112000000001714032301001177.38  
2015051400001100112000000001714032303000201.33  
2015051400001100112000000001714032305000058.87  
2015051400001100112000000001714032307000201.33  
2015051400001100112000000001714032311000058.87  
2015051400001100112000000001714032999001073.16  
2015051400001100113000000005916650074000131.29  
2015051400001100113000000005916650204000656.44  
2015051400001100113000000005916650302000656.44  
2015051400001100113000000005916650304000112.25  
2015051400001100113000000005916650306000032.82  
2015051400001100113000000005916650308000112.25  
2015051400001100113000000005916650312000032.82  
2015051400001100113000000005916650999002105.47  
2015051400001100114000000000960278074000160.10  
2015051400001100114000000000960278204000800.51  
2015051400001100114000000000960278301000800.51  
2015051400001100114000000000960278303000136.89  
2015051400001100114000000000960278305000040.03  
2015051400001100114000000000960278307000136.89  
2015051400001100114000000000960278311000040.03  
2015051400001100114000000000960278999001354.60  
2015051400001100115000000004329789074000202.44  
2015051400001100115000000004329789204001012.22  
2015051400001100115000000004329789301001012.22  
2015051400001100115000000004329789303000173.09  
2015051400001100115000000004329789305000050.61  
2015051400001100115000000004329789307000173.09  
2015051400001100115000000004329789311000050.61  
2015051400001100115000000004329789999004142.24  
2015051400001100116000000003504972074000204.38  
2015051400001100116000000003504972204001021.90  
2015051400001100116000000003504972301001021.90  
2015051400001100116000000003504972303000174.75  
2015051400001100116000000003504972305000051.10  
2015051400001100116000000003504972307000174.75  
2015051400001100116000000003504972311000051.10  
2015051400001100116000000003504972999001494.13  
2015051400001100117000000003754990074000205.46  
2015051400001100117000000003754990204001027.28  
2015051400001100117000000003754990301001027.28  
2015051400001100117000000003754990303000175.67  
2015051400001100117000000003754990305000051.36  
2015051400001100117000000003754990307000175.67  
2015051400001100117000000003754990311000051.36  
2015051400001100117000000003754990999003042.86  
2015051400001100118000000003482063074000203.21  
2015051400001100118000000003482063204001016.05  
2015051400001100118000000003482063301001016.05  
2015051400001100118000000003482063303000173.74  
2015051400001100118000000003482063305000050.80  
2015051400001100118000000003482063307000173.74  
2015051400001100118000000003482063311000050.80  
2015051400001100118000000003482063999001001.81  
2015051400001100119000000004800059074000156.70  
2015051400001100119000000004800059204000783.48  
2015051400001100119000000004800059302000783.48  
2015051400001100119000000004800059304000133.98  
2015051400001100119000000004800059306000039.17  
2015051400001100119000000004800059308000133.98  
2015051400001100119000000004800059312000039.17  
2015051400001100119000000004800059999002508.91  
2015051400001100122000000001764275074000158.14  
2015051400001100122000000001764275204000790.69  
2015051400001100122000000001764275301000790.69  
2015051400001100122000000001764275303000135.21  
2015051400001100122000000001764275305000039.53  
2015051400001100122000000001764275307000135.21  
2015051400001100122000000001764275311000039.53  
2015051400001100122000000001764275999003184.49  
2015051400001100123000000003417050074000161.38  
2015051400001100123000000003417050204000806.92  
2015051400001100123000000003417050301000806.92  
2015051400001100123000000003417050303000137.98  
2015051400001100123000000003417050305000040.35  
2015051400001100123000000003417050307000137.98  
2015051400001100123000000003417050311000040.35  
2015051400001100123000000003417050999001122.45  
2015051400001100124000000003786262074000150.50  
2015051400001100124000000003786262204000752.52  
2015051400001100124000000003786262301000752.52  
2015051400001100124000000003786262303000128.68  
2015051400001100124000000003786262305000037.63  
2015051400001100124000000003786262307000128.68  
2015051400001100124000000003786262311000037.63  
2015051400001100124000000003786262999002401.10  
2015051400001100125000000008854526074000163.07  
2015051400001100125000000008854526204000815.34  
2015051400001100125000000008854526301000815.34  
2015051400001100125000000008854526303000139.42  
2015051400001100125000000008854526305000040.77  
2015051400001100125000000008854526307000139.42  
2015051400001100125000000008854526311000040.77  
2015051400001100125000000008854526999003789.52  
2015051400001100126000000005151886074000159.69  
2015051400001100126000000005151886204000798.44  
2015051400001100126000000005151886301000798.44  
2015051400001100126000000005151886303000136.53  
2015051400001100126000000005151886305000039.92  
2015051400001100126000000005151886307000136.53  
2015051400001100126000000005151886311000039.92  
2015051400001100126000000005151886999003283.34  
2015051400001100127000000004538011074000105.51  
2015051400001100127000000004538011204000527.54  
2015051400001100127000000004538011302000527.54  
2015051400001100127000000004538011304000090.21  
2015051400001100127000000004538011306000026.38  
2015051400001100127000000004538011308000090.21  
2015051400001100127000000004538011312000026.38  
2015051400001100127000000004538011999001636.21  
2015051400001100128000000006096339074000129.09  
2015051400001100128000000006096339204000645.47  
2015051400001100128000000006096339302000645.47  
2015051400001100128000000006096339304000110.37  
2015051400001100128000000006096339306000032.27  
2015051400001100128000000006096339308000110.37  
2015051400001100128000000006096339312000032.27  
2015051400001100128000000006096339999000595.11  
2015051400001100129000000005179460074000141.02  
2015051400001100129000000005179460204000705.12  
2015051400001100129000000005179460302000705.12  
2015051400001100129000000005179460304000120.58  
2015051400001100129000000005179460306000035.26  
2015051400001100129000000005179460308000120.58  
2015051400001100129000000005179460312000035.26  
2015051400001100129000000005179460999003402.87  
2015051400001100130000000004410789074000178.49  
2015051400001100130000000004410789204000892.44  
2015051400001100130000000004410789301000892.44  
2015051400001100130000000004410789303000152.61  
2015051400001100130000000004410789305000044.62  
2015051400001100130000000004410789307000152.61  
2015051400001100130000000004410789311000044.62  
2015051400001100130000000004410789999003982.05  
2015051400001100132000000004415402074000171.08  
2015051400001100132000000004415402204000855.41  
2015051400001100132000000004415402301000855.41  
2015051400001100132000000004415402303000146.27  
2015051400001100132000000004415402305000042.77  
2015051400001100132000000004415402307000146.27  
2015051400001100132000000004415402311000042.77  
2015051400001100132000000004415402999002649.74  
2015051400001100133000000004200223074000155.86  
2015051400001100133000000004200223204000779.31  
2015051400001100133000000004200223302000779.31  
2015051400001100133000000004200223304000133.26  
2015051400001100133000000004200223306000038.97  
2015051400001100133000000004200223308000133.26  
2015051400001100133000000004200223312000038.97  
2015051400001100133000000004200223999003286.24  
2015051400001100134000000003605581074000105.51  
2015051400001100134000000003605581204000527.54  
2015051400001100134000000003605581301000527.54  
2015051400001100134000000003605581303000090.21  
2015051400001100134000000003605581305000026.38  
2015051400001100134000000003605581307000090.21  
2015051400001100134000000003605581311000026.38  
2015051400001100134000000003605581999001252.51  
2015051400001100135000000005903134074000159.69  
2015051400001100135000000005903134204000798.44  
2015051400001100135000000005903134301000798.44  
2015051400001100135000000005903134303000136.53  
2015051400001100135000000005903134305000039.92  
2015051400001100135000000005903134307000136.53  
2015051400001100135000000005903134311000039.92  
2015051400001100135000000005903134999000831.58  
2015051400001100136000000004702349074000168.13  
2015051400001100136000000004702349204000840.64  
2015051400001100136000000004702349301000840.64  
2015051400001100136000000004702349303000143.75  
2015051400001100136000000004702349305000042.03  
2015051400001100136000000004702349307000143.75  
2015051400001100136000000004702349311000042.03  
2015051400001100136000000004702349999002837.07  
2015051400001100137000000002551314074000134.32  
2015051400001100137000000002551314204000671.61  
2015051400001100137000000002551314302000671.61  
2015051400001100137000000002551314304000114.85  
2015051400001100137000000002551314306000033.58  
2015051400001100137000000002551314308000114.85  
2015051400001100137000000002551314312000033.58  
2015051400001100137000000002551314999003058.79  
2015051400001100138000000003693620074000127.91  
2015051400001100138000000003693620204000639.53  
2015051400001100138000000003693620301000639.53  
2015051400001100138000000003693620303000109.36  
2015051400001100138000000003693620305000031.98  
2015051400001100138000000003693620307000109.36  
2015051400001100138000000003693620311000031.98  
2015051400001100138000000003693620999001077.14  
2015051400001100139000000004897781074000151.24  
2015051400001100139000000004897781204000756.18  
2015051400001100139000000004897781301000756.18  
2015051400001100139000000004897781303000129.31  
2015051400001100139000000004897781305000037.81  
2015051400001100139000000004897781307000129.31  
2015051400001100139000000004897781311000037.81  
2015051400001100139000000004897781999000453.40  
2015051400001100140000000004886972074000090.03  
2015051400001100140000000004886972204000450.14  
2015051400001100140000000004886972302000450.14  
2015051400001100140000000004886972304000076.97  
2015051400001100140000000004886972306000022.51  
2015051400001100140000000004886972308000076.97  
2015051400001100140000000004886972312000022.51  
2015051400001100140000000004886972999003233.92  
2015051400001100141000000004870962074000090.03  
2015051400001100141000000004870962204000450.14  
2015051400001100141000000004870962302000450.14  
2015051400001100141000000004870962304000076.97  
2015051400001100141000000004870962306000022.51  
2015051400001100141000000004870962308000076.97  
2015051400001100141000000004870962312000022.51  
2015051400001100141000000004870962999000567.93  
2015051400001100142000000003064016074000127.91  
2015051400001100142000000003064016204000639.53  
2015051400001100142000000003064016301000639.53  
2015051400001100142000000003064016303000109.36  
2015051400001100142000000003064016305000031.98  
2015051400001100142000000003064016307000109.36  
2015051400001100142000000003064016311000031.98  
2015051400001100142000000003064016999001728.42  
2015051400001100143000000003753027074000110.89  
2015051400001100143000000003753027204000554.47  
2015051400001100143000000003753027301000554.47  
2015051400001100143000000003753027303000094.81  
2015051400001100143000000003753027305000027.72  
2015051400001100143000000003753027307000094.81  
2015051400001100143000000003753027311000027.72  
2015051400001100143000000003753027999001387.94  
2015051400001100144000000007962862074000125.08  
2015051400001100144000000007962862204000625.40  
2015051400001100144000000007962862301000625.40  
2015051400001100144000000007962862303000106.94  
2015051400001100144000000007962862305000031.27  
2015051400001100144000000007962862307000106.94  
2015051400001100144000000007962862311000031.27  
2015051400001100144000000007962862999002398.96  
2015051400001100146000000003734545074000351.71  
2015051400001100146000000003734545204001758.54  
2015051400001100146000000003734545301001758.54  
2015051400001100146000000003734545303000300.71  
2015051400001100146000000003734545305000087.93  
2015051400001100146000000003734545307000300.71  
2015051400001100146000000003734545311000087.93  
2015051400001100146000000003734545999001367.11  
2015051400001100201000000002991007074000384.98  
2015051400001100201000000002991007204001924.90  
2015051400001100201000000002991007302001924.90  
2015051400001100201000000002991007304000329.16  
2015051400001100201000000002991007306000096.25  
2015051400001100201000000002991007308000329.16  
2015051400001100201000000002991007312000096.25  
2015051400001100201000000002991007999003499.24  
2015051400001100202000000000953021074000802.73  
2015051400001100202000000000953021204004013.65  
2015051400001100202000000000953021302004013.65  
2015051400001100202000000000953021304000686.33  
2015051400001100202000000000953021306000200.68  
2015051400001100202000000000953021308000686.33  
2015051400001100202000000000953021312000200.68  
2015051400001100202000000000953021999008581.55  
2015051400001100203000000001069089074000770.40  
2015051400001100203000000001069089204003852.00  
2015051400001100203000000001069089302003852.00  
2015051400001100203000000001069089304000658.69  
2015051400001100203000000001069089306000192.60  
2015051400001100203000000001069089308000658.69  
2015051400001100203000000001069089312000192.60  
2015051400001100203000000001069089999003911.55  
2015051400001100204000000003017631074000781.33  
2015051400001100204000000003017631204003906.65  
2015051400001100204000000003017631302003906.65  
2015051400001100204000000003017631304000668.04  
2015051400001100204000000003017631306000195.33  
2015051400001100204000000003017631308000668.04  
2015051400001100204000000003017631312000195.33  
2015051400001100204000000003017631999001424.76  
2015051400001100205000000001893812074000770.40  
2015051400001100205000000001893812204003852.00  
2015051400001100205000000001893812301003852.00  
2015051400001100205000000001893812303000658.69  
2015051400001100205000000001893812305000192.60  
2015051400001100205000000001893812307000658.69  
2015051400001100205000000001893812311000192.60  
2015051400001100205000000001893812999004714.94  
2015051400001100206000000003025505074000788.28  
2015051400001100206000000003025505204003941.42  
2015051400001100206000000003025505302003941.42  
2015051400001100206000000003025505304000673.98  
2015051400001100206000000003025505306000197.07  
2015051400001100206000000003025505308000673.98  
2015051400001100206000000003025505312000197.07  
2015051400001100206000000003025505999006522.19  
2015051400001100207000000005198940074000514.57  
2015051400001100207000000005198940204002572.85  
2015051400001100207000000005198940301002572.85  
2015051400001100207000000005198940303000439.96  
2015051400001100207000000005198940305000128.64  
2015051400001100207000000005198940307000439.96  
2015051400001100207000000005198940311000128.64  
2015051400001100207000000005198940999008278.46  
2015051400001100209000000004901227074000508.61  
2015051400001100209000000004901227204002543.04  
2015051400001100209000000004901227301002543.04  
2015051400001100209000000004901227303000434.86  
2015051400001100209000000004901227305000127.15  
2015051400001100209000000004901227307000434.86  
2015051400001100209000000004901227311000127.15  
2015051400001100209000000004901227999000145.82  
2015051400001100210000000003621269074000537.42  
2015051400001100210000000003621269204002687.11  
2015051400001100210000000003621269301002687.11  
2015051400001100210000000003621269303000459.50  
2015051400001100210000000003621269305000134.36  
2015051400001100210000000003621269307000459.50  
2015051400001100210000000003621269311000134.36  
2015051400001100210000000003621269999007190.64  
2015051400001100211000000004414796074000508.61  
2015051400001100211000000004414796204002543.04  
2015051400001100211000000004414796301002543.04  
2015051400001100211000000004414796303000434.86  
2015051400001100211000000004414796305000127.15  
2015051400001100211000000004414796307000434.86  
2015051400001100211000000004414796311000127.15  
2015051400001100211000000004414796999005478.58  
2015051400001100212000000004411903074000503.64  
2015051400001100212000000004411903204002518.20  
2015051400001100212000000004411903302002518.20  
2015051400001100212000000004411903304000430.61  
2015051400001100212000000004411903306000125.91  
2015051400001100212000000004411903308000430.61  
2015051400001100212000000004411903312000125.91  
2015051400001100212000000004411903999001261.93  
2015051400001100213000000005213524001000222.00  
2015051400001100213000000005213524074000351.71  
2015051400001100213000000005213524204001758.54  
2015051400001100213000000005213524302001758.54  
2015051400001100213000000005213524304000300.71  
2015051400001100213000000005213524306000087.93  
2015051400001100213000000005213524308000300.71  
2015051400001100213000000005213524312000087.93  
2015051400001100213000000005213524999007009.20  
2015051400001100217000000003778798074000343.14  
2015051400001100217000000003778798204001715.71  
2015051400001100217000000003778798301001715.71  
2015051400001100217000000003778798303000293.39  
2015051400001100217000000003778798305000085.79  
2015051400001100217000000003778798307000293.39  
2015051400001100217000000003778798311000085.79  
2015051400001100217000000003778798999007547.50  
2015051400001100218000000002406485074000303.53  
2015051400001100218000000002406485204001517.65  
2015051400001100218000000002406485301001517.65  
2015051400001100218000000002406485303000259.52  
2015051400001100218000000002406485305000075.88  
2015051400001100218000000002406485307000259.52  
2015051400001100218000000002406485311000075.88  
2015051400001100218000000002406485999001446.99  
2015051400001100219000000000810986074000318.43  
2015051400001100219000000000810986204001592.17  
2015051400001100219000000000810986302001592.17  
2015051400001100219000000000810986304000272.26  
2015051400001100219000000000810986306000079.61  
2015051400001100219000000000810986308000272.26  
2015051400001100219000000000810986312000079.61  
2015051400001100219000000000810986999001446.52  
2015051400001100221000000002900854074000503.64  
2015051400001100221000000002900854204002518.20  
2015051400001100221000000002900854302002518.20  
2015051400001100221000000002900854304000430.61  
2015051400001100221000000002900854306000125.91  
2015051400001100221000000002900854308000430.61  
2015051400001100221000000002900854312000125.91  
2015051400001100221000000002900854999005259.00  
2015051400001100222000000002862575074000503.64  
2015051400001100222000000002862575204002518.20  
2015051400001100222000000002862575301002518.20  
2015051400001100222000000002862575303000430.61  
2015051400001100222000000002862575305000125.91  
2015051400001100222000000002862575307000430.61  
2015051400001100222000000002862575311000125.91  
2015051400001100222000000002862575999000185.05  
2015051400001100224000000004433413074000351.71  
2015051400001100224000000004433413204001758.54  
2015051400001100224000000004433413301001758.54  
2015051400001100224000000004433413303000300.71  
2015051400001100224000000004433413305000087.93  
2015051400001100224000000004433413307000300.71  
2015051400001100224000000004433413311000087.93  
2015051400001100224000000004433413999001067.77  
2015051400001100225000000003314456074000230.05  
2015051400001100225000000003314456204001150.25  
2015051400001100225000000003314456301001150.25  
2015051400001100225000000003314456303000196.69  
2015051400001100225000000003314456305000057.51  
2015051400001100225000000003314456307000196.69  
2015051400001100225000000003314456311000057.51  
2015051400001100225000000003314456999003388.85  
2015051400001100226000000001930623074000253.73  
2015051400001100226000000001930623204001268.64  
2015051400001100226000000001930623302001268.64  
2015051400001100226000000001930623304000216.94  
2015051400001100226000000001930623306000063.43  
2015051400001100226000000001930623308000216.94  
2015051400001100226000000001930623312000063.43  
2015051400001100226000000001930623999001013.26  
2015051400001100227000000000936305074000282.54  
2015051400001100227000000000936305204001412.71  
2015051400001100227000000000936305301001412.71  
2015051400001100227000000000936305303000241.57  
2015051400001100227000000000936305305000070.64  
2015051400001100227000000000936305307000241.57  
2015051400001100227000000000936305311000070.64  
2015051400001100227000000000936305999004338.40  
2015051400001100228000000005193215074000224.09  
2015051400001100228000000005193215204001120.44  
2015051400001100228000000005193215301001120.44  
2015051400001100228000000005193215303000191.60  
2015051400001100228000000005193215305000056.02  
2015051400001100228000000005193215307000191.60  
2015051400001100228000000005193215311000056.02  
2015051400001100228000000005193215999003967.52  
2015051400001100229000000004502182074000144.17  
2015051400001100229000000004502182204000720.84  
2015051400001100229000000004502182301000720.84  
2015051400001100229000000004502182303000123.26  
2015051400001100229000000004502182305000036.04  
2015051400001100229000000004502182307000123.26  
2015051400001100229000000004502182311000036.04  
2015051400001100229000000004502182999000503.87  
2015051400001100230000000003757088001000061.95  
2015051400001100230000000003757088074000288.56  
2015051400001100230000000003757088204001442.82  
2015051400001100230000000003757088301001442.82  
2015051400001100230000000003757088303000246.72  
2015051400001100230000000003757088305000072.14  
2015051400001100230000000003757088307000246.72  
2015051400001100230000000003757088311000072.14  
2015051400001100230000000003757088999005436.70  
2015051400001100231000000003131710074000351.09  
2015051400001100231000000003131710204001755.46  
2015051400001100231000000003131710301001755.46  
2015051400001100231000000003131710303000300.18  
2015051400001100231000000003131710305000087.77  
2015051400001100231000000003131710307000300.18  
2015051400001100231000000003131710311000087.77  
2015051400001100231000000003131710999006872.88  
2015051400001100232000000002875093074000297.57  
2015051400001100232000000002875093204001487.84  
2015051400001100232000000002875093302001487.84  
2015051400001100232000000002875093304000254.42  
2015051400001100232000000002875093306000074.39  
2015051400001100232000000002875093308000254.42  
2015051400001100232000000002875093312000074.39  
2015051400001100232000000002875093999000759.65  
2015051400001100233000000003622065074000326.38  
2015051400001100233000000003622065204001631.91  
2015051400001100233000000003622065301001631.91  
2015051400001100233000000003622065303000279.06  
2015051400001100233000000003622065305000081.60  
2015051400001100233000000003622065307000279.06  
2015051400001100233000000003622065311000081.60  
2015051400001100233000000003622065999005713.29  
2015051400001100234000000004076151074000144.17  
2015051400001100234000000004076151204000720.84  
2015051400001100234000000004076151301000720.84  
2015051400001100234000000004076151303000123.26  
2015051400001100234000000004076151305000036.04  
2015051400001100234000000004076151307000123.26  
2015051400001100234000000004076151311000036.04  
2015051400001100234000000004076151999002953.86  
2015051400001100235000000003623123074000388.47  
2015051400001100235000000003623123204001942.36  
2015051400001100235000000003623123302001942.36  
2015051400001100235000000003623123304000332.14  
2015051400001100235000000003623123306000097.12  
2015051400001100235000000003623123308000332.14  
2015051400001100235000000003623123312000097.12  
2015051400001100235000000003623123999003704.92  
2015051400001100236000000003742365074000181.07  
2015051400001100236000000003742365204000905.35  
2015051400001100236000000003742365301000905.35  
2015051400001100236000000003742365303000154.81  
2015051400001100236000000003742365305000045.27  
2015051400001100236000000003742365307000154.81  
2015051400001100236000000003742365311000045.27  
2015051400001100236000000003742365999000579.91  
