20150514000012000530000000044701020900000111220000248.40  
20150514000012000530000000044701020900000111600001656.00  
20150514000012000530000000044701020900000111700010956.00  
20150514000012000530000000044701020900000113110001120.44  
20150514000012000530000000044701020900000113120000191.60  
20150514000012000530000000044701020900000113131000336.13  
20150514000012000530000000044701020900000113200000224.09  
20150514000012000540000000030812510900000111220001689.12  
20150514000012000540000000030812510900000111700010956.00  
20150514000012000540000000030812510900000113110001264.51  
20150514000012000540000000030812510900000113120000216.23  
20150514000012000540000000030812510900000113131000379.35  
20150514000012000540000000030812510900000113200000252.90  
20150514000012000900000000045103950900000111220000248.40  
20150514000012000900000000045103950900000111700006960.00  
20150514000012000900000000045103950900000113110000720.84  
20150514000012000900000000045103950900000113120000123.26  
20150514000012000900000000045103950900000113131000216.25  
20150514000012000900000000045103950900000113200000144.17  
20150514000012000440000000009521341000000111220002086.56  
20150514000012000440000000009521341000000111700013534.00  
20150514000012000440000000009521341000000113110001562.06  
20150514000012000440000000009521341000000113120000267.11  
20150514000012000440000000009521341000000113131000468.62  
20150514000012000440000000009521341000000113200000312.41  
20150514000012000280000000030994141100000111220000546.48  
20150514000012000280000000030994141100000111310002926.00  
20150514000012000280000000030994141100000111700014630.00  
20150514000012000280000000030994141100000113110001810.25  
20150514000012000280000000030994141100000113120000309.55  
20150514000012000280000000030994141100000113131000543.07  
20150514000012000280000000030994141100000113200000362.05  
20150514000012002190000000008109860900000111220001291.68  
20150514000012002190000000008109860900000111700014630.00  
20150514000012002190000000008109860900000113110001592.17  
20150514000012002190000000008109860900000113120000272.26  
20150514000012002190000000008109860900000113131000477.65  
20150514000012002190000000008109860900000113200000318.43  
20150514000012001150000000043297891100000111220001689.12  
20150514000012001150000000043297891100000111310001147.20  
20150514000012001150000000043297891100000111600001656.00  
20150514000012001150000000043297891100000111700005736.00  
20150514000012001150000000043297891100000111910000252.15  
20150514000012001150000000043297891100000113110000882.45  
20150514000012001150000000043297891100000113120000150.90  
20150514000012001150000000043297891100000113131000264.73  
20150514000012001150000000043297891100000113200000176.49  
20150514000012002180000000024064850900000111220000546.48  
20150514000012002180000000024064850900000111700014630.00  
20150514000012002180000000024064850900000113110001517.65  
20150514000012002180000000024064850900000113120000259.52  
20150514000012002180000000024064850900000113131000455.29  
20150514000012002180000000024064850900000113200000303.53  
20150514000012002250000000033144560900000111220000546.48  
20150514000012002250000000033144560900000111700010956.00  
20150514000012002250000000033144560900000113110001150.25  
20150514000012002250000000033144560900000113120000196.69  
20150514000012002250000000033144560900000113131000345.07  
20150514000012002250000000033144560900000113200000230.05  
20150514000012002350000000036231231000000111220002086.56  
20150514000012002350000000036231231000000111700017337.00  
20150514000012002350000000036231231000000113110001942.36  
20150514000012002350000000036231231000000113120000332.14  
20150514000012002350000000036231231000000113131000582.71  
20150514000012002350000000036231231000000113200000388.47  
20150514000012001220000000017642751100000111220000546.48  
20150514000012001220000000017642751100000111310001005.40  
20150514000012001220000000017642751100000111700005027.00  
20150514000012001220000000017642751100000111910000722.63  
20150514000012001220000000017642751100000113110000730.15  
20150514000012001220000000017642751100000113120000124.86  
20150514000012001220000000017642751100000113131000219.05  
20150514000012001220000000017642751100000113200000146.03  
20150514000012000290000000037708311100000111220001291.68  
20150514000012000290000000037708311100000111310002926.00  
20150514000012000290000000037708311100000111700014630.00  
20150514000012000290000000037708311100000113110001884.77  
20150514000012000290000000037708311100000113120000322.30  
20150514000012000290000000037708311100000113131000565.43  
20150514000012000290000000037708311100000113200000376.95  
20150514000012000560000000051699641000000111220000248.40  
20150514000012000560000000051699641000000111700010956.00  
20150514000012000560000000051699641000000113110001120.44  
20150514000012000560000000051699641000000113120000191.60  
20150514000012000560000000051699641000000113131000336.13  
20150514000012000560000000051699641000000113200000224.09  
20150514000012002110000000044147960900000111220000248.40  
20150514000012002110000000044147960900000111700025182.00  
20150514000012002110000000044147960900000113110002543.04  
20150514000012002110000000044147960900000113120000434.86  
20150514000012002110000000044147960900000113131000762.91  
20150514000012002110000000044147960900000113200000508.61  
20150514000012001160000000035049721100000111220001689.12  
20150514000012001160000000035049721100000111310001147.20  
20150514000012001160000000035049721100000111700005736.00  
20150514000012001160000000035049721100000111910000430.20  
20150514000012001160000000035049721100000113110000900.25  
20150514000012001160000000035049721100000113120000153.94  
20150514000012001160000000035049721100000113131000270.08  
20150514000012001160000000035049721100000113200000180.05  
20150514000012000650000000044144611100000111220000546.48  
20150514000012000650000000044144611100000111310001959.20  
20150514000012000650000000044144611100000111700009796.00  
20150514000012000650000000044144611100000113110001230.17  
20150514000012000650000000044144611100000113120000210.36  
20150514000012000650000000044144611100000113131000369.05  
20150514000012000650000000044144611100000113200000246.03  
20150514000012000570000000030128040900000111220000248.40  
20150514000012000570000000030128040900000111700010956.00  
20150514000012000570000000030128040900000113110001120.44  
20150514000012000570000000030128040900000113120000191.60  
20150514000012000570000000030128040900000113131000336.13  
20150514000012000570000000030128040900000113200000224.09  
20150514000012001170000000037549901100000111220001689.12  
20150514000012001170000000037549901100000111310001147.20  
20150514000012001170000000037549901100000111700005736.00  
20150514000012001170000000037549901100000111910001796.09  
20150514000012001170000000037549901100000113110001036.84  
20150514000012001170000000037549901100000113120000177.30  
20150514000012001170000000037549901100000113131000311.05  
20150514000012001170000000037549901100000113200000207.37  
20150514000012000740000000052918901100000111220000248.40  
20150514000012000740000000052918901100000111310001701.40  
20150514000012000740000000052918901100000111700008507.00  
20150514000012000740000000052918901100000113110001045.68  
20150514000012000740000000052918901100000113120000178.81  
20150514000012000740000000052918901100000113131000313.70  
20150514000012000740000000052918901100000113200000209.14  
20150514000012002300000000037570881100000111220000894.24  
20150514000012002300000000037570881100000111700013534.00  
20150514000012002300000000037570881100000113110001442.82  
20150514000012002300000000037570881100000113120000246.72  
20150514000012002300000000037570881100000113131000432.85  
20150514000012002300000000037570881100000113200000288.56  
20150514000012000750000000040131221000000111220000248.40  
20150514000012000750000000040131221000000111700008507.00  
20150514000012000750000000040131221000000113110000875.54  
20150514000012000750000000040131221000000113120000149.72  
20150514000012000750000000040131221000000113131000262.66  
20150514000012000750000000040131221000000113200000175.11  
20150514000012002340000000040761511100000111220000248.40  
20150514000012002340000000040761511100000111700006960.00  
20150514000012002340000000040761511100000113110000720.84  
20150514000012002340000000040761511100000113120000123.26  
20150514000012002340000000040761511100000113131000216.25  
20150514000012002340000000040761511100000113200000144.17  
20150514000012001230000000034170501100000111220000546.48  
20150514000012001230000000034170501100000111310001005.40  
20150514000012001230000000034170501100000111700005027.00  
20150514000012001230000000034170501100000111910001382.43  
20150514000012001230000000034170501100000113110000796.13  
20150514000012001230000000034170501100000113120000136.14  
20150514000012001230000000034170501100000113131000238.84  
20150514000012001230000000034170501100000113200000159.23  
20150514000012000470000000035904831000000111220000546.48  
20150514000012000470000000035904831000000111700013534.00  
20150514000012000470000000035904831000000113110001408.05  
20150514000012000470000000035904831000000113120000240.78  
20150514000012000470000000035904831000000113131000422.41  
20150514000012000470000000035904831000000113200000281.61  
20150514000012000580000000044506571000000111220000248.40  
20150514000012000580000000044506571000000111700010956.00  
20150514000012000580000000044506571000000113110001120.44  
20150514000012000580000000044506571000000113120000191.60  
20150514000012000580000000044506571000000113131000336.13  
20150514000012000580000000044506571000000113200000224.09  
20150514000012001380000000036936201000000111220001291.68  
20150514000012001380000000036936201000000111310000850.60  
20150514000012001380000000036936201000000111700004253.00  
20150514000012001380000000036936201000000113110000639.53  
20150514000012001380000000036936201000000113120000109.36  
20150514000012001380000000036936201000000113131000191.86  
20150514000012001380000000036936201000000113200000127.91  
20150514000012001010000000013705021100000111220002086.56  
20150514000012001010000000013705021100000111310001263.20  
20150514000012001010000000013705021100000111700006316.00  
20150514000012001010000000013705021100000111910000628.97  
20150514000012001010000000013705021100000113110001029.47  
20150514000012001010000000013705021100000113120000176.04  
20150514000012001010000000013705021100000113131000308.84  
20150514000012001010000000013705021100000113200000205.89  
20150514000012001020000000026926041100000111220001689.12  
20150514000012001020000000026926041100000111310001263.20  
20150514000012001020000000026926041100000111700006316.00  
20150514000012001020000000026926041100000111910000857.92  
20150514000012001020000000026926041100000113110001012.62  
20150514000012001020000000026926041100000113120000173.16  
20150514000012001020000000026926041100000113131000303.79  
20150514000012001020000000026926041100000113200000202.52  
20150514000012000920000000029143441100000111220002086.56  
20150514000012000920000000029143441100000111310001392.00  
20150514000012000920000000029143441100000111700006960.00  
20150514000012000920000000029143441100000111910001084.60  
20150514000012000920000000029143441100000113110001152.32  
20150514000012000920000000029143441100000113120000197.05  
20150514000012000920000000029143441100000113131000345.69  
20150514000012000920000000029143441100000113200000230.46  
20150514000012002130000000052135240900000111220000248.40  
20150514000012002130000000052135240900000111700017337.00  
20150514000012002130000000052135240900000113110001758.54  
20150514000012002130000000052135240900000113120000300.71  
20150514000012002130000000052135240900000113131000527.56  
20150514000012002130000000052135240900000113200000351.71  
20150514000012001030000000009599340900000111220002484.00  
20150514000012001030000000009599340900000111700006316.00  
20150514000012001030000000009599340900000113110000880.00  
20150514000012001030000000009599340900000113120000150.48  
20150514000012001030000000009599340900000113131000264.00  
20150514000012001030000000009599340900000113200000176.00  
20150514000012001240000000037862621100000111220001291.68  
20150514000012001240000000037862621100000111310001005.40  
20150514000012001240000000037862621100000111700005027.00  
20150514000012001240000000037862621100000111910000251.35  
20150514000012001240000000037862621100000113110000757.54  
20150514000012001240000000037862621100000113120000129.54  
20150514000012001240000000037862621100000113131000227.26  
20150514000012001240000000037862621100000113200000151.51  
20150514000012000090000000028683471000000111220000894.24  
20150514000012000090000000028683471000000111700017337.00  
20150514000012000090000000028683471000000113110001823.12  
20150514000012000090000000028683471000000113120000311.75  
20150514000012000090000000028683471000000113131000546.94  
20150514000012000090000000028683471000000113200000364.62  
20150514000012000100000000031374600900000111220001689.12  
20150514000012000100000000031374600900000111700017337.00  
20150514000012000100000000031374600900000113110001902.61  
20150514000012000100000000031374600900000113120000325.35  
20150514000012000100000000031374600900000113131000570.78  
20150514000012000100000000031374600900000113200000380.52  
20150514000012000760000000064666681100000111220000248.40  
20150514000012000760000000064666681100000111310001701.40  
20150514000012000760000000064666681100000111700008507.00  
20150514000012000760000000064666681100000113110001045.68  
20150514000012000760000000064666681100000113120000178.81  
20150514000012000760000000064666681100000113131000313.70  
20150514000012000760000000064666681100000113200000209.14  
20150514000012000930000000030781101100000111220001689.12  
20150514000012000930000000030781101100000111310001392.00  
20150514000012000930000000030781101100000111700006960.00  
20150514000012000930000000030781101100000111910000522.00  
20150514000012000930000000030781101100000113110001056.31  
20150514000012000930000000030781101100000113120000180.63  
20150514000012000930000000030781101100000113131000316.89  
20150514000012000930000000030781101100000113200000211.26  
20150514000012001250000000088545261100000111220000248.40  
20150514000012001250000000088545261100000111310001005.40  
20150514000012001250000000088545261100000111600003312.00  
20150514000012001250000000088545261100000111700005027.00  
20150514000012001250000000088545261100000111910000984.45  
20150514000012001250000000088545261100000113110000726.53  
20150514000012001250000000088545261100000113120000124.24  
20150514000012001250000000088545261100000113131000217.96  
20150514000012001250000000088545261100000113200000145.31  
20150514000012002270000000009363050900000111220001689.12  
20150514000012002270000000009363050900000111700012438.00  
20150514000012002270000000009363050900000113110001412.71  
20150514000012002270000000009363050900000113120000241.57  
20150514000012002270000000009363050900000113131000423.81  
20150514000012002270000000009363050900000113200000282.54  
20150514000012001260000000051518861100000111220000546.48  
20150514000012001260000000051518861100000111310001005.40  
20150514000012001260000000051518861100000111700005027.00  
20150514000012001260000000051518861100000111910000626.29  
20150514000012001260000000051518861100000113110000720.52  
20150514000012001260000000051518861100000113120000123.21  
20150514000012001260000000051518861100000113131000216.16  
20150514000012001260000000051518861100000113200000144.10  
20150514000012000820000000028997750900000111220000248.40  
20150514000012000820000000028997750900000111700007863.00  
20150514000012000820000000028997750900000113110000811.14  
20150514000012000820000000028997750900000113120000138.70  
20150514000012000820000000028997750900000113131000243.34  
20150514000012000820000000028997750900000113200000162.23  
20150514000012002330000000036220651200000111220001689.12  
20150514000012002330000000036220651200000111700014630.00  
20150514000012002330000000036220651200000113110001631.91  
20150514000012002330000000036220651200000113120000279.06  
20150514000012002330000000036220651200000113131000489.57  
20150514000012002330000000036220651200000113200000326.38  
20150514000012000660000000051617001100000111220000248.40  
20150514000012000660000000051617001100000111310001959.20  
20150514000012000660000000051617001100000111700009796.00  
20150514000012000660000000051617001100000113110001200.36  
20150514000012000660000000051617001100000113120000205.26  
20150514000012000660000000051617001100000113131000360.11  
20150514000012000660000000051617001100000113200000240.07  
20150514000012001270000000045380110900000111220000248.40  
20150514000012001270000000045380110900000111700005027.00  
20150514000012001270000000045380110900000113110000527.54  
20150514000012001270000000045380110900000113120000090.21  
20150514000012001270000000045380110900000113131000158.26  
20150514000012001270000000045380110900000113200000105.51  
20150514000012002260000000019306230900000111220000248.40  
20150514000012002260000000019306230900000111700012438.00  
20150514000012002260000000019306230900000113110001268.64  
20150514000012002260000000019306230900000113120000216.94  
20150514000012002260000000019306230900000113131000380.59  
20150514000012002260000000019306230900000113200000253.73  
20150514000012000950000000064310240900000111220000248.40  
20150514000012000950000000064310240900000111700006960.00  
20150514000012000950000000064310240900000113110000720.84  
20150514000012000950000000064310240900000113120000123.26  
20150514000012000950000000064310240900000113131000216.25  
20150514000012000950000000064310240900000113200000144.17  
20150514000012001040000000017606861100000111220001291.68  
20150514000012001040000000017606861100000111310001263.20  
20150514000012001040000000017606861100000111700006316.00  
20150514000012001040000000017606861100000113110000887.09  
20150514000012001040000000017606861100000113120000151.69  
20150514000012001040000000017606861100000113131000266.13  
20150514000012001040000000017606861100000113200000177.42  
20150514000012001180000000034820631100000111220001689.12  
20150514000012001180000000034820631100000111310001147.20  
20150514000012001180000000034820631100000111700005736.00  
20150514000012001180000000034820631100000111910001727.97  
20150514000012001180000000034820631100000113110001030.03  
20150514000012001180000000034820631100000113120000176.13  
20150514000012001180000000034820631100000113131000309.01  
20150514000012001180000000034820631100000113200000206.01  
20150514000012001190000000048000591100000111220000894.24  
20150514000012001190000000048000591100000111310001147.20  
20150514000012001190000000048000591100000111700005736.00  
20150514000012001190000000048000591100000113110000777.74  
20150514000012001190000000048000591100000113120000132.99  
20150514000012001190000000048000591100000113131000233.32  
20150514000012001190000000048000591100000113200000155.55  
20150514000012000960000000030993041100000111220000248.40  
20150514000012000960000000030993041100000111310001392.00  
20150514000012000960000000030993041100000111700006960.00  
20150514000012000960000000030993041100000113110000860.04  
20150514000012000960000000030993041100000113120000147.07  
20150514000012000960000000030993041100000113131000258.01  
20150514000012000960000000030993041100000113200000172.01  
20150514000012001050000000008031310900000111220002484.00  
20150514000012001050000000008031310900000111700006316.00  
20150514000012001050000000008031310900000113110000880.00  
20150514000012001050000000008031310900000113131000264.00  
20150514000012001050000000008031310900000113200000176.00  
20150514000012002090000000049012270900000111220000248.40  
20150514000012002090000000049012270900000111700025182.00  
20150514000012002090000000049012270900000113110002543.04  
20150514000012002090000000049012270900000113120000434.86  
20150514000012002090000000049012270900000113131000762.91  
20150514000012002090000000049012270900000113200000508.61  
20150514000012000680000000048841640900000111220000248.40  
20150514000012000680000000048841640900000111700009796.00  
20150514000012000680000000048841640900000113110001004.44  
20150514000012000680000000048841640900000113120000171.76  
20150514000012000680000000048841640900000113131000301.33  
20150514000012000680000000048841640900000113200000200.89  
20150514000012000840000000028792790900000111220001689.12  
20150514000012000840000000028792790900000111700007863.00  
20150514000012000840000000028792790900000113110000955.21  
20150514000012000840000000028792790900000113120000163.34  
20150514000012000840000000028792790900000113131000286.56  
20150514000012000840000000028792790900000113200000191.04  
20150514000012000850000000064730211000000111220000248.40  
20150514000012000850000000064730211000000111700007863.00  
20150514000012000850000000064730211000000113110000811.14  
20150514000012000850000000064730211000000113120000138.70  
20150514000012000850000000064730211000000113131000243.34  
20150514000012000850000000064730211000000113200000162.23  
20150514000012001390000000048977811100000111220000248.40  
20150514000012001390000000048977811100000111310000850.60  
20150514000012001390000000048977811100000111700004253.00  
20150514000012001390000000048977811100000111910000632.64  
20150514000012001390000000048977811100000113110000598.46  
20150514000012001390000000048977811100000113120000102.34  
20150514000012001390000000048977811100000113131000179.54  
20150514000012001390000000048977811100000113200000119.69  
20150514000012000320000000037688620900000111220000546.48  
20150514000012000320000000037688620900000111700014630.00  
20150514000012000320000000037688620900000113110001517.65  
20150514000012000320000000037688620900000113120000259.52  
20150514000012000320000000037688620900000113131000455.29  
20150514000012000320000000037688620900000113200000303.53  
20150514000012001060000000020457010900000111220002484.00  
20150514000012001060000000020457010900000111700006316.00  
20150514000012001060000000020457010900000113110000880.00  
20150514000012001060000000020457010900000113120000150.48  
20150514000012001060000000020457010900000113131000264.00  
20150514000012001060000000020457010900000113200000176.00  
20150514000012001460000000037345451000000111220000248.40  
20150514000012001460000000037345451000000111700017337.00  
20150514000012001460000000037345451000000113110001758.54  
20150514000012001460000000037345451000000113120000300.71  
20150514000012001460000000037345451000000113131000527.56  
20150514000012001460000000037345451000000113200000351.71  
20150514000012000340000000052702481200000111220000248.40  
20150514000012000340000000052702481200000111700014630.00  
20150514000012000340000000052702481200000113110001487.84  
20150514000012000340000000052702481200000113120000254.42  
20150514000012000340000000052702481200000113131000446.35  
20150514000012000340000000052702481200000113200000297.57  
20150514000012001400000000048869720900000111220000248.40  
20150514000012001400000000048869720900000111600001656.00  
20150514000012001400000000048869720900000111700004253.00  
20150514000012001400000000048869720900000113110000450.14  
20150514000012001400000000048869720900000113120000076.97  
20150514000012001400000000048869720900000113131000135.04  
20150514000012001400000000048869720900000113200000090.03  
20150514000012002240000000044334130900000111220000248.40  
20150514000012002240000000044334130900000111700017337.00  
20150514000012002240000000044334130900000113110001758.54  
20150514000012002240000000044334130900000113120000300.71  
20150514000012002240000000044334130900000113131000527.56  
20150514000012002240000000044334130900000113200000351.71  
20150514000012001070000000038318380900000111220001291.68  
20150514000012001070000000038318380900000111700006316.00  
20150514000012001070000000038318380900000113110000760.77  
20150514000012001070000000038318380900000113120000130.09  
20150514000012001070000000038318380900000113131000228.23  
20150514000012001070000000038318380900000113200000152.15  
20150514000012002050000000018938121100000111700038520.00  
20150514000012002050000000018938121100000113110003852.00  
20150514000012002050000000018938121100000113120000658.69  
20150514000012002050000000018938121100000113131001155.60  
20150514000012002050000000018938121100000113200000770.40  
20150514000012001080000000008552790900000111220002484.00  
20150514000012001080000000008552790900000111700006316.00  
20150514000012001080000000008552790900000113110000880.00  
20150514000012001080000000008552790900000113120000150.48  
20150514000012001080000000008552790900000113131000264.00  
20150514000012001080000000008552790900000113200000176.00  
20150514000012000690000000034593161200000111220000248.40  
20150514000012000690000000034593161200000111700009796.00  
20150514000012000690000000034593161200000113110001004.44  
20150514000012000690000000034593161200000113120000171.76  
20150514000012000690000000034593161200000113131000301.33  
20150514000012000690000000034593161200000113200000200.89  
20150514000012001280000000060963391100000111220000248.40  
20150514000012001280000000060963391100000111310001005.40  
20150514000012001280000000060963391100000111700005027.00  
20150514000012001280000000060963391100000111910001418.04  
20150514000012001280000000060963391100000113110000769.88  
20150514000012001280000000060963391100000113120000131.65  
20150514000012001280000000060963391100000113131000230.97  
20150514000012001280000000060963391100000113200000153.98  
20150514000012000040000000030238800900000112100012631.73  
20150514000012000040000000030238800900000113110001263.17  
20150514000012000040000000030238800900000113120000216.00  
20150514000012000040000000030238800900000113131000378.95  
20150514000012000040000000030238800900000113200000252.63  
20150514000012000700000000037290380900000111220001689.12  
20150514000012000700000000037290380900000111700009796.00  
20150514000012000700000000037290380900000113110001148.51  
20150514000012000700000000037290380900000113120000196.40  
20150514000012000700000000037290380900000113131000344.55  
20150514000012000700000000037290380900000113200000229.70  
20150514000012000710000000037205221100000111220001689.12  
20150514000012000710000000037205221100000111310001959.20  
20150514000012000710000000037205221100000111700009796.00  
20150514000012000710000000037205221100000113110001344.43  
20150514000012000710000000037205221100000113120000229.90  
20150514000012000710000000037205221100000113131000403.33  
20150514000012000710000000037205221100000113200000268.89  
20150514000012001290000000051794601100000111220000546.48  
20150514000012001290000000051794601100000111310001005.40  
20150514000012001290000000051794601100000111700005027.00  
20150514000012001290000000051794601100000111910000739.39  
20150514000012001290000000051794601100000113110000731.83  
20150514000012001290000000051794601100000113120000125.14  
20150514000012001290000000051794601100000113131000219.55  
20150514000012001290000000051794601100000113200000146.37  
20150514000012001300000000044107891100000111220001291.68  
20150514000012001300000000044107891100000111310001005.40  
20150514000012001300000000044107891100000111700005027.00  
20150514000012001300000000044107891100000111910001448.40  
20150514000012001300000000044107891100000113110000877.25  
20150514000012001300000000044107891100000113120000150.01  
20150514000012001300000000044107891100000113131000263.17  
20150514000012001300000000044107891100000113200000175.45  
20150514000012000480000000036173220900000111220000248.40  
20150514000012000480000000036173220900000111700013534.00  
20150514000012000480000000036173220900000113110001378.24  
20150514000012000480000000036173220900000113120000235.68  
20150514000012000480000000036173220900000113131000413.47  
20150514000012000480000000036173220900000113200000275.65  
20150514000012002060000000030255050900000111220000894.24  
20150514000012002060000000030255050900000111700038520.00  
20150514000012002060000000030255050900000113110003941.42  
20150514000012002060000000030255050900000113120000673.98  
20150514000012002060000000030255050900000113131001182.43  
20150514000012002060000000030255050900000113200000788.28  
20150514000012001090000000037827311100000111220002086.56  
20150514000012001090000000037827311100000111310001263.20  
20150514000012001090000000037827311100000111700006316.00  
20150514000012001090000000037827311100000111910001748.74  
20150514000012001090000000037827311100000113110001141.45  
20150514000012001090000000037827311100000113120000195.19  
20150514000012001090000000037827311100000113131000342.44  
20150514000012001090000000037827311100000113200000228.29  
20150514000012002010000000029910070900000111700019249.00  
20150514000012002010000000029910070900000113110001924.90  
20150514000012002010000000029910070900000113120000329.16  
20150514000012002010000000029910070900000113131000577.47  
20150514000012002010000000029910070900000113200000384.98  
20150514000012002030000000010690891000000111700038520.00  
20150514000012002030000000010690891000000113110003852.00  
20150514000012002030000000010690891000000113120000658.69  
20150514000012002030000000010690891000000113131001155.60  
20150514000012002030000000010690891000000113200000770.40  
20150514000012000130000000031378190900000111220001689.12  
20150514000012000130000000031378190900000111700017337.00  
20150514000012000130000000031378190900000113110001902.61  
20150514000012000130000000031378190900000113120000325.35  
20150514000012000130000000031378190900000113131000570.78  
20150514000012000130000000031378190900000113200000380.52  
20150514000012000790000000052259660900000111220000248.40  
20150514000012000790000000052259660900000111700008507.00  
20150514000012000790000000052259660900000113110000875.54  
20150514000012000790000000052259660900000113120000149.72  
20150514000012000790000000052259660900000113131000262.66  
20150514000012000790000000052259660900000113200000175.11  
20150514000012000860000000044618940900000111220000546.48  
20150514000012000860000000044618940900000111700007863.00  
20150514000012000860000000044618940900000113110000840.95  
20150514000012000860000000044618940900000113120000143.80  
20150514000012000860000000044618940900000113131000252.28  
20150514000012000860000000044618940900000113200000168.19  
20150514000012001410000000048709620900000111220000248.40  
20150514000012001410000000048709620900000111700004253.00  
20150514000012001410000000048709620900000113110000450.14  
20150514000012001410000000048709620900000113120000076.97  
20150514000012001410000000048709620900000113131000135.04  
20150514000012001410000000048709620900000113200000090.03  
20150514000012002280000000051932150900000111220000248.40  
20150514000012002280000000051932150900000111700010956.00  
20150514000012002280000000051932150900000113110001120.44  
20150514000012002280000000051932150900000113120000191.60  
20150514000012002280000000051932150900000113131000336.13  
20150514000012002280000000051932150900000113200000224.09  
20150514000012000190000000005681381200000111220002484.00  
20150514000012000190000000005681381200000111700016112.00  
20150514000012000190000000005681381200000113110001859.60  
20150514000012000190000000005681381200000113131000557.88  
20150514000012000190000000005681381200000113200000371.92  
20150514000012000610000000035181171000000111220000546.48  
20150514000012000610000000035181171000000111700010956.00  
20150514000012000610000000035181171000000113110001150.25  
20150514000012000610000000035181171000000113120000196.69  
20150514000012000610000000035181171000000113131000345.07  
20150514000012000610000000035181171000000113200000230.05  
20150514000012001420000000030640161000000111220001291.68  
20150514000012001420000000030640161000000111310000850.60  
20150514000012001420000000030640161000000111700004253.00  
20150514000012001420000000030640161000000113110000639.53  
20150514000012001420000000030640161000000113120000109.36  
20150514000012001420000000030640161000000113131000191.86  
20150514000012001420000000030640161000000113200000127.91  
20150514000012002290000000045021820900000111220000248.40  
20150514000012002290000000045021820900000111700006960.00  
20150514000012002290000000045021820900000113110000720.84  
20150514000012002290000000045021820900000113120000123.26  
20150514000012002290000000045021820900000113131000216.25  
20150514000012002290000000045021820900000113200000144.17  
20150514000012002220000000028625750900000111700025182.00  
20150514000012002220000000028625750900000113110002518.20  
20150514000012002220000000028625750900000113120000430.61  
20150514000012002220000000028625750900000113131000755.46  
20150514000012002220000000028625750900000113200000503.64  
20150514000012000980000000040225151100000111220000546.48  
20150514000012000980000000040225151100000111310001392.00  
20150514000012000980000000040225151100000111700006960.00  
20150514000012000980000000040225151100000113110000889.85  
20150514000012000980000000040225151100000113120000152.16  
20150514000012000980000000040225151100000113131000266.95  
20150514000012000980000000040225151100000113200000177.97  
20150514000012001320000000044154021100000111220000546.48  
20150514000012001320000000044154021100000111310001005.40  
20150514000012001320000000044154021100000111700005027.00  
20150514000012001320000000044154021100000111910001085.00  
20150514000012001320000000044154021100000113110000766.39  
20150514000012001320000000044154021100000113120000131.05  
20150514000012001320000000044154021100000113131000229.92  
20150514000012001320000000044154021100000113200000153.28  
20150514000012002210000000029008541100000111700025182.00  
20150514000012002210000000029008541100000113110002518.20  
20150514000012002210000000029008541100000113120000430.61  
20150514000012002210000000029008541100000113131000755.46  
20150514000012002210000000029008541100000113200000503.64  
20150514000012001330000000042002231100000111220000248.40  
20150514000012001330000000042002231100000111310001005.40  
20150514000012001330000000042002231100000111700005027.00  
20150514000012001330000000042002231100000111910001517.53  
20150514000012001330000000042002231100000113110000779.83  
20150514000012001330000000042002231100000113120000133.35  
20150514000012001330000000042002231100000113131000233.95  
20150514000012001330000000042002231100000113200000155.97  
20150514000012002070000000051989401000000111220000546.48  
20150514000012002070000000051989401000000111700025182.00  
20150514000012002070000000051989401000000113110002572.85  
20150514000012002070000000051989401000000113120000439.96  
20150514000012002070000000051989401000000113131000771.85  
20150514000012002070000000051989401000000113200000514.57  
20150514000012000990000000056485771100000111220000248.40  
20150514000012000990000000056485771100000111310001392.00  
20150514000012000990000000056485771100000111700006960.00  
20150514000012000990000000056485771100000113110000860.04  
20150514000012000990000000056485771100000113120000147.07  
20150514000012000990000000056485771100000113131000258.01  
20150514000012000990000000056485771100000113200000172.01  
20150514000012000380000000044249661000000111220000248.40  
20150514000012000380000000044249661000000111700014630.00  
20150514000012000380000000044249661000000113110001487.84  
20150514000012000380000000044249661000000113120000254.42  
20150514000012000380000000044249661000000113131000446.35  
20150514000012000380000000044249661000000113200000297.57  
20150514000012001340000000036055810900000111220000248.40  
20150514000012001340000000036055810900000111700005027.00  
20150514000012001340000000036055810900000113110000527.54  
20150514000012001340000000036055810900000113120000090.21  
20150514000012001340000000036055810900000113131000158.26  
20150514000012001340000000036055810900000113200000105.51  
20150514000012001430000000037530270900000111220001291.68  
20150514000012001430000000037530270900000111700004253.00  
20150514000012001430000000037530270900000113110000554.47  
20150514000012001430000000037530270900000113120000094.81  
20150514000012001430000000037530270900000113131000166.34  
20150514000012001430000000037530270900000113200000110.89  
20150514000012002100000000036212690900000111220001689.12  
20150514000012002100000000036212690900000111700025182.00  
20150514000012002100000000036212690900000113110002687.11  
20150514000012002100000000036212690900000113120000459.50  
20150514000012002100000000036212690900000113131000806.13  
20150514000012002100000000036212690900000113200000537.42  
20150514000012000150000000035888920900000111220000248.40  
20150514000012000150000000035888920900000111700017337.00  
20150514000012000150000000035888920900000113110001758.54  
20150514000012000150000000035888920900000113120000300.71  
20150514000012000150000000035888920900000113131000527.56  
20150514000012000150000000035888920900000113200000351.71  
20150514000012001350000000059031341100000111220000546.48  
20150514000012001350000000059031341100000111310001005.40  
20150514000012001350000000059031341100000111700005027.00  
20150514000012001350000000059031341100000111910000823.17  
20150514000012001350000000059031341100000113110000740.21  
20150514000012001350000000059031341100000113120000126.58  
20150514000012001350000000059031341100000113131000222.06  
20150514000012001350000000059031341100000113200000148.04  
20150514000012000620000000044678691200000111220000248.40  
20150514000012000620000000044678691200000111700010956.00  
20150514000012000620000000044678691200000113110001120.44  
20150514000012000620000000044678691200000113120000191.60  
20150514000012000620000000044678691200000113131000336.13  
20150514000012000620000000044678691200000113200000224.09  
20150514000012002120000000044119031000000111700025182.00  
20150514000012002120000000044119031000000113110002518.20  
20150514000012002120000000044119031000000113120000430.61  
20150514000012002120000000044119031000000113131000755.46  
20150514000012002120000000044119031000000113200000503.64  
20150514000012002360000000037423650900000111220000546.48  
20150514000012002360000000037423650900000111700008507.00  
20150514000012002360000000037423650900000113110000905.35  
20150514000012002360000000037423650900000113120000154.81  
20150514000012002360000000037423650900000113131000271.60  
20150514000012002360000000037423650900000113200000181.07  
20150514000012001100000000037206271100000111220002086.56  
20150514000012001100000000037206271100000111310001263.20  
20150514000012001100000000037206271100000111700006316.00  
20150514000012001100000000037206271100000111910001882.96  
20150514000012001100000000037206271100000113110001154.87  
20150514000012001100000000037206271100000113120000197.48  
20150514000012001100000000037206271100000113131000346.46  
20150514000012001100000000037206271100000113200000230.97  
20150514000012001110000000028941011100000111220001689.12  
20150514000012001110000000028941011100000111700006316.00  
20150514000012001110000000028941011100000113110000800.51  
20150514000012001110000000028941011100000113120000136.89  
20150514000012001110000000028941011100000113131000240.15  
20150514000012001110000000028941011100000113200000160.10  
20150514000012002320000000028750931100000111220000248.40  
20150514000012002320000000028750931100000111700014630.00  
20150514000012002320000000028750931100000113110001487.84  
20150514000012002320000000028750931100000113120000254.42  
20150514000012002320000000028750931100000113131000446.35  
20150514000012002320000000028750931100000113200000297.57  
20150514000012002020000000009530210900000111220000546.48  
20150514000012002020000000009530210900000111700039590.00  
20150514000012002020000000009530210900000113110004013.65  
20150514000012002020000000009530210900000113120000686.33  
20150514000012002020000000009530210900000113131001204.09  
20150514000012002020000000009530210900000113200000802.73  
20150514000012001120000000017140321100000111220002484.00  
20150514000012001120000000017140321100000111700006316.00  
20150514000012001120000000017140321100000111910001629.01  
20150514000012001120000000017140321100000113110001042.90  
20150514000012001120000000017140321100000113120000178.34  
20150514000012001120000000017140321100000113131000312.87  
20150514000012001120000000017140321100000113200000208.58  
20150514000012002170000000037787980900000111220001689.12  
20150514000012002170000000037787980900000111700015468.00  
20150514000012002170000000037787980900000113110001715.71  
20150514000012002170000000037787980900000113120000293.39  
20150514000012002170000000037787980900000113131000514.71  
20150514000012002170000000037787980900000113200000343.14  
20150514000012000800000000037686630900000111220000248.40  
20150514000012000800000000037686630900000111700008507.00  
20150514000012000800000000037686630900000113110000875.54  
20150514000012000800000000037686630900000113120000149.72  
20150514000012000800000000037686630900000113131000262.66  
20150514000012000800000000037686630900000113200000175.11  
20150514000012000200000000042889520900000111220000248.40  
20150514000012000200000000042889520900000111700016112.00  
20150514000012000200000000042889520900000113110001636.04  
20150514000012000200000000042889520900000113120000279.76  
20150514000012000200000000042889520900000113131000490.81  
20150514000012000200000000042889520900000113200000327.21  
20150514000012001360000000047023491100000111220000546.48  
20150514000012001360000000047023491100000111310001005.40  
20150514000012001360000000047023491100000111700005027.00  
20150514000012001360000000047023491100000111910001501.82  
20150514000012001360000000047023491100000113110000808.07  
20150514000012001360000000047023491100000113120000138.18  
20150514000012001360000000047023491100000113131000242.42  
20150514000012001360000000047023491100000113200000161.61  
20150514000012002040000000030176310900000111220000546.48  
20150514000012002040000000030176310900000111700038520.00  
20150514000012002040000000030176310900000113110003906.65  
20150514000012002040000000030176310900000113120000668.04  
20150514000012002040000000030176310900000113131001171.99  
20150514000012002040000000030176310900000113200000781.33  
20150514000012002310000000031317101100000111220002086.56  
20150514000012002310000000031317101100000111700015468.00  
20150514000012002310000000031317101100000113110001755.46  
20150514000012002310000000031317101100000113120000300.18  
20150514000012002310000000031317101100000113131000526.64  
20150514000012002310000000031317101100000113200000351.09  
20150514000012001130000000059166500900000111220000248.40  
20150514000012001130000000059166500900000111600001656.00  
20150514000012001130000000059166500900000111700006316.00  
20150514000012001130000000059166500900000113110000656.44  
20150514000012001130000000059166500900000113120000112.25  
20150514000012001130000000059166500900000113131000196.93  
20150514000012001130000000059166500900000113200000131.29  
20150514000012001370000000025513140900000111220001689.12  
20150514000012001370000000025513140900000111700005027.00  
20150514000012001370000000025513140900000113110000671.61  
20150514000012001370000000025513140900000113120000114.85  
20150514000012001370000000025513140900000113131000201.48  
20150514000012001370000000025513140900000113200000134.32  
20150514000012001440000000079628621100000111220000248.40  
20150514000012001440000000079628621100000111310000850.60  
20150514000012001440000000079628621100000111600001656.00  
20150514000012001440000000079628621100000111700004253.00  
20150514000012001440000000079628621100000113110000535.20  
20150514000012001440000000079628621100000113120000091.52  
20150514000012001440000000079628621100000113131000160.56  
20150514000012001440000000079628621100000113200000107.04  
20150514000012000260000000013206271000000111220000248.40  
20150514000012000260000000013206271000000111700015468.00  
20150514000012000260000000013206271000000113110001571.64  
20150514000012000260000000013206271000000113120000268.75  
20150514000012000260000000013206271000000113131000471.49  
20150514000012000260000000013206271000000113200000314.33  
20150514000012000270000000013847920900000111220000248.40  
20150514000012000270000000013847920900000111700015468.00  
20150514000012000270000000013847920900000113110001571.64  
20150514000012000270000000013847920900000113120000268.75  
20150514000012000270000000013847920900000113131000471.49  
20150514000012000270000000013847920900000113200000314.33  
20150514000012000430000000021398970900000111220002086.56  
20150514000012000430000000021398970900000111700014630.00  
20150514000012000430000000021398970900000113110001671.66  
20150514000012000430000000021398970900000113120000285.85  
20150514000012000430000000021398970900000113131000501.50  
20150514000012000430000000021398970900000113200000334.33  
20150514000012000160000000037321240900000111220001291.68  
20150514000012000160000000037321240900000111700017337.00  
20150514000012000160000000037321240900000113110001862.87  
20150514000012000160000000037321240900000113120000318.55  
20150514000012000160000000037321240900000113131000558.86  
20150514000012000160000000037321240900000113200000372.57  
20150514000012001000000000073493141000000111220002484.00  
20150514000012001000000000073493141000000111700006960.00  
20150514000012001000000000073493141000000113110000944.40  
20150514000012001000000000073493141000000113131000283.32  
20150514000012001000000000073493141000000113200000188.88  
20150514000012001140000000009602780900000111220001689.12  
20150514000012001140000000009602780900000111700006316.00  
20150514000012001140000000009602780900000113110000800.51  
20150514000012001140000000009602780900000113120000136.89  
20150514000012001140000000009602780900000113131000240.15  
20150514000012001140000000009602780900000113200000160.10  
20150514000012000640000000044674200900000111220001291.68  
20150514000012000640000000044674200900000111700010956.00  
20150514000012000640000000044674200900000113110001224.77  
20150514000012000640000000044674200900000113120000209.44  
20150514000012000640000000044674200900000113131000367.43  
20150514000012000640000000044674200900000113200000244.95  
TOTAL A BORRAR: 2013651.31
