2015051400001200004000000003023880074000252.63  
2015051400001200004000000003023880204001263.17  
2015051400001200004000000003023880302001263.17  
2015051400001200004000000003023880304000216.00  
2015051400001200004000000003023880306000063.16  
2015051400001200004000000003023880308000216.00  
2015051400001200004000000003023880312000063.16  
2015051400001200009000000002868347074000364.62  
2015051400001200009000000002868347204001823.12  
2015051400001200009000000002868347301001823.12  
2015051400001200009000000002868347303000311.75  
2015051400001200009000000002868347305000091.16  
2015051400001200009000000002868347307000311.75  
2015051400001200009000000002868347311000091.16  
2015051400001200009000000002868347327000052.31  
2015051400001200009000000002868347999003241.57  
2015051400001200010000000003137460074000380.52  
2015051400001200010000000003137460204001902.61  
2015051400001200010000000003137460301001902.61  
2015051400001200010000000003137460303000325.35  
2015051400001200010000000003137460305000095.13  
2015051400001200010000000003137460307000325.35  
2015051400001200010000000003137460311000095.13  
2015051400001200010000000003137460327000060.26  
2015051400001200010000000003137460999008284.53  
2015051400001200013000000003137819074000380.52  
2015051400001200013000000003137819204001902.61  
2015051400001200013000000003137819301001902.61  
2015051400001200013000000003137819303000325.35  
2015051400001200013000000003137819305000095.13  
2015051400001200013000000003137819307000325.35  
2015051400001200013000000003137819311000095.13  
2015051400001200013000000003137819327000060.26  
2015051400001200013000000003137819999004757.11  
2015051400001200015000000003588892074000351.71  
2015051400001200015000000003588892204001758.54  
2015051400001200015000000003588892302001758.54  
2015051400001200015000000003588892304000300.71  
2015051400001200015000000003588892306000087.93  
2015051400001200015000000003588892308000300.71  
2015051400001200015000000003588892312000087.93  
2015051400001200015000000003588892328000045.85  
2015051400001200015000000003588892999000066.15  
2015051400001200016000000003732124074000372.57  
2015051400001200016000000003732124204001862.87  
2015051400001200016000000003732124301001862.87  
2015051400001200016000000003732124303000318.55  
2015051400001200016000000003732124305000093.14  
2015051400001200016000000003732124307000318.55  
2015051400001200016000000003732124311000093.14  
2015051400001200016000000003732124327000056.29  
2015051400001200016000000003732124999001170.94  
2015051400001200019000000000568138074000371.92  
2015051400001200019000000000568138204001859.60  
2015051400001200019000000000568138301001859.60  
2015051400001200019000000000568138305000092.98  
2015051400001200019000000000568138311000092.98  
2015051400001200019000000000568138327000055.96  
2015051400001200019000000000568138999003093.62  
2015051400001200020000000004288952074000327.21  
2015051400001200020000000004288952204001636.04  
2015051400001200020000000004288952301001636.04  
2015051400001200020000000004288952303000279.76  
2015051400001200020000000004288952305000081.80  
2015051400001200020000000004288952307000279.76  
2015051400001200020000000004288952311000081.80  
2015051400001200020000000004288952327000033.60  
2015051400001200020000000004288952999000108.10  
2015051400001200026000000001320627001000340.98  
2015051400001200026000000001320627074000314.33  
2015051400001200026000000001320627204001571.64  
2015051400001200026000000001320627301001571.64  
2015051400001200026000000001320627303000268.75  
2015051400001200026000000001320627305000078.58  
2015051400001200026000000001320627307000268.75  
2015051400001200026000000001320627311000078.58  
2015051400001200026000000001320627327000027.16  
2015051400001200026000000001320627999000439.46  
2015051400001200027000000001384792074000314.33  
2015051400001200027000000001384792204001571.64  
2015051400001200027000000001384792302001571.64  
2015051400001200027000000001384792304000268.75  
2015051400001200027000000001384792306000078.58  
2015051400001200027000000001384792308000268.75  
2015051400001200027000000001384792312000078.58  
2015051400001200027000000001384792328000027.16  
2015051400001200027000000001384792999000803.52  
2015051400001200028000000003099414074000362.05  
2015051400001200028000000003099414204001810.25  
2015051400001200028000000003099414302001810.25  
2015051400001200028000000003099414304000309.55  
2015051400001200028000000003099414306000090.51  
2015051400001200028000000003099414308000309.55  
2015051400001200028000000003099414312000090.51  
2015051400001200028000000003099414328000051.02  
2015051400001200028000000003099414999003542.32  
2015051400001200029000000003770831074000376.95  
2015051400001200029000000003770831204001884.77  
2015051400001200029000000003770831301001884.77  
2015051400001200029000000003770831303000322.30  
2015051400001200029000000003770831305000094.24  
2015051400001200029000000003770831307000322.30  
2015051400001200029000000003770831311000094.24  
2015051400001200029000000003770831327000058.48  
2015051400001200029000000003770831999003753.23  
2015051400001200032000000003768862074000303.53  
2015051400001200032000000003768862204001517.65  
2015051400001200032000000003768862301001517.65  
2015051400001200032000000003768862303000259.52  
2015051400001200032000000003768862305000075.88  
2015051400001200032000000003768862307000259.52  
2015051400001200032000000003768862311000075.88  
2015051400001200032000000003768862327000021.76  
2015051400001200032000000003768862999000968.45  
2015051400001200034000000005270248074000297.57  
2015051400001200034000000005270248204001487.84  
2015051400001200034000000005270248301001487.84  
2015051400001200034000000005270248303000254.42  
2015051400001200034000000005270248305000074.39  
2015051400001200034000000005270248307000254.42  
2015051400001200034000000005270248311000074.39  
2015051400001200034000000005270248327000018.78  
2015051400001200034000000005270248999000767.78  
2015051400001200038000000004424966074000297.57  
2015051400001200038000000004424966204001487.84  
2015051400001200038000000004424966301001487.84  
2015051400001200038000000004424966303000254.42  
2015051400001200038000000004424966305000074.39  
2015051400001200038000000004424966307000254.42  
2015051400001200038000000004424966311000074.39  
2015051400001200038000000004424966327000018.78  
2015051400001200038000000004424966999003101.42  
2015051400001200043000000002139897074000334.33  
2015051400001200043000000002139897204001671.66  
2015051400001200043000000002139897301001671.66  
2015051400001200043000000002139897303000285.85  
2015051400001200043000000002139897305000083.58  
2015051400001200043000000002139897307000285.85  
2015051400001200043000000002139897311000083.58  
2015051400001200043000000002139897327000037.17  
2015051400001200043000000002139897999008817.09  
2015051400001200044000000000952134074000312.41  
2015051400001200044000000000952134204001562.06  
2015051400001200044000000000952134302001562.06  
2015051400001200044000000000952134304000267.11  
2015051400001200044000000000952134306000078.10  
2015051400001200044000000000952134308000267.11  
2015051400001200044000000000952134312000078.10  
2015051400001200044000000000952134328000026.21  
2015051400001200044000000000952134999000978.67  
2015051400001200047000000003590483074000281.61  
2015051400001200047000000003590483204001408.05  
2015051400001200047000000003590483301001408.05  
2015051400001200047000000003590483303000240.78  
2015051400001200047000000003590483305000070.40  
2015051400001200047000000003590483307000240.78  
2015051400001200047000000003590483311000070.40  
2015051400001200047000000003590483327000010.80  
2015051400001200047000000003590483999002138.66  
2015051400001200048000000003617322074000275.65  
2015051400001200048000000003617322204001378.24  
2015051400001200048000000003617322302001378.24  
2015051400001200048000000003617322304000235.68  
2015051400001200048000000003617322306000068.91  
2015051400001200048000000003617322308000235.68  
2015051400001200048000000003617322312000068.91  
2015051400001200048000000003617322328000007.82  
2015051400001200048000000003617322999005722.13  
2015051400001200053000000004470102001000900.48  
2015051400001200053000000004470102074000224.09  
2015051400001200053000000004470102204001120.44  
2015051400001200053000000004470102301001120.44  
2015051400001200053000000004470102303000191.60  
2015051400001200053000000004470102305000056.02  
2015051400001200053000000004470102307000191.60  
2015051400001200053000000004470102311000056.02  
2015051400001200053000000004470102999002484.70  
2015051400001200054000000003081251074000252.90  
2015051400001200054000000003081251204001264.51  
2015051400001200054000000003081251301001264.51  
2015051400001200054000000003081251303000216.23  
2015051400001200054000000003081251305000063.23  
2015051400001200054000000003081251307000216.23  
2015051400001200054000000003081251311000063.23  
2015051400001200054000000003081251999000644.95  
2015051400001200056000000005169964074000224.09  
2015051400001200056000000005169964204001120.44  
2015051400001200056000000005169964302001120.44  
2015051400001200056000000005169964304000191.60  
2015051400001200056000000005169964306000056.02  
2015051400001200056000000005169964308000191.60  
2015051400001200056000000005169964312000056.02  
2015051400001200056000000005169964999000857.31  
2015051400001200057000000003012804074000224.09  
2015051400001200057000000003012804204001120.44  
2015051400001200057000000003012804302001120.44  
2015051400001200057000000003012804304000191.60  
2015051400001200057000000003012804306000056.02  
2015051400001200057000000003012804308000191.60  
2015051400001200057000000003012804312000056.02  
2015051400001200057000000003012804999001986.04  
2015051400001200058000000004450657074000224.09  
2015051400001200058000000004450657204001120.44  
2015051400001200058000000004450657301001120.44  
2015051400001200058000000004450657303000191.60  
2015051400001200058000000004450657305000056.02  
2015051400001200058000000004450657307000191.60  
2015051400001200058000000004450657311000056.02  
2015051400001200058000000004450657999000538.75  
2015051400001200061000000003518117074000230.05  
2015051400001200061000000003518117204001150.25  
2015051400001200061000000003518117301001150.25  
2015051400001200061000000003518117303000196.69  
2015051400001200061000000003518117305000057.51  
2015051400001200061000000003518117307000196.69  
2015051400001200061000000003518117311000057.51  
2015051400001200061000000003518117999003257.64  
2015051400001200062000000004467869074000224.09  
2015051400001200062000000004467869204001120.44  
2015051400001200062000000004467869301001120.44  
2015051400001200062000000004467869303000191.60  
2015051400001200062000000004467869305000056.02  
2015051400001200062000000004467869307000191.60  
2015051400001200062000000004467869311000056.02  
2015051400001200062000000004467869999000624.63  
2015051400001200064000000004467420074000244.95  
2015051400001200064000000004467420204001224.77  
2015051400001200064000000004467420301001224.77  
2015051400001200064000000004467420303000209.44  
2015051400001200064000000004467420305000061.24  
2015051400001200064000000004467420307000209.44  
2015051400001200064000000004467420311000061.24  
2015051400001200064000000004467420999004657.09  
2015051400001200065000000004414461074000246.03  
2015051400001200065000000004414461204001230.17  
2015051400001200065000000004414461301001230.17  
2015051400001200065000000004414461303000210.36  
2015051400001200065000000004414461305000061.51  
2015051400001200065000000004414461307000210.36  
2015051400001200065000000004414461311000061.51  
2015051400001200065000000004414461999000196.06  
2015051400001200066000000005161700074000240.07  
2015051400001200066000000005161700204001200.36  
2015051400001200066000000005161700301001200.36  
2015051400001200066000000005161700303000205.26  
2015051400001200066000000005161700305000060.02  
2015051400001200066000000005161700307000205.26  
2015051400001200066000000005161700311000060.02  
2015051400001200066000000005161700999000696.68  
2015051400001200068000000004884164074000200.89  
2015051400001200068000000004884164204001004.44  
2015051400001200068000000004884164302001004.44  
2015051400001200068000000004884164304000171.76  
2015051400001200068000000004884164306000050.22  
2015051400001200068000000004884164308000171.76  
2015051400001200068000000004884164312000050.22  
2015051400001200068000000004884164999003574.32  
2015051400001200069000000003459316074000200.89  
2015051400001200069000000003459316204001004.44  
2015051400001200069000000003459316302001004.44  
2015051400001200069000000003459316304000171.76  
2015051400001200069000000003459316306000050.22  
2015051400001200069000000003459316308000171.76  
2015051400001200069000000003459316312000050.22  
2015051400001200069000000003459316999000603.84  
2015051400001200070000000003729038074000229.70  
2015051400001200070000000003729038204001148.51  
2015051400001200070000000003729038301001148.51  
2015051400001200070000000003729038303000196.40  
2015051400001200070000000003729038305000057.43  
2015051400001200070000000003729038307000196.40  
2015051400001200070000000003729038311000057.43  
2015051400001200070000000003729038999006302.01  
2015051400001200071000000003720522074000268.89  
2015051400001200071000000003720522204001344.43  
2015051400001200071000000003720522301001344.43  
2015051400001200071000000003720522303000229.90  
2015051400001200071000000003720522305000067.22  
2015051400001200071000000003720522307000229.90  
2015051400001200071000000003720522311000067.22  
2015051400001200071000000003720522327000004.44  
2015051400001200071000000003720522999003176.15  
2015051400001200074000000005291890074000209.14  
2015051400001200074000000005291890204001045.68  
2015051400001200074000000005291890302001045.68  
2015051400001200074000000005291890304000178.81  
2015051400001200074000000005291890306000052.28  
2015051400001200074000000005291890308000178.81  
2015051400001200074000000005291890312000052.28  
2015051400001200074000000005291890999000857.09  
2015051400001200075000000004013122001000181.98  
2015051400001200075000000004013122074000175.11  
2015051400001200075000000004013122204000875.54  
2015051400001200075000000004013122301000875.54  
2015051400001200075000000004013122303000149.72  
2015051400001200075000000004013122305000043.78  
2015051400001200075000000004013122307000149.72  
2015051400001200075000000004013122311000043.78  
2015051400001200075000000004013122999000913.32  
2015051400001200076000000006466668074000209.14  
2015051400001200076000000006466668204001045.68  
2015051400001200076000000006466668302001045.68  
2015051400001200076000000006466668304000178.81  
2015051400001200076000000006466668306000052.28  
2015051400001200076000000006466668308000178.81  
2015051400001200076000000006466668312000052.28  
2015051400001200076000000006466668999000615.48  
2015051400001200079000000005225966074000175.11  
2015051400001200079000000005225966204000875.54  
2015051400001200079000000005225966301000875.54  
2015051400001200079000000005225966303000149.72  
2015051400001200079000000005225966305000043.78  
2015051400001200079000000005225966307000149.72  
2015051400001200079000000005225966311000043.78  
2015051400001200079000000005225966999003781.26  
2015051400001200080000000003768663074000175.11  
2015051400001200080000000003768663204000875.54  
2015051400001200080000000003768663302000875.54  
2015051400001200080000000003768663304000149.72  
2015051400001200080000000003768663306000043.78  
2015051400001200080000000003768663308000149.72  
2015051400001200080000000003768663312000043.78  
2015051400001200080000000003768663999004045.79  
2015051400001200082000000002899775074000162.23  
2015051400001200082000000002899775204000811.14  
2015051400001200082000000002899775301000811.14  
2015051400001200082000000002899775303000138.70  
2015051400001200082000000002899775305000040.56  
2015051400001200082000000002899775307000138.70  
2015051400001200082000000002899775311000040.56  
2015051400001200082000000002899775999001919.61  
2015051400001200084000000002879279074000191.04  
2015051400001200084000000002879279204000955.21  
2015051400001200084000000002879279302000955.21  
2015051400001200084000000002879279304000163.34  
2015051400001200084000000002879279306000047.76  
2015051400001200084000000002879279308000163.34  
2015051400001200084000000002879279312000047.76  
2015051400001200084000000002879279999000749.26  
2015051400001200085000000006473021074000162.23  
2015051400001200085000000006473021204000811.14  
2015051400001200085000000006473021301000811.14  
2015051400001200085000000006473021303000138.70  
2015051400001200085000000006473021305000040.56  
2015051400001200085000000006473021307000138.70  
2015051400001200085000000006473021311000040.56  
2015051400001200085000000006473021999002381.70  
2015051400001200086000000004461894074000168.19  
2015051400001200086000000004461894204000840.95  
2015051400001200086000000004461894301000840.95  
2015051400001200086000000004461894303000143.80  
2015051400001200086000000004461894305000042.05  
2015051400001200086000000004461894307000143.80  
2015051400001200086000000004461894311000042.05  
2015051400001200086000000004461894999003263.78  
2015051400001200090000000004510395074000144.17  
2015051400001200090000000004510395204000720.84  
2015051400001200090000000004510395301000720.84  
2015051400001200090000000004510395303000123.26  
2015051400001200090000000004510395305000036.04  
2015051400001200090000000004510395307000123.26  
2015051400001200090000000004510395311000036.04  
2015051400001200090000000004510395999003601.87  
2015051400001200092000000002914344074000230.46  
2015051400001200092000000002914344204001152.32  
2015051400001200092000000002914344301001152.32  
2015051400001200092000000002914344303000197.05  
2015051400001200092000000002914344305000057.62  
2015051400001200092000000002914344307000197.05  
2015051400001200092000000002914344311000057.62  
2015051400001200092000000002914344999001694.84  
2015051400001200093000000003078110074000211.26  
2015051400001200093000000003078110204001056.31  
2015051400001200093000000003078110301001056.31  
2015051400001200093000000003078110303000180.63  
2015051400001200093000000003078110305000052.82  
2015051400001200093000000003078110307000180.63  
2015051400001200093000000003078110311000052.82  
2015051400001200093000000003078110999002798.20  
2015051400001200095000000006431024074000144.17  
2015051400001200095000000006431024204000720.84  
2015051400001200095000000006431024302000720.84  
2015051400001200095000000006431024304000123.26  
2015051400001200095000000006431024306000036.04  
2015051400001200095000000006431024308000123.26  
2015051400001200095000000006431024312000036.04  
2015051400001200095000000006431024999000827.54  
2015051400001200096000000003099304074000172.01  
2015051400001200096000000003099304204000860.04  
2015051400001200096000000003099304301000860.04  
2015051400001200096000000003099304303000147.07  
2015051400001200096000000003099304305000043.00  
2015051400001200096000000003099304307000147.07  
2015051400001200096000000003099304311000043.00  
2015051400001200096000000003099304999000791.78  
2015051400001200098000000004022515074000177.97  
2015051400001200098000000004022515204000889.85  
2015051400001200098000000004022515302000889.85  
2015051400001200098000000004022515304000152.16  
2015051400001200098000000004022515306000044.49  
2015051400001200098000000004022515308000152.16  
2015051400001200098000000004022515312000044.49  
2015051400001200098000000004022515999002593.32  
2015051400001200099000000005648577074000172.01  
2015051400001200099000000005648577204000860.04  
2015051400001200099000000005648577302000860.04  
2015051400001200099000000005648577304000147.07  
2015051400001200099000000005648577306000043.00  
2015051400001200099000000005648577308000147.07  
2015051400001200099000000005648577312000043.00  
2015051400001200099000000005648577999001977.23  
2015051400001200100000000007349314074000188.88  
2015051400001200100000000007349314204000944.40  
2015051400001200100000000007349314301000944.40  
2015051400001200100000000007349314305000047.22  
2015051400001200100000000007349314311000047.22  
2015051400001200100000000007349314999000041.80  
2015051400001200101000000001370502074000205.89  
2015051400001200101000000001370502204001029.47  
2015051400001200101000000001370502301001029.47  
2015051400001200101000000001370502303000176.04  
2015051400001200101000000001370502305000051.47  
2015051400001200101000000001370502307000176.04  
2015051400001200101000000001370502311000051.47  
2015051400001200101000000001370502999003855.21  
2015051400001200102000000002692604074000202.52  
2015051400001200102000000002692604204001012.62  
2015051400001200102000000002692604301001012.62  
2015051400001200102000000002692604303000173.16  
2015051400001200102000000002692604305000050.63  
2015051400001200102000000002692604307000173.16  
2015051400001200102000000002692604311000050.63  
2015051400001200102000000002692604999004537.21  
2015051400001200103000000000959934074000176.00  
2015051400001200103000000000959934204000880.00  
2015051400001200103000000000959934302000880.00  
2015051400001200103000000000959934304000150.48  
2015051400001200103000000000959934306000044.00  
2015051400001200103000000000959934308000150.48  
2015051400001200103000000000959934312000044.00  
2015051400001200103000000000959934999001277.10  
2015051400001200104000000001760686074000177.42  
2015051400001200104000000001760686204000887.09  
2015051400001200104000000001760686301000887.09  
2015051400001200104000000001760686303000151.69  
2015051400001200104000000001760686305000044.35  
2015051400001200104000000001760686307000151.69  
2015051400001200104000000001760686311000044.35  
2015051400001200104000000001760686999002846.79  
2015051400001200105000000000803131074000176.00  
2015051400001200105000000000803131204000880.00  
2015051400001200105000000000803131302000880.00  
2015051400001200105000000000803131306000044.00  
2015051400001200105000000000803131312000044.00  
2015051400001200105000000000803131999001010.76  
2015051400001200106000000002045701074000176.00  
2015051400001200106000000002045701204000880.00  
2015051400001200106000000002045701301000880.00  
2015051400001200106000000002045701303000150.48  
2015051400001200106000000002045701305000044.00  
2015051400001200106000000002045701307000150.48  
2015051400001200106000000002045701311000044.00  
2015051400001200106000000002045701999001379.61  
2015051400001200107000000003831838074000152.15  
2015051400001200107000000003831838204000760.77  
2015051400001200107000000003831838301000760.77  
2015051400001200107000000003831838303000130.09  
2015051400001200107000000003831838305000038.04  
2015051400001200107000000003831838307000130.09  
2015051400001200107000000003831838311000038.04  
2015051400001200107000000003831838999003560.79  
2015051400001200108000000000855279074000176.00  
2015051400001200108000000000855279204000880.00  
2015051400001200108000000000855279301000880.00  
2015051400001200108000000000855279303000150.48  
2015051400001200108000000000855279305000044.00  
2015051400001200108000000000855279307000150.48  
2015051400001200108000000000855279311000044.00  
2015051400001200108000000000855279999002601.72  
2015051400001200109000000003782731074000228.29  
2015051400001200109000000003782731204001141.45  
2015051400001200109000000003782731301001141.45  
2015051400001200109000000003782731303000195.19  
2015051400001200109000000003782731305000057.07  
2015051400001200109000000003782731307000195.19  
2015051400001200109000000003782731311000057.07  
2015051400001200109000000003782731999001152.36  
2015051400001200110000000003720627074000230.97  
2015051400001200110000000003720627204001154.87  
2015051400001200110000000003720627301001154.87  
2015051400001200110000000003720627303000197.48  
2015051400001200110000000003720627305000057.74  
2015051400001200110000000003720627307000197.48  
2015051400001200110000000003720627311000057.74  
2015051400001200110000000003720627999004634.91  
2015051400001200111000000002894101074000160.10  
2015051400001200111000000002894101204000800.51  
2015051400001200111000000002894101301000800.51  
2015051400001200111000000002894101303000136.89  
2015051400001200111000000002894101305000040.03  
2015051400001200111000000002894101307000136.89  
2015051400001200111000000002894101311000040.03  
2015051400001200111000000002894101999002778.86  
2015051400001200112000000001714032074000208.58  
2015051400001200112000000001714032204001042.90  
2015051400001200112000000001714032301001042.90  
2015051400001200112000000001714032303000178.34  
2015051400001200112000000001714032305000052.15  
2015051400001200112000000001714032307000178.34  
2015051400001200112000000001714032311000052.15  
2015051400001200112000000001714032999001402.10  
2015051400001200113000000005916650074000131.29  
2015051400001200113000000005916650204000656.44  
2015051400001200113000000005916650302000656.44  
2015051400001200113000000005916650304000112.25  
2015051400001200113000000005916650306000032.82  
2015051400001200113000000005916650308000112.25  
2015051400001200113000000005916650312000032.82  
2015051400001200113000000005916650999002051.34  
2015051400001200114000000000960278074000160.10  
2015051400001200114000000000960278204000800.51  
2015051400001200114000000000960278301000800.51  
2015051400001200114000000000960278303000136.89  
2015051400001200114000000000960278305000040.03  
2015051400001200114000000000960278307000136.89  
2015051400001200114000000000960278311000040.03  
2015051400001200114000000000960278999001333.79  
2015051400001200115000000004329789074000176.49  
2015051400001200115000000004329789204000882.45  
2015051400001200115000000004329789301000882.45  
2015051400001200115000000004329789303000150.90  
2015051400001200115000000004329789305000044.12  
2015051400001200115000000004329789307000150.90  
2015051400001200115000000004329789311000044.12  
2015051400001200115000000004329789999004081.60  
2015051400001200116000000003504972074000180.05  
2015051400001200116000000003504972204000900.25  
2015051400001200116000000003504972301000900.25  
2015051400001200116000000003504972303000153.94  
2015051400001200116000000003504972305000045.01  
2015051400001200116000000003504972307000153.94  
2015051400001200116000000003504972311000045.01  
2015051400001200116000000003504972999001446.76  
2015051400001200117000000003754990074000207.37  
2015051400001200117000000003754990204001036.84  
2015051400001200117000000003754990301001036.84  
2015051400001200117000000003754990303000177.30  
2015051400001200117000000003754990305000051.84  
2015051400001200117000000003754990307000177.30  
2015051400001200117000000003754990311000051.84  
2015051400001200117000000003754990999002732.87  
2015051400001200118000000003482063074000206.01  
2015051400001200118000000003482063204001030.03  
2015051400001200118000000003482063301001030.03  
2015051400001200118000000003482063303000176.13  
2015051400001200118000000003482063305000051.50  
2015051400001200118000000003482063307000176.13  
2015051400001200118000000003482063311000051.50  
2015051400001200118000000003482063999001000.77  
2015051400001200119000000004800059074000155.55  
2015051400001200119000000004800059204000777.74  
2015051400001200119000000004800059302000777.74  
2015051400001200119000000004800059304000132.99  
2015051400001200119000000004800059306000038.89  
2015051400001200119000000004800059308000132.99  
2015051400001200119000000004800059312000038.89  
2015051400001200119000000004800059999003031.18  
2015051400001200122000000001764275074000146.03  
2015051400001200122000000001764275204000730.15  
2015051400001200122000000001764275301000730.15  
2015051400001200122000000001764275303000124.86  
2015051400001200122000000001764275305000036.51  
2015051400001200122000000001764275307000124.86  
2015051400001200122000000001764275311000036.51  
2015051400001200122000000001764275999003164.95  
2015051400001200123000000003417050074000159.23  
2015051400001200123000000003417050204000796.13  
2015051400001200123000000003417050301000796.13  
2015051400001200123000000003417050303000136.14  
2015051400001200123000000003417050305000039.81  
2015051400001200123000000003417050307000136.14  
2015051400001200123000000003417050311000039.81  
2015051400001200123000000003417050999001119.73  
2015051400001200124000000003786262074000151.51  
2015051400001200124000000003786262204000757.54  
2015051400001200124000000003786262301000757.54  
2015051400001200124000000003786262303000129.54  
2015051400001200124000000003786262305000037.88  
2015051400001200124000000003786262307000129.54  
2015051400001200124000000003786262311000037.88  
2015051400001200124000000003786262999002817.59  
2015051400001200125000000008854526074000145.31  
2015051400001200125000000008854526204000726.53  
2015051400001200125000000008854526301000726.53  
2015051400001200125000000008854526303000124.24  
2015051400001200125000000008854526305000036.33  
2015051400001200125000000008854526307000124.24  
2015051400001200125000000008854526311000036.33  
2015051400001200125000000008854526999003437.47  
2015051400001200126000000005151886074000144.10  
2015051400001200126000000005151886204000720.52  
2015051400001200126000000005151886301000720.52  
2015051400001200126000000005151886303000123.21  
2015051400001200126000000005151886305000036.03  
2015051400001200126000000005151886307000123.21  
2015051400001200126000000005151886311000036.03  
2015051400001200126000000005151886999003252.44  
2015051400001200127000000004538011074000105.51  
2015051400001200127000000004538011204000527.54  
2015051400001200127000000004538011302000527.54  
2015051400001200127000000004538011304000090.21  
2015051400001200127000000004538011306000026.38  
2015051400001200127000000004538011308000090.21  
2015051400001200127000000004538011312000026.38  
2015051400001200127000000004538011999002088.03  
2015051400001200128000000006096339074000153.98  
2015051400001200128000000006096339204000769.88  
2015051400001200128000000006096339302000769.88  
2015051400001200128000000006096339304000131.65  
2015051400001200128000000006096339306000038.49  
2015051400001200128000000006096339308000131.65  
2015051400001200128000000006096339312000038.49  
2015051400001200128000000006096339999000650.11  
2015051400001200129000000005179460074000146.37  
2015051400001200129000000005179460204000731.83  
2015051400001200129000000005179460302000731.83  
2015051400001200129000000005179460304000125.14  
2015051400001200129000000005179460306000036.59  
2015051400001200129000000005179460308000125.14  
2015051400001200129000000005179460312000036.59  
2015051400001200129000000005179460999003369.38  
2015051400001200130000000004410789074000175.45  
2015051400001200130000000004410789204000877.25  
2015051400001200130000000004410789301000877.25  
2015051400001200130000000004410789303000150.01  
2015051400001200130000000004410789305000043.86  
2015051400001200130000000004410789307000150.01  
2015051400001200130000000004410789311000043.86  
2015051400001200130000000004410789999004012.00  
2015051400001200132000000004415402074000153.28  
2015051400001200132000000004415402204000766.39  
2015051400001200132000000004415402301000766.39  
2015051400001200132000000004415402303000131.05  
2015051400001200132000000004415402305000038.32  
2015051400001200132000000004415402307000131.05  
2015051400001200132000000004415402311000038.32  
2015051400001200132000000004415402999002614.49  
2015051400001200133000000004200223074000155.97  
2015051400001200133000000004200223204000779.83  
2015051400001200133000000004200223302000779.83  
2015051400001200133000000004200223304000133.35  
2015051400001200133000000004200223306000038.99  
2015051400001200133000000004200223308000133.35  
2015051400001200133000000004200223312000038.99  
2015051400001200133000000004200223999003951.57  
2015051400001200134000000003605581074000105.51  
2015051400001200134000000003605581204000527.54  
2015051400001200134000000003605581301000527.54  
2015051400001200134000000003605581303000090.21  
2015051400001200134000000003605581305000026.38  
2015051400001200134000000003605581307000090.21  
2015051400001200134000000003605581311000026.38  
2015051400001200134000000003605581999002065.69  
2015051400001200135000000005903134074000148.04  
2015051400001200135000000005903134204000740.21  
2015051400001200135000000005903134301000740.21  
2015051400001200135000000005903134303000126.58  
2015051400001200135000000005903134305000037.01  
2015051400001200135000000005903134307000126.58  
2015051400001200135000000005903134311000037.01  
2015051400001200135000000005903134999000831.54  
2015051400001200136000000004702349074000161.61  
2015051400001200136000000004702349204000808.07  
2015051400001200136000000004702349301000808.07  
2015051400001200136000000004702349303000138.18  
2015051400001200136000000004702349305000040.40  
2015051400001200136000000004702349307000138.18  
2015051400001200136000000004702349311000040.40  
2015051400001200136000000004702349999002821.87  
2015051400001200137000000002551314074000134.32  
2015051400001200137000000002551314204000671.61  
2015051400001200137000000002551314302000671.61  
2015051400001200137000000002551314304000114.85  
2015051400001200137000000002551314306000033.58  
2015051400001200137000000002551314308000114.85  
2015051400001200137000000002551314312000033.58  
2015051400001200137000000002551314999002917.96  
2015051400001200138000000003693620074000127.91  
2015051400001200138000000003693620204000639.53  
2015051400001200138000000003693620301000639.53  
2015051400001200138000000003693620303000109.36  
2015051400001200138000000003693620305000031.98  
2015051400001200138000000003693620307000109.36  
2015051400001200138000000003693620311000031.98  
2015051400001200138000000003693620999001067.94  
2015051400001200139000000004897781074000119.69  
2015051400001200139000000004897781204000598.46  
2015051400001200139000000004897781301000598.46  
2015051400001200139000000004897781303000102.34  
2015051400001200139000000004897781305000029.92  
2015051400001200139000000004897781307000102.34  
2015051400001200139000000004897781311000029.92  
2015051400001200139000000004897781999000389.24  
2015051400001200140000000004886972074000090.03  
2015051400001200140000000004886972204000450.14  
2015051400001200140000000004886972302000450.14  
2015051400001200140000000004886972304000076.97  
2015051400001200140000000004886972306000022.51  
2015051400001200140000000004886972308000076.97  
2015051400001200140000000004886972312000022.51  
2015051400001200140000000004886972999003563.10  
2015051400001200141000000004870962074000090.03  
2015051400001200141000000004870962204000450.14  
2015051400001200141000000004870962302000450.14  
2015051400001200141000000004870962304000076.97  
2015051400001200141000000004870962306000022.51  
2015051400001200141000000004870962308000076.97  
2015051400001200141000000004870962312000022.51  
2015051400001200141000000004870962999001115.23  
2015051400001200142000000003064016074000127.91  
2015051400001200142000000003064016204000639.53  
2015051400001200142000000003064016301000639.53  
2015051400001200142000000003064016303000109.36  
2015051400001200142000000003064016305000031.98  
2015051400001200142000000003064016307000109.36  
2015051400001200142000000003064016311000031.98  
2015051400001200142000000003064016999001776.05  
2015051400001200143000000003753027074000110.89  
2015051400001200143000000003753027204000554.47  
2015051400001200143000000003753027301000554.47  
2015051400001200143000000003753027303000094.81  
2015051400001200143000000003753027305000027.72  
2015051400001200143000000003753027307000094.81  
2015051400001200143000000003753027311000027.72  
2015051400001200143000000003753027999001387.25  
2015051400001200144000000007962862074000107.04  
2015051400001200144000000007962862204000535.20  
2015051400001200144000000007962862301000535.20  
2015051400001200144000000007962862303000091.52  
2015051400001200144000000007962862305000026.76  
2015051400001200144000000007962862307000091.52  
2015051400001200144000000007962862311000026.76  
2015051400001200144000000007962862999002356.53  
2015051400001200146000000003734545074000351.71  
2015051400001200146000000003734545204001758.54  
2015051400001200146000000003734545301001758.54  
2015051400001200146000000003734545303000300.71  
2015051400001200146000000003734545305000087.93  
2015051400001200146000000003734545307000300.71  
2015051400001200146000000003734545311000087.93  
2015051400001200146000000003734545327000045.85  
2015051400001200146000000003734545999001240.87  
2015051400001200201000000002991007074000384.98  
2015051400001200201000000002991007204001924.90  
2015051400001200201000000002991007302001924.90  
2015051400001200201000000002991007304000329.16  
2015051400001200201000000002991007306000096.25  
2015051400001200201000000002991007308000329.16  
2015051400001200201000000002991007312000096.25  
2015051400001200201000000002991007328000062.49  
2015051400001200201000000002991007999003981.54  
2015051400001200202000000000953021074000802.73  
2015051400001200202000000000953021204004013.65  
2015051400001200202000000000953021302004013.65  
2015051400001200202000000000953021304000686.33  
2015051400001200202000000000953021306000200.68  
2015051400001200202000000000953021308000686.33  
2015051400001200202000000000953021312000200.68  
2015051400001200202000000000953021328001541.83  
2015051400001200202000000000953021999008218.56  
2015051400001200203000000001069089074000770.40  
2015051400001200203000000001069089204003852.00  
2015051400001200203000000001069089302003852.00  
2015051400001200203000000001069089304000658.69  
2015051400001200203000000001069089306000192.60  
2015051400001200203000000001069089308000658.69  
2015051400001200203000000001069089312000192.60  
2015051400001200203000000001069089328001283.20  
2015051400001200203000000001069089999004159.86  
2015051400001200204000000003017631074000781.33  
2015051400001200204000000003017631204003906.65  
2015051400001200204000000003017631302003906.65  
2015051400001200204000000003017631304000668.04  
2015051400001200204000000003017631306000195.33  
2015051400001200204000000003017631308000668.04  
2015051400001200204000000003017631312000195.33  
2015051400001200204000000003017631328001370.63  
2015051400001200204000000003017631999001675.23  
2015051400001200205000000001893812074000770.40  
2015051400001200205000000001893812204003852.00  
2015051400001200205000000001893812301003852.00  
2015051400001200205000000001893812303000658.69  
2015051400001200205000000001893812305000192.60  
2015051400001200205000000001893812307000658.69  
2015051400001200205000000001893812311000192.60  
2015051400001200205000000001893812327001283.20  
2015051400001200205000000001893812999004666.24  
2015051400001200206000000003025505074000788.28  
2015051400001200206000000003025505204003941.42  
2015051400001200206000000003025505302003941.42  
2015051400001200206000000003025505304000673.98  
2015051400001200206000000003025505306000197.07  
2015051400001200206000000003025505308000673.98  
2015051400001200206000000003025505312000197.07  
2015051400001200206000000003025505328001426.27  
2015051400001200206000000003025505999006154.67  
2015051400001200207000000005198940074000514.57  
2015051400001200207000000005198940204002572.85  
2015051400001200207000000005198940301002572.85  
2015051400001200207000000005198940303000439.96  
2015051400001200207000000005198940305000128.64  
2015051400001200207000000005198940307000439.96  
2015051400001200207000000005198940311000128.64  
2015051400001200207000000005198940327000163.70  
2015051400001200207000000005198940999008234.36  
2015051400001200209000000004901227074000508.61  
2015051400001200209000000004901227204002543.04  
2015051400001200209000000004901227301002543.04  
2015051400001200209000000004901227303000434.86  
2015051400001200209000000004901227305000127.15  
2015051400001200209000000004901227307000434.86  
2015051400001200209000000004901227311000127.15  
2015051400001200209000000004901227327000145.82  
2015051400001200209000000004901227999000145.82  
2015051400001200210000000003621269074000537.42  
2015051400001200210000000003621269204002687.11  
2015051400001200210000000003621269301002687.11  
2015051400001200210000000003621269303000459.50  
2015051400001200210000000003621269305000134.36  
2015051400001200210000000003621269307000459.50  
2015051400001200210000000003621269311000134.36  
2015051400001200210000000003621269327000232.27  
2015051400001200210000000003621269999011476.07  
2015051400001200211000000004414796074000508.61  
2015051400001200211000000004414796204002543.04  
2015051400001200211000000004414796301002543.04  
2015051400001200211000000004414796303000434.86  
2015051400001200211000000004414796305000127.15  
2015051400001200211000000004414796307000434.86  
2015051400001200211000000004414796311000127.15  
2015051400001200211000000004414796327000145.82  
2015051400001200211000000004414796999006262.24  
2015051400001200212000000004411903074000503.64  
2015051400001200212000000004411903204002518.20  
2015051400001200212000000004411903302002518.20  
2015051400001200212000000004411903304000430.61  
2015051400001200212000000004411903306000125.91  
2015051400001200212000000004411903308000430.61  
2015051400001200212000000004411903312000125.91  
2015051400001200212000000004411903328000130.92  
2015051400001200212000000004411903999001207.80  
2015051400001200213000000005213524001000718.73  
2015051400001200213000000005213524074000351.71  
2015051400001200213000000005213524204001758.54  
2015051400001200213000000005213524302001758.54  
2015051400001200213000000005213524304000300.71  
2015051400001200213000000005213524306000087.93  
2015051400001200213000000005213524308000300.71  
2015051400001200213000000005213524312000087.93  
2015051400001200213000000005213524328000045.85  
2015051400001200213000000005213524999007160.29  
2015051400001200217000000003778798074000343.14  
2015051400001200217000000003778798204001715.71  
2015051400001200217000000003778798301001715.71  
2015051400001200217000000003778798303000293.39  
2015051400001200217000000003778798305000085.79  
2015051400001200217000000003778798307000293.39  
2015051400001200217000000003778798311000085.79  
2015051400001200217000000003778798327000041.57  
2015051400001200217000000003778798999008038.91  
2015051400001200218000000002406485074000303.53  
2015051400001200218000000002406485204001517.65  
2015051400001200218000000002406485301001517.65  
2015051400001200218000000002406485303000259.52  
2015051400001200218000000002406485305000075.88  
2015051400001200218000000002406485307000259.52  
2015051400001200218000000002406485311000075.88  
2015051400001200218000000002406485327000021.76  
2015051400001200218000000002406485999001424.35  
2015051400001200219000000000810986074000318.43  
2015051400001200219000000000810986204001592.17  
2015051400001200219000000000810986302001592.17  
2015051400001200219000000000810986304000272.26  
2015051400001200219000000000810986306000079.61  
2015051400001200219000000000810986308000272.26  
2015051400001200219000000000810986312000079.61  
2015051400001200219000000000810986328000029.22  
2015051400001200219000000000810986999001407.81  
2015051400001200221000000002900854074000503.64  
2015051400001200221000000002900854204002518.20  
2015051400001200221000000002900854302002518.20  
2015051400001200221000000002900854304000430.61  
2015051400001200221000000002900854306000125.91  
2015051400001200221000000002900854308000430.61  
2015051400001200221000000002900854312000125.91  
2015051400001200221000000002900854328000130.92  
2015051400001200221000000002900854999004663.79  
2015051400001200222000000002862575074000503.64  
2015051400001200222000000002862575204002518.20  
2015051400001200222000000002862575301002518.20  
2015051400001200222000000002862575303000430.61  
2015051400001200222000000002862575305000125.91  
2015051400001200222000000002862575307000430.61  
2015051400001200222000000002862575311000125.91  
2015051400001200222000000002862575327000130.92  
2015051400001200222000000002862575999000235.32  
2015051400001200224000000004433413001000349.93  
2015051400001200224000000004433413074000351.71  
2015051400001200224000000004433413204001758.54  
2015051400001200224000000004433413301001758.54  
2015051400001200224000000004433413303000300.71  
2015051400001200224000000004433413305000087.93  
2015051400001200224000000004433413307000300.71  
2015051400001200224000000004433413311000087.93  
2015051400001200224000000004433413327000045.85  
2015051400001200224000000004433413999001392.18  
2015051400001200225000000003314456074000230.05  
2015051400001200225000000003314456204001150.25  
2015051400001200225000000003314456301001150.25  
2015051400001200225000000003314456303000196.69  
2015051400001200225000000003314456305000057.51  
2015051400001200225000000003314456307000196.69  
2015051400001200225000000003314456311000057.51  
2015051400001200225000000003314456999003884.74  
2015051400001200226000000001930623074000253.73  
2015051400001200226000000001930623204001268.64  
2015051400001200226000000001930623302001268.64  
2015051400001200226000000001930623304000216.94  
2015051400001200226000000001930623306000063.43  
2015051400001200226000000001930623308000216.94  
2015051400001200226000000001930623312000063.43  
2015051400001200226000000001930623999000958.28  
2015051400001200227000000000936305074000282.54  
2015051400001200227000000000936305204001412.71  
2015051400001200227000000000936305301001412.71  
2015051400001200227000000000936305303000241.57  
2015051400001200227000000000936305305000070.64  
2015051400001200227000000000936305307000241.57  
2015051400001200227000000000936305311000070.64  
2015051400001200227000000000936305327000011.27  
2015051400001200227000000000936305999004340.74  
2015051400001200228000000005193215074000224.09  
2015051400001200228000000005193215204001120.44  
2015051400001200228000000005193215301001120.44  
2015051400001200228000000005193215303000191.60  
2015051400001200228000000005193215305000056.02  
2015051400001200228000000005193215307000191.60  
2015051400001200228000000005193215311000056.02  
2015051400001200228000000005193215999003740.51  
2015051400001200229000000004502182074000144.17  
2015051400001200229000000004502182204000720.84  
2015051400001200229000000004502182301000720.84  
2015051400001200229000000004502182303000123.26  
2015051400001200229000000004502182305000036.04  
2015051400001200229000000004502182307000123.26  
2015051400001200229000000004502182311000036.04  
2015051400001200229000000004502182999000452.94  
2015051400001200230000000003757088074000288.56  
2015051400001200230000000003757088204001442.82  
2015051400001200230000000003757088301001442.82  
2015051400001200230000000003757088303000246.72  
2015051400001200230000000003757088305000072.14  
2015051400001200230000000003757088307000246.72  
2015051400001200230000000003757088311000072.14  
2015051400001200230000000003757088327000014.28  
2015051400001200230000000003757088999005591.49  
2015051400001200231000000003131710074000351.09  
2015051400001200231000000003131710204001755.46  
2015051400001200231000000003131710301001755.46  
2015051400001200231000000003131710303000300.18  
2015051400001200231000000003131710305000087.77  
2015051400001200231000000003131710307000300.18  
2015051400001200231000000003131710311000087.77  
2015051400001200231000000003131710327000045.55  
2015051400001200231000000003131710999007346.19  
2015051400001200232000000002875093074000297.57  
2015051400001200232000000002875093204001487.84  
2015051400001200232000000002875093302001487.84  
2015051400001200232000000002875093304000254.42  
2015051400001200232000000002875093306000074.39  
2015051400001200232000000002875093308000254.42  
2015051400001200232000000002875093312000074.39  
2015051400001200232000000002875093328000018.78  
2015051400001200232000000002875093999000706.12  
2015051400001200233000000003622065074000326.38  
2015051400001200233000000003622065204001631.91  
2015051400001200233000000003622065301001631.91  
2015051400001200233000000003622065303000279.06  
2015051400001200233000000003622065305000081.60  
2015051400001200233000000003622065307000279.06  
2015051400001200233000000003622065311000081.60  
2015051400001200233000000003622065327000033.19  
2015051400001200233000000003622065999005272.36  
2015051400001200234000000004076151074000144.17  
2015051400001200234000000004076151204000720.84  
2015051400001200234000000004076151301000720.84  
2015051400001200234000000004076151303000123.26  
2015051400001200234000000004076151305000036.04  
2015051400001200234000000004076151307000123.26  
2015051400001200234000000004076151311000036.04  
2015051400001200234000000004076151999003155.16  
2015051400001200235000000003623123074000388.47  
2015051400001200235000000003623123204001942.36  
2015051400001200235000000003623123302001942.36  
2015051400001200235000000003623123304000332.14  
2015051400001200235000000003623123306000097.12  
2015051400001200235000000003623123308000332.14  
2015051400001200235000000003623123312000097.12  
2015051400001200235000000003623123328000064.24  
2015051400001200235000000003623123999003579.15  
2015051400001200236000000003742365074000181.07  
2015051400001200236000000003742365204000905.35  
2015051400001200236000000003742365301000905.35  
2015051400001200236000000003742365303000154.81  
2015051400001200236000000003742365305000045.27  
2015051400001200236000000003742365307000154.81  
2015051400001200236000000003742365311000045.27  
2015051400001200236000000003742365999001234.10  
