20150514000012000000000000001301010000011803005300.6700000000
20150514000012000000000000002901010000011804003298.5000000000
20150514000012000000000855279301010000011812000550.0000000000
20150514000012000000004800059201010000011813000500.0000000000
20150514000012000000005179460301010000011814000350.0000000000
20150514000012000000160130029301010000011811004968.0000000000
20150514000012000000168206024901010000011810004968.0000000000
20150514000012000001006803028301010000011805196879.1900000000
20150514000012000001006803028301010000011806002877.1000000000
20150514000012000001022913028301010000011809219439.3100000000
20150514000012000001023013022301010000011802160159.6400000000
20150514000012000001028339025301010000011807112890.7700000000
20150514000012000001028339025301010000011808006262.4100000000
20150514000012000001028415020301010000000000067950.0000000000
20150514000012000001028415020301010000000000107406.8700000000
