20160514000001000000000000001301010000011915005300.6700000000
20160514000001000000000000002901010000011914003298.5000000000
20160514000001000000000855279301010000011921000550.0000000000
20160514000001000000004800059201010000011922000500.0000000000
20160514000001000000005179460301010000011923000350.0000000000
20160514000001000000160130029301010000011920006624.0000000000
20160514000001000000168206024901010000011919004968.0000000000
20160514000001000001006803028301010000011924002877.1000000000
20160514000001000001006803028301010000011925203129.9500000000
20160514000001000001022913028301010000011916216738.9800000000
20160514000001000001023013022301010000011913166198.7600000000
20160514000001000001028339025301010000011917006267.7500000000
20160514000001000001028339025301010000011918118367.8800000000
20160514000001000001028415020301010000000000067950.0000000000
20160514000001000001028415020301010000000000113308.4700000000
