20160514000001002490000000042020221100000111400000139.64  
20160514000001002490000000042020221100000111700001675.67  
20160514000001002490000000042020221100000113110000167.57  
20160514000001002490000000042020221100000113120000028.65  
20160514000001002490000000042020221100000113131000050.27  
20160514000001002490000000042020221100000113200000033.51  
20160514000001002410000000044701020900000111220000248.40  
20160514000001002410000000044701020900000111400000933.70  
20160514000001002410000000044701020900000111600001656.00  
20160514000001002410000000044701020900000111700010956.00  
20160514000001002410000000044701020900000113110001120.44  
20160514000001002410000000044701020900000113120000191.60  
20160514000001002410000000044701020900000113131000336.13  
20160514000001002410000000044701020900000113200000224.09  
20160514000001000940000000061440980900000111400000386.67  
20160514000001000940000000061440980900000111700004640.00  
20160514000001000940000000061440980900000113110000464.00  
20160514000001000940000000061440980900000113120000079.34  
20160514000001000940000000061440980900000113131000139.20  
20160514000001000940000000061440980900000113200000092.80  
20160514000001000540000000030812510900000111220001689.12  
20160514000001000540000000030812510900000111400001053.76  
20160514000001000540000000030812510900000111700010956.00  
20160514000001000540000000030812510900000113110001264.51  
20160514000001000540000000030812510900000113120000216.23  
20160514000001000540000000030812510900000113131000379.35  
20160514000001000540000000030812510900000113200000252.90  
20160514000001002400000000026323150900000111400000236.28  
20160514000001002400000000026323150900000111700002835.33  
20160514000001002400000000026323150900000113110000283.53  
20160514000001002400000000026323150900000113120000048.48  
20160514000001002400000000026323150900000113131000085.06  
20160514000001002400000000026323150900000113200000056.71  
20160514000001000900000000045103950900000111220000248.40  
20160514000001000900000000045103950900000111400000600.70  
20160514000001000900000000045103950900000111700006960.00  
20160514000001000900000000045103950900000113110000720.84  
20160514000001000900000000045103950900000113120000123.26  
20160514000001000900000000045103950900000113131000216.25  
20160514000001000900000000045103950900000113200000144.17  
20160514000001000440000000009521341000000111220002086.56  
20160514000001000440000000009521341000000111400001301.71  
20160514000001000440000000009521341000000111700013534.00  
20160514000001000440000000009521341000000113110001562.06  
20160514000001000440000000009521341000000113120000267.11  
20160514000001000440000000009521341000000113131000468.62  
20160514000001000440000000009521341000000113200000312.41  
20160514000001000280000000030994141100000111220000546.48  
20160514000001000280000000030994141100000111310002926.00  
20160514000001000280000000030994141100000111400001508.54  
20160514000001000280000000030994141100000111700014630.00  
20160514000001000280000000030994141100000113110001810.25  
20160514000001000280000000030994141100000113120000309.55  
20160514000001000280000000030994141100000113131000543.07  
20160514000001000280000000030994141100000113200000362.05  
20160514000001002370000000035968720900000111400000386.67  
20160514000001002370000000035968720900000111700004640.00  
20160514000001002370000000035968720900000113110000464.00  
20160514000001002370000000035968720900000113120000079.34  
20160514000001002370000000035968720900000113131000139.20  
20160514000001002370000000035968720900000113200000092.80  
20160514000001002190000000008109860900000111220001291.68  
20160514000001002190000000008109860900000111400001326.81  
20160514000001002190000000008109860900000111700014630.00  
20160514000001002190000000008109860900000113110001592.17  
20160514000001002190000000008109860900000113120000272.26  
20160514000001002190000000008109860900000113131000477.65  
20160514000001002190000000008109860900000113200000318.43  
20160514000001001150000000043297891100000111220001689.12  
20160514000001001150000000043297891100000111310001147.20  
20160514000001001150000000043297891100000111400000773.21  
20160514000001001150000000043297891100000111600001656.00  
20160514000001001150000000043297891100000111700005736.00  
20160514000001001150000000043297891100000111910000706.25  
20160514000001001150000000043297891100000113110000927.86  
20160514000001001150000000043297891100000113120000158.66  
20160514000001001150000000043297891100000113131000278.36  
20160514000001001150000000043297891100000113200000185.57  
20160514000001002180000000024064850900000111220000546.48  
20160514000001002180000000024064850900000111400001264.71  
20160514000001002180000000024064850900000111700014630.00  
20160514000001002180000000024064850900000113110001517.65  
20160514000001002180000000024064850900000113120000259.52  
20160514000001002180000000024064850900000113131000455.29  
20160514000001002180000000024064850900000113200000303.53  
20160514000001002250000000033144560900000111220000546.48  
20160514000001002250000000033144560900000111400000958.54  
20160514000001002250000000033144560900000111700010956.00  
20160514000001002250000000033144560900000113110001150.25  
20160514000001002250000000033144560900000113120000196.69  
20160514000001002250000000033144560900000113131000345.07  
20160514000001002250000000033144560900000113200000230.05  
20160514000001002350000000036231231000000111220002086.56  
20160514000001002350000000036231231000000111400001618.63  
20160514000001002350000000036231231000000111700017337.00  
20160514000001002350000000036231231000000113110001942.36  
20160514000001002350000000036231231000000113120000332.14  
20160514000001002350000000036231231000000113131000582.71  
20160514000001002350000000036231231000000113200000388.47  
20160514000001001220000000017642751100000111220000546.48  
20160514000001001220000000017642751100000111310001005.40  
20160514000001001220000000017642751100000111400000620.33  
20160514000001001220000000017642751100000111700005027.00  
20160514000001001220000000017642751100000111910000865.07  
20160514000001001220000000017642751100000113110000744.40  
20160514000001001220000000017642751100000113120000127.29  
20160514000001001220000000017642751100000113131000223.32  
20160514000001001220000000017642751100000113200000148.88  
20160514000001000290000000037708311100000111220001291.68  
20160514000001000290000000037708311100000111310002926.00  
20160514000001000290000000037708311100000111400001570.64  
20160514000001000290000000037708311100000111700014630.00  
20160514000001000290000000037708311100000113110001884.77  
20160514000001000290000000037708311100000113120000322.30  
20160514000001000290000000037708311100000113131000565.43  
20160514000001000290000000037708311100000113200000376.95  
20160514000001000560000000051699641000000111220000248.40  
20160514000001000560000000051699641000000111400000933.70  
20160514000001000560000000051699641000000111700010956.00  
20160514000001000560000000051699641000000113110001120.44  
20160514000001000560000000051699641000000113120000191.60  
20160514000001000560000000051699641000000113131000336.13  
20160514000001000560000000051699641000000113200000224.09  
20160514000001002110000000044147960900000111220000248.40  
20160514000001002110000000044147960900000111400002119.20  
20160514000001002110000000044147960900000111700025182.00  
20160514000001002110000000044147960900000113110002543.04  
20160514000001002110000000044147960900000113120000434.86  
20160514000001002110000000044147960900000113131000762.91  
20160514000001002110000000044147960900000113200000508.61  
20160514000001002570000000084016561100000111310000283.53  
20160514000001002570000000084016561100000111400000141.77  
20160514000001002570000000084016561100000111700001417.67  
20160514000001002570000000084016561100000113110000170.12  
20160514000001002570000000084016561100000113120000029.09  
20160514000001002570000000084016561100000113131000051.04  
20160514000001002570000000084016561100000113200000034.02  
20160514000001001160000000035049721100000111220001689.12  
20160514000001001160000000035049721100000111310001147.20  
20160514000001001160000000035049721100000111400000757.38  
20160514000001001160000000035049721100000111700005736.00  
20160514000001001160000000035049721100000111910000516.24  
20160514000001001160000000035049721100000113110000908.86  
20160514000001001160000000035049721100000113120000155.41  
20160514000001001160000000035049721100000113131000272.66  
20160514000001001160000000035049721100000113200000181.77  
20160514000001000650000000044144611100000111220000546.48  
20160514000001000650000000044144611100000111310001959.20  
20160514000001000650000000044144611100000111400001025.14  
20160514000001000650000000044144611100000111700009796.00  
20160514000001000650000000044144611100000113110001230.17  
20160514000001000650000000044144611100000113120000210.36  
20160514000001000650000000044144611100000113131000369.05  
20160514000001000650000000044144611100000113200000246.03  
20160514000001000570000000030128040900000111220000248.40  
20160514000001000570000000030128040900000111400000933.70  
20160514000001000570000000030128040900000111700010956.00  
20160514000001000570000000030128040900000113110001120.44  
20160514000001000570000000030128040900000113120000191.60  
20160514000001000570000000030128040900000113131000336.13  
20160514000001000570000000030128040900000113200000224.09  
20160514000001001170000000037549901100000111220001689.12  
20160514000001001170000000037549901100000111310001147.20  
20160514000001001170000000037549901100000111400000838.54  
20160514000001001170000000037549901100000111700005736.00  
20160514000001001170000000037549901100000111910001490.17  
20160514000001001170000000037549901100000113110001006.25  
20160514000001001170000000037549901100000113120000172.07  
20160514000001001170000000037549901100000113131000301.87  
20160514000001001170000000037549901100000113200000201.25  
20160514000001000740000000052918901100000111220000248.40  
20160514000001000740000000052918901100000111310001701.40  
20160514000001000740000000052918901100000111400000871.40  
20160514000001000740000000052918901100000111700008507.00  
20160514000001000740000000052918901100000113110001045.68  
20160514000001000740000000052918901100000113120000178.81  
20160514000001000740000000052918901100000113131000313.70  
20160514000001000740000000052918901100000113200000209.14  
20160514000001002300000000037570881100000111220000894.24  
20160514000001002300000000037570881100000111400001202.35  
20160514000001002300000000037570881100000111700013534.00  
20160514000001002300000000037570881100000113110001442.82  
20160514000001002300000000037570881100000113120000246.72  
20160514000001002300000000037570881100000113131000432.85  
20160514000001002300000000037570881100000113200000288.56  
20160514000001000750000000040131221000000111220000248.40  
20160514000001000750000000040131221000000111400000729.62  
20160514000001000750000000040131221000000111700008507.00  
20160514000001000750000000040131221000000113110000875.54  
20160514000001000750000000040131221000000113120000149.72  
20160514000001000750000000040131221000000113131000262.66  
20160514000001000750000000040131221000000113200000175.11  
20160514000001002340000000040761511100000111220000248.40  
20160514000001002340000000040761511100000111400000600.70  
20160514000001002340000000040761511100000111700006960.00  
20160514000001002340000000040761511100000113110000720.84  
20160514000001002340000000040761511100000113120000123.26  
20160514000001002340000000040761511100000113131000216.25  
20160514000001002340000000040761511100000113200000144.17  
20160514000001001230000000034170501100000111220000546.48  
20160514000001001230000000034170501100000111310001005.40  
20160514000001001230000000034170501100000111400000714.67  
20160514000001001230000000034170501100000111700005027.00  
20160514000001001230000000034170501100000111910001997.19  
20160514000001001230000000034170501100000113110000857.61  
20160514000001001230000000034170501100000113120000146.65  
20160514000001001230000000034170501100000113131000257.28  
20160514000001001230000000034170501100000113200000171.52  
20160514000001000470000000035904831000000111220000546.48  
20160514000001000470000000035904831000000111400001173.37  
20160514000001000470000000035904831000000111700013534.00  
20160514000001000470000000035904831000000113110001408.05  
20160514000001000470000000035904831000000113120000240.78  
20160514000001000470000000035904831000000113131000422.41  
20160514000001000470000000035904831000000113200000281.61  
20160514000001000580000000044506571000000111220000248.40  
20160514000001000580000000044506571000000111400000933.70  
20160514000001000580000000044506571000000111700010956.00  
20160514000001000580000000044506571000000113110001120.44  
20160514000001000580000000044506571000000113120000191.60  
20160514000001000580000000044506571000000113131000336.13  
20160514000001000580000000044506571000000113200000224.09  
20160514000001001380000000036936201000000111220001291.68  
20160514000001001380000000036936201000000111310000850.60  
20160514000001001380000000036936201000000111400000532.94  
20160514000001001380000000036936201000000111700004253.00  
20160514000001001380000000036936201000000113110000639.53  
20160514000001001380000000036936201000000113120000109.36  
20160514000001001380000000036936201000000113131000191.86  
20160514000001001380000000036936201000000113200000127.91  
20160514000001001010000000013705021100000111220002086.56  
20160514000001001010000000013705021100000111310001263.20  
20160514000001001010000000013705021100000111400000921.82  
20160514000001001010000000013705021100000111700006316.00  
20160514000001001010000000013705021100000111910001396.10  
20160514000001001010000000013705021100000113110001106.19  
20160514000001001010000000013705021100000113120000189.16  
20160514000001001010000000013705021100000113131000331.86  
20160514000001001010000000013705021100000113200000221.24  
20160514000001001020000000026926041100000111220001689.12  
20160514000001001020000000026926041100000111310001263.20  
20160514000001001020000000026926041100000111400000814.47  
20160514000001001020000000026926041100000111700006316.00  
20160514000001001020000000026926041100000111910000505.28  
20160514000001001020000000026926041100000113110000977.36  
20160514000001001020000000026926041100000113120000167.13  
20160514000001001020000000026926041100000113131000293.21  
20160514000001001020000000026926041100000113200000195.47  
20160514000001002510000000073198331100000111310000335.13  
20160514000001002510000000073198331100000111400000167.57  
20160514000001002510000000073198331100000111700001675.67  
20160514000001002510000000073198331100000113110000201.08  
20160514000001002510000000073198331100000113120000034.38  
20160514000001002510000000073198331100000113131000060.32  
20160514000001002510000000073198331100000113200000040.22  
20160514000001000920000000029143441100000111220002086.56  
20160514000001000920000000029143441100000111310001392.00  
20160514000001000920000000029143441100000111400000913.38  
20160514000001000920000000029143441100000111700006960.00  
20160514000001000920000000029143441100000111910000522.00  
20160514000001000920000000029143441100000113110001096.06  
20160514000001000920000000029143441100000113120000187.43  
20160514000001000920000000029143441100000113131000328.82  
20160514000001000920000000029143441100000113200000219.21  
20160514000001002130000000052135240900000111220000248.40  
20160514000001002130000000052135240900000111400001465.45  
20160514000001002130000000052135240900000111700017337.00  
20160514000001002130000000052135240900000113110001758.54  
20160514000001002130000000052135240900000113120000300.71  
20160514000001002130000000052135240900000113131000527.56  
20160514000001002130000000052135240900000113200000351.71  
20160514000001002530000000042130331100000111310000283.53  
20160514000001002530000000042130331100000111400000141.77  
20160514000001002530000000042130331100000111700001417.67  
20160514000001002530000000042130331100000113110000170.12  
20160514000001002530000000042130331100000113120000029.09  
20160514000001002530000000042130331100000113131000051.04  
20160514000001002530000000042130331100000113200000034.02  
20160514000001001030000000009599340900000111220002484.00  
20160514000001001030000000009599340900000111400000733.33  
20160514000001001030000000009599340900000111700006316.00  
20160514000001001030000000009599340900000113110000880.00  
20160514000001001030000000009599340900000113120000150.48  
20160514000001001030000000009599340900000113131000264.00  
20160514000001001030000000009599340900000113200000176.00  
20160514000001002580000000044178201100000111310000283.53  
20160514000001002580000000044178201100000111400000141.77  
20160514000001002580000000044178201100000111700001417.67  
20160514000001002580000000044178201100000113110000170.12  
20160514000001002580000000044178201100000113120000029.09  
20160514000001002580000000044178201100000113131000051.04  
20160514000001002580000000044178201100000113200000034.02  
20160514000001001240000000037862621100000111220001291.68  
20160514000001001240000000037862621100000111310001005.40  
20160514000001001240000000037862621100000111400000625.00  
20160514000001001240000000037862621100000111700005027.00  
20160514000001001240000000037862621100000111910000175.95  
20160514000001001240000000037862621100000113110000750.00  
20160514000001001240000000037862621100000113120000128.25  
20160514000001001240000000037862621100000113131000225.00  
20160514000001001240000000037862621100000113200000150.00  
20160514000001000090000000028683471000000111220000894.24  
20160514000001000090000000028683471000000111400001519.27  
20160514000001000090000000028683471000000111700017337.00  
20160514000001000090000000028683471000000113110001823.12  
20160514000001000090000000028683471000000113120000311.75  
20160514000001000090000000028683471000000113131000546.94  
20160514000001000090000000028683471000000113200000364.62  
20160514000001000100000000031374600900000111220001689.12  
20160514000001000100000000031374600900000111400001585.51  
20160514000001000100000000031374600900000111700017337.00  
20160514000001000100000000031374600900000113110001902.61  
20160514000001000100000000031374600900000113120000325.35  
20160514000001000100000000031374600900000113131000570.78  
20160514000001000100000000031374600900000113200000380.52  
20160514000001000760000000064666681100000111220000248.40  
20160514000001000760000000064666681100000111310001701.40  
20160514000001000760000000064666681100000111400000871.40  
20160514000001000760000000064666681100000111700008507.00  
20160514000001000760000000064666681100000113110001045.68  
20160514000001000760000000064666681100000113120000178.81  
20160514000001000760000000064666681100000113131000313.70  
20160514000001000760000000064666681100000113200000209.14  
20160514000001000930000000030781101100000111220001689.12  
20160514000001000930000000030781101100000111310001392.00  
20160514000001000930000000030781101100000111400000874.46  
20160514000001000930000000030781101100000111700006960.00  
20160514000001000930000000030781101100000111910000452.40  
20160514000001000930000000030781101100000113110001049.35  
20160514000001000930000000030781101100000113120000179.44  
20160514000001000930000000030781101100000113131000314.81  
20160514000001000930000000030781101100000113200000209.87  
20160514000001001250000000088545261100000111220000248.40  
20160514000001001250000000088545261100000111310001005.40  
20160514000001001250000000088545261100000111400000536.75  
20160514000001001250000000088545261100000111600001656.00  
20160514000001001250000000088545261100000111700005027.00  
20160514000001001250000000088545261100000111910000160.24  
20160514000001001250000000088545261100000113110000644.10  
20160514000001001250000000088545261100000113120000110.14  
20160514000001001250000000088545261100000113131000193.23  
20160514000001001250000000088545261100000113200000128.82  
20160514000001002270000000009363050900000111220001689.12  
20160514000001002270000000009363050900000111400001177.26  
20160514000001002270000000009363050900000111700012438.00  
20160514000001002270000000009363050900000113110001412.71  
20160514000001002270000000009363050900000113120000241.57  
20160514000001002270000000009363050900000113131000423.81  
20160514000001002270000000009363050900000113200000282.54  
20160514000001001260000000051518861100000111220000546.48  
20160514000001001260000000051518861100000111310001005.40  
20160514000001001260000000051518861100000111400000614.57  
20160514000001001260000000051518861100000111700005027.00  
20160514000001001260000000051518861100000111910000795.95  
20160514000001001260000000051518861100000113110000737.48  
20160514000001001260000000051518861100000113120000126.11  
20160514000001001260000000051518861100000113131000221.24  
20160514000001001260000000051518861100000113200000147.50  
20160514000001000820000000028997750900000111220000248.40  
20160514000001000820000000028997750900000111400000675.95  
20160514000001000820000000028997750900000111700007863.00  
20160514000001000820000000028997750900000113110000811.14  
20160514000001000820000000028997750900000113120000138.70  
20160514000001000820000000028997750900000113131000243.34  
20160514000001000820000000028997750900000113200000162.23  
20160514000001002330000000036220651200000111220001689.12  
20160514000001002330000000036220651200000111400001359.93  
20160514000001002330000000036220651200000111700014630.00  
20160514000001002330000000036220651200000113110001631.91  
20160514000001002330000000036220651200000113120000279.06  
20160514000001002330000000036220651200000113131000489.57  
20160514000001002330000000036220651200000113200000326.38  
20160514000001000660000000051617001100000111220000248.40  
20160514000001000660000000051617001100000111310001959.20  
20160514000001000660000000051617001100000111400001000.30  
20160514000001000660000000051617001100000111700009796.00  
20160514000001000660000000051617001100000113110001200.36  
20160514000001000660000000051617001100000113120000205.26  
20160514000001000660000000051617001100000113131000360.11  
20160514000001000660000000051617001100000113200000240.07  
20160514000001001270000000045380110900000111220000248.40  
20160514000001001270000000045380110900000111400000439.62  
20160514000001001270000000045380110900000111700005027.00  
20160514000001001270000000045380110900000113110000527.54  
20160514000001001270000000045380110900000113120000090.21  
20160514000001001270000000045380110900000113131000158.26  
20160514000001001270000000045380110900000113200000105.51  
20160514000001002260000000019306230900000111220000248.40  
20160514000001002260000000019306230900000111400001057.20  
20160514000001002260000000019306230900000111700012438.00  
20160514000001002260000000019306230900000113110001268.64  
20160514000001002260000000019306230900000113120000216.94  
20160514000001002260000000019306230900000113131000380.59  
20160514000001002260000000019306230900000113200000253.73  
20160514000001000950000000064310240900000111220000248.40  
20160514000001000950000000064310240900000111400000600.70  
20160514000001000950000000064310240900000111700006960.00  
20160514000001000950000000064310240900000113110000720.84  
20160514000001000950000000064310240900000113120000123.26  
20160514000001000950000000064310240900000113131000216.25  
20160514000001000950000000064310240900000113200000144.17  
20160514000001001040000000017606861100000111220001291.68  
20160514000001001040000000017606861100000111310001263.20  
20160514000001001040000000017606861100000111400000739.24  
20160514000001001040000000017606861100000111700006316.00  
20160514000001001040000000017606861100000113110000887.09  
20160514000001001040000000017606861100000113120000151.69  
20160514000001001040000000017606861100000113131000266.13  
20160514000001001040000000017606861100000113200000177.42  
20160514000001001180000000034820631100000111220001689.12  
20160514000001001180000000034820631100000111310001147.20  
20160514000001001180000000034820631100000111400000857.96  
20160514000001001180000000034820631100000111700005736.00  
20160514000001001180000000034820631100000111910001723.19  
20160514000001001180000000034820631100000113110001029.55  
20160514000001001180000000034820631100000113120000176.05  
20160514000001001180000000034820631100000113131000308.87  
20160514000001001180000000034820631100000113200000205.91  
20160514000001002560000000042034451100000111310000283.53  
20160514000001002560000000042034451100000111400000141.77  
20160514000001002560000000042034451100000111700001417.67  
20160514000001002560000000042034451100000113110000170.12  
20160514000001002560000000042034451100000113120000029.09  
20160514000001002560000000042034451100000113131000051.04  
20160514000001002560000000042034451100000113200000034.02  
20160514000001002420000000067822731100000111310000421.07  
20160514000001002420000000067822731100000111400000210.53  
20160514000001002420000000067822731100000111700002105.33  
20160514000001002420000000067822731100000113110000252.64  
20160514000001002420000000067822731100000113120000043.20  
20160514000001002420000000067822731100000113131000075.79  
20160514000001002420000000067822731100000113200000050.53  
20160514000001001190000000048000591100000111220000894.24  
20160514000001001190000000048000591100000111310001147.20  
20160514000001001190000000048000591100000111400000652.90  
20160514000001001190000000048000591100000111700005736.00  
20160514000001001190000000048000591100000111910000057.36  
20160514000001001190000000048000591100000113110000783.48  
20160514000001001190000000048000591100000113120000133.98  
20160514000001001190000000048000591100000113131000235.04  
20160514000001001190000000048000591100000113200000156.70  
20160514000001000960000000030993041100000111220000248.40  
20160514000001000960000000030993041100000111310001392.00  
20160514000001000960000000030993041100000111400000716.70  
20160514000001000960000000030993041100000111700006960.00  
20160514000001000960000000030993041100000113110000860.04  
20160514000001000960000000030993041100000113120000147.07  
20160514000001000960000000030993041100000113131000258.01  
20160514000001000960000000030993041100000113200000172.01  
20160514000001001050000000008031310900000111220002484.00  
20160514000001001050000000008031310900000111400000733.33  
20160514000001001050000000008031310900000111700006316.00  
20160514000001001050000000008031310900000113110000880.00  
20160514000001001050000000008031310900000113131000264.00  
20160514000001001050000000008031310900000113200000176.00  
20160514000001002500000000075967411100000111310000201.08  
20160514000001002500000000075967411100000111400000100.54  
20160514000001002500000000075967411100000111700001005.40  
20160514000001002500000000075967411100000113110000120.65  
20160514000001002500000000075967411100000113120000020.63  
20160514000001002500000000075967411100000113131000036.19  
20160514000001002500000000075967411100000113200000024.13  
20160514000001002090000000049012270900000111220000248.40  
20160514000001002090000000049012270900000111400002119.20  
20160514000001002090000000049012270900000111700025182.00  
20160514000001002090000000049012270900000113110002543.04  
20160514000001002090000000049012270900000113120000434.86  
20160514000001002090000000049012270900000113131000762.91  
20160514000001002090000000049012270900000113200000508.61  
20160514000001002470000000108106971100000111400000139.64  
20160514000001002470000000108106971100000111700001675.67  
20160514000001002470000000108106971100000113110000167.57  
20160514000001002470000000108106971100000113120000028.65  
20160514000001002470000000108106971100000113131000050.27  
20160514000001002470000000108106971100000113200000033.51  
20160514000001000680000000048841640900000111220000546.48  
20160514000001000680000000048841640900000111400000861.87  
20160514000001000680000000048841640900000111600001656.00  
20160514000001000680000000048841640900000111700009796.00  
20160514000001000680000000048841640900000113110001034.25  
20160514000001000680000000048841640900000113120000176.86  
20160514000001000680000000048841640900000113131000310.27  
20160514000001000680000000048841640900000113200000206.85  
20160514000001000840000000028792790900000111220001689.12  
20160514000001000840000000028792790900000111400000796.01  
20160514000001000840000000028792790900000111700007863.00  
20160514000001000840000000028792790900000113110000955.21  
20160514000001000840000000028792790900000113120000163.34  
20160514000001000840000000028792790900000113131000286.56  
20160514000001000840000000028792790900000113200000191.04  
20160514000001000850000000064730211000000111220000248.40  
20160514000001000850000000064730211000000111400000675.95  
20160514000001000850000000064730211000000111700007863.00  
20160514000001000850000000064730211000000113110000811.14  
20160514000001000850000000064730211000000113120000138.70  
20160514000001000850000000064730211000000113131000243.34  
20160514000001000850000000064730211000000113200000162.23  
20160514000001001390000000048977811100000111220000248.40  
20160514000001001390000000048977811100000111310000850.60  
20160514000001001390000000048977811100000111400000514.23  
20160514000001001390000000048977811100000111700004253.00  
20160514000001001390000000048977811100000111910000818.71  
20160514000001001390000000048977811100000113110000617.07  
20160514000001001390000000048977811100000113120000105.52  
20160514000001001390000000048977811100000113131000185.12  
20160514000001001390000000048977811100000113200000123.41  
20160514000001000320000000037688620900000111220000546.48  
20160514000001000320000000037688620900000111400001264.71  
20160514000001000320000000037688620900000111700014630.00  
20160514000001000320000000037688620900000113110001517.65  
20160514000001000320000000037688620900000113120000259.52  
20160514000001000320000000037688620900000113131000455.29  
20160514000001000320000000037688620900000113200000303.53  
20160514000001001060000000020457010900000111220002484.00  
20160514000001001060000000020457010900000111400000733.33  
20160514000001001060000000020457010900000111700006316.00  
20160514000001001060000000020457010900000113110000880.00  
20160514000001001060000000020457010900000113120000150.48  
20160514000001001060000000020457010900000113131000264.00  
20160514000001001060000000020457010900000113200000176.00  
20160514000001001460000000037345451000000111220000248.40  
20160514000001001460000000037345451000000111400001465.45  
20160514000001001460000000037345451000000111700017337.00  
20160514000001001460000000037345451000000113110001758.54  
20160514000001001460000000037345451000000113120000300.71  
20160514000001001460000000037345451000000113131000527.56  
20160514000001001460000000037345451000000113200000351.71  
20160514000001000340000000052702481200000111220000248.40  
20160514000001000340000000052702481200000111400001239.87  
20160514000001000340000000052702481200000111700014630.00  
20160514000001000340000000052702481200000113110001487.84  
20160514000001000340000000052702481200000113120000254.42  
20160514000001000340000000052702481200000113131000446.35  
20160514000001000340000000052702481200000113200000297.57  
20160514000001001400000000048869720900000111220000248.40  
20160514000001001400000000048869720900000111400000375.12  
20160514000001001400000000048869720900000111600001656.00  
20160514000001001400000000048869720900000111700004253.00  
20160514000001001400000000048869720900000113110000450.14  
20160514000001001400000000048869720900000113120000076.97  
20160514000001001400000000048869720900000113131000135.04  
20160514000001001400000000048869720900000113200000090.03  
20160514000001002240000000044334130900000111220000248.40  
20160514000001002240000000044334130900000111400001465.45  
20160514000001002240000000044334130900000111700017337.00  
20160514000001002240000000044334130900000113110001758.54  
20160514000001002240000000044334130900000113120000300.71  
20160514000001002240000000044334130900000113131000527.56  
20160514000001002240000000044334130900000113200000351.71  
20160514000001001070000000038318380900000111220001291.68  
20160514000001001070000000038318380900000111400000633.97  
20160514000001001070000000038318380900000111700006316.00  
20160514000001001070000000038318380900000113110000760.77  
20160514000001001070000000038318380900000113120000130.09  
20160514000001001070000000038318380900000113131000228.23  
20160514000001001070000000038318380900000113200000152.15  
20160514000001002050000000018938121100000111400003210.00  
20160514000001002050000000018938121100000111700038520.00  
20160514000001002050000000018938121100000113110003852.00  
20160514000001002050000000018938121100000113120000658.69  
20160514000001002050000000018938121100000113131001155.60  
20160514000001002050000000018938121100000113200000770.40  
20160514000001001080000000008552790900000111220002484.00  
20160514000001001080000000008552790900000111400000733.33  
20160514000001001080000000008552790900000111700006316.00  
20160514000001001080000000008552790900000113110000880.00  
20160514000001001080000000008552790900000113120000150.48  
20160514000001001080000000008552790900000113131000264.00  
20160514000001001080000000008552790900000113200000176.00  
20160514000001000690000000034593161200000111220000248.40  
20160514000001000690000000034593161200000111400000837.03  
20160514000001000690000000034593161200000111700009796.00  
20160514000001000690000000034593161200000113110001004.44  
20160514000001000690000000034593161200000113120000171.76  
20160514000001000690000000034593161200000113131000301.33  
20160514000001000690000000034593161200000113200000200.89  
20160514000001002430000000060963391100000111220000248.40  
20160514000001002430000000060963391100000111310001005.40  
20160514000001002430000000060963391100000111400000589.03  
20160514000001002430000000060963391100000111700005027.00  
20160514000001002430000000060963391100000111910000787.57  
20160514000001002430000000060963391100000113110000706.84  
20160514000001002430000000060963391100000113120000120.87  
20160514000001002430000000060963391100000113131000212.05  
20160514000001002430000000060963391100000113200000141.37  
20160514000001000040000000030238800900000111400001127.83  
20160514000001000040000000030238800900000112100013534.00  
20160514000001000040000000030238800900000113110001353.40  
20160514000001000040000000030238800900000113120000231.43  
20160514000001000040000000030238800900000113131000406.02  
20160514000001000040000000030238800900000113200000270.68  
20160514000001000770000000057712600900000111400000236.31  
20160514000001000770000000057712600900000111700002835.67  
20160514000001000770000000057712600900000113110000283.57  
20160514000001000770000000057712600900000113120000048.49  
20160514000001000770000000057712600900000113131000085.07  
20160514000001000770000000057712600900000113200000056.71  
20160514000001000700000000037290380900000111220001689.12  
20160514000001000700000000037290380900000111400000957.09  
20160514000001000700000000037290380900000111700009796.00  
20160514000001000700000000037290380900000113110001148.51  
20160514000001000700000000037290380900000113120000196.40  
20160514000001000700000000037290380900000113131000344.55  
20160514000001000700000000037290380900000113200000229.70  
20160514000001000710000000037205221100000111220001689.12  
20160514000001000710000000037205221100000111310001959.20  
20160514000001000710000000037205221100000111400001120.36  
20160514000001000710000000037205221100000111700009796.00  
20160514000001000710000000037205221100000113110001344.43  
20160514000001000710000000037205221100000113120000229.90  
20160514000001000710000000037205221100000113131000403.33  
20160514000001000710000000037205221100000113200000268.89  
20160514000001001290000000051794601100000111220000546.48  
20160514000001001290000000051794601100000111310001005.40  
20160514000001001290000000051794601100000111400000643.19  
20160514000001001290000000051794601100000111700005027.00  
20160514000001001290000000051794601100000111910001139.45  
20160514000001001290000000051794601100000113110000771.83  
20160514000001001290000000051794601100000113120000131.98  
20160514000001001290000000051794601100000113131000231.55  
20160514000001001290000000051794601100000113200000154.37  
20160514000001001300000000044107891100000111220001291.68  
20160514000001001300000000044107891100000111310001005.40  
20160514000001001300000000044107891100000111400000738.20  
20160514000001001300000000044107891100000111700005027.00  
20160514000001001300000000044107891100000111910001534.29  
20160514000001001300000000044107891100000113110000885.84  
20160514000001001300000000044107891100000113120000151.48  
20160514000001001300000000044107891100000113131000265.75  
20160514000001001300000000044107891100000113200000177.17  
20160514000001000480000000036173220900000111220000248.40  
20160514000001000480000000036173220900000111400001148.53  
20160514000001000480000000036173220900000111700013534.00  
20160514000001000480000000036173220900000113110001378.24  
20160514000001000480000000036173220900000113120000235.68  
20160514000001000480000000036173220900000113131000413.47  
20160514000001000480000000036173220900000113200000275.65  
20160514000001002060000000030255050900000111220000894.24  
20160514000001002060000000030255050900000111400003284.52  
20160514000001002060000000030255050900000111700038520.00  
20160514000001002060000000030255050900000113110003941.42  
20160514000001002060000000030255050900000113120000673.98  
20160514000001002060000000030255050900000113131001182.43  
20160514000001002060000000030255050900000113200000788.28  
20160514000001001090000000037827311100000111220002086.56  
20160514000001001090000000037827311100000111310001263.20  
20160514000001001090000000037827311100000111400000963.82  
20160514000001001090000000037827311100000111700006316.00  
20160514000001001090000000037827311100000111910001900.06  
20160514000001001090000000037827311100000113110001156.58  
20160514000001001090000000037827311100000113120000197.78  
20160514000001001090000000037827311100000113131000346.97  
20160514000001001090000000037827311100000113200000231.32  
20160514000001002010000000029910070900000111400001604.08  
20160514000001002010000000029910070900000111700019249.00  
20160514000001002010000000029910070900000113110001924.90  
20160514000001002010000000029910070900000113120000329.16  
20160514000001002010000000029910070900000113131000577.47  
20160514000001002010000000029910070900000113200000384.98  
20160514000001002030000000010690891000000111400003210.00  
20160514000001002030000000010690891000000111700038520.00  
20160514000001002030000000010690891000000113110003852.00  
20160514000001002030000000010690891000000113120000658.69  
20160514000001002030000000010690891000000113131001155.60  
20160514000001002030000000010690891000000113200000770.40  
20160514000001000130000000031378190900000111220001689.12  
20160514000001000130000000031378190900000111400001585.51  
20160514000001000130000000031378190900000111700017337.00  
20160514000001000130000000031378190900000113110001902.61  
20160514000001000130000000031378190900000113120000325.35  
20160514000001000130000000031378190900000113131000570.78  
20160514000001000130000000031378190900000113200000380.52  
20160514000001000790000000052259660900000111220000248.40  
20160514000001000790000000052259660900000111400000729.62  
20160514000001000790000000052259660900000111700008507.00  
20160514000001000790000000052259660900000113110000875.54  
20160514000001000790000000052259660900000113120000149.72  
20160514000001000790000000052259660900000113131000262.66  
20160514000001000790000000052259660900000113200000175.11  
20160514000001000860000000044618940900000111220000546.48  
20160514000001000860000000044618940900000111400000700.79  
20160514000001000860000000044618940900000111700007863.00  
20160514000001000860000000044618940900000113110000840.95  
20160514000001000860000000044618940900000113120000143.80  
20160514000001000860000000044618940900000113131000252.28  
20160514000001000860000000044618940900000113200000168.19  
20160514000001001410000000048709620900000111220000546.48  
20160514000001001410000000048709620900000111400000399.96  
20160514000001001410000000048709620900000111700004253.00  
20160514000001001410000000048709620900000113110000479.95  
20160514000001001410000000048709620900000113120000082.07  
20160514000001001410000000048709620900000113131000143.98  
20160514000001001410000000048709620900000113200000095.99  
20160514000001002520000000042150291100000111310000283.53  
20160514000001002520000000042150291100000111400000141.77  
20160514000001002520000000042150291100000111700001417.67  
20160514000001002520000000042150291100000113110000170.12  
20160514000001002520000000042150291100000113120000029.09  
20160514000001002520000000042150291100000113131000051.04  
20160514000001002520000000042150291100000113200000034.02  
20160514000001002380000000009989450900000111400000436.83  
20160514000001002380000000009989450900000111700005242.00  
20160514000001002380000000009989450900000113110000524.20  
20160514000001002380000000009989450900000113120000089.64  
20160514000001002380000000009989450900000113131000157.26  
20160514000001002380000000009989450900000113200000104.84  
20160514000001002280000000051932150900000111220000248.40  
20160514000001002280000000051932150900000111400000933.70  
20160514000001002280000000051932150900000111700010956.00  
20160514000001002280000000051932150900000113110001120.44  
20160514000001002280000000051932150900000113120000191.60  
20160514000001002280000000051932150900000113131000336.13  
20160514000001002280000000051932150900000113200000224.09  
20160514000001002540000000054763321100000111310000283.53  
20160514000001002540000000054763321100000111400000141.77  
20160514000001002540000000054763321100000111700001417.67  
20160514000001002540000000054763321100000113110000170.12  
20160514000001002540000000054763321100000113120000029.09  
20160514000001002540000000054763321100000113131000051.04  
20160514000001002540000000054763321100000113200000034.02  
20160514000001000190000000005681381200000111220002484.00  
20160514000001000190000000005681381200000111400001549.67  
20160514000001000190000000005681381200000111700016112.00  
20160514000001000190000000005681381200000113110001859.60  
20160514000001000190000000005681381200000113131000557.88  
20160514000001000190000000005681381200000113200000371.92  
20160514000001000610000000035181171000000111220000546.48  
20160514000001000610000000035181171000000111400000958.54  
20160514000001000610000000035181171000000111700010956.00  
20160514000001000610000000035181171000000113110001150.25  
20160514000001000610000000035181171000000113120000196.69  
20160514000001000610000000035181171000000113131000345.07  
20160514000001000610000000035181171000000113200000230.05  
20160514000001002480000000092675111100000111400000139.64  
20160514000001002480000000092675111100000111700001675.67  
20160514000001002480000000092675111100000113110000167.57  
20160514000001002480000000092675111100000113120000028.65  
20160514000001002480000000092675111100000113131000050.27  
20160514000001002480000000092675111100000113200000033.51  
20160514000001002390000000031245160900000111400000963.17  
20160514000001002390000000031245160900000111700011558.00  
20160514000001002390000000031245160900000113110001155.80  
20160514000001002390000000031245160900000113120000197.64  
20160514000001002390000000031245160900000113131000346.74  
20160514000001002390000000031245160900000113200000231.16  
20160514000001001420000000030640161000000111220001291.68  
20160514000001001420000000030640161000000111310000850.60  
20160514000001001420000000030640161000000111400000532.94  
20160514000001001420000000030640161000000111700004253.00  
20160514000001001420000000030640161000000113110000639.53  
20160514000001001420000000030640161000000113120000109.36  
20160514000001001420000000030640161000000113131000191.86  
20160514000001001420000000030640161000000113200000127.91  
20160514000001002290000000045021820900000111220000248.40  
20160514000001002290000000045021820900000111400000600.70  
20160514000001002290000000045021820900000111700006960.00  
20160514000001002290000000045021820900000113110000720.84  
20160514000001002290000000045021820900000113120000123.26  
20160514000001002290000000045021820900000113131000216.25  
20160514000001002290000000045021820900000113200000144.17  
20160514000001002220000000028625750900000111400002098.50  
20160514000001002220000000028625750900000111700025182.00  
20160514000001002220000000028625750900000113110002518.20  
20160514000001002220000000028625750900000113120000430.61  
20160514000001002220000000028625750900000113131000755.46  
20160514000001002220000000028625750900000113200000503.64  
20160514000001000980000000040225151100000111220000546.48  
20160514000001000980000000040225151100000111310001392.00  
20160514000001000980000000040225151100000111400000741.54  
20160514000001000980000000040225151100000111700006960.00  
20160514000001000980000000040225151100000113110000889.85  
20160514000001000980000000040225151100000113120000152.16  
20160514000001000980000000040225151100000113131000266.95  
20160514000001000980000000040225151100000113200000177.97  
20160514000001001320000000044154021100000111220000546.48  
20160514000001001320000000044154021100000111310001005.40  
20160514000001001320000000044154021100000111400000641.89  
20160514000001001320000000044154021100000111700005027.00  
20160514000001001320000000044154021100000111910001123.75  
20160514000001001320000000044154021100000113110000770.26  
20160514000001001320000000044154021100000113120000131.71  
20160514000001001320000000044154021100000113131000231.08  
20160514000001001320000000044154021100000113200000154.05  
20160514000001002210000000029008541100000111400002098.50  
20160514000001002210000000029008541100000111700025182.00  
20160514000001002210000000029008541100000113110002518.20  
20160514000001002210000000029008541100000113120000430.61  
20160514000001002210000000029008541100000113131000755.46  
20160514000001002210000000029008541100000113200000503.64  
20160514000001002450000000042002231100000111220000248.40  
20160514000001002450000000042002231100000111310001005.40  
20160514000001002450000000042002231100000111400000653.09  
20160514000001002450000000042002231100000111700005027.00  
20160514000001002450000000042002231100000111910001556.27  
20160514000001002450000000042002231100000113110000783.71  
20160514000001002450000000042002231100000113120000134.01  
20160514000001002450000000042002231100000113131000235.11  
20160514000001002450000000042002231100000113200000156.74  
20160514000001002070000000051989401000000111220000546.48  
20160514000001002070000000051989401000000111400002144.04  
20160514000001002070000000051989401000000111700025182.00  
20160514000001002070000000051989401000000113110002572.85  
20160514000001002070000000051989401000000113120000439.96  
20160514000001002070000000051989401000000113131000771.85  
20160514000001002070000000051989401000000113200000514.57  
20160514000001000990000000056485771100000111220000248.40  
20160514000001000990000000056485771100000111310001392.00  
20160514000001000990000000056485771100000111400000716.70  
20160514000001000990000000056485771100000111700006960.00  
20160514000001000990000000056485771100000113110000860.04  
20160514000001000990000000056485771100000113120000147.07  
20160514000001000990000000056485771100000113131000258.01  
20160514000001000990000000056485771100000113200000172.01  
20160514000001000380000000044249661000000111220000248.40  
20160514000001000380000000044249661000000111400001239.87  
20160514000001000380000000044249661000000111700014630.00  
20160514000001000380000000044249661000000113110001487.84  
20160514000001000380000000044249661000000113120000254.42  
20160514000001000380000000044249661000000113131000446.35  
20160514000001000380000000044249661000000113200000297.57  
20160514000001001340000000036055810900000111220000248.40  
20160514000001001340000000036055810900000111400000439.62  
20160514000001001340000000036055810900000111700005027.00  
20160514000001001340000000036055810900000113110000527.54  
20160514000001001340000000036055810900000113120000090.21  
20160514000001001340000000036055810900000113131000158.26  
20160514000001001340000000036055810900000113200000105.51  
20160514000001001430000000037530270900000111220001291.68  
20160514000001001430000000037530270900000111400000462.06  
20160514000001001430000000037530270900000111700004253.00  
20160514000001001430000000037530270900000113110000554.47  
20160514000001001430000000037530270900000113120000094.81  
20160514000001001430000000037530270900000113131000166.34  
20160514000001001430000000037530270900000113200000110.89  
20160514000001002100000000036212690900000111220001689.12  
20160514000001002100000000036212690900000111400002239.26  
20160514000001002100000000036212690900000111700025182.00  
20160514000001002100000000036212690900000113110002687.11  
20160514000001002100000000036212690900000113120000459.50  
20160514000001002100000000036212690900000113131000806.13  
20160514000001002100000000036212690900000113200000537.42  
20160514000001000150000000035888920900000111220000248.40  
20160514000001000150000000035888920900000111400001465.45  
20160514000001000150000000035888920900000111700017337.00  
20160514000001000150000000035888920900000113110001758.54  
20160514000001000150000000035888920900000113120000300.71  
20160514000001000150000000035888920900000113131000527.56  
20160514000001000150000000035888920900000113200000351.71  
20160514000001001350000000059031341100000111220000546.48  
20160514000001001350000000059031341100000111310001005.40  
20160514000001001350000000059031341100000111400000620.33  
20160514000001001350000000059031341100000111700005027.00  
20160514000001001350000000059031341100000111910000865.07  
20160514000001001350000000059031341100000113110000744.40  
20160514000001001350000000059031341100000113120000127.29  
20160514000001001350000000059031341100000113131000223.32  
20160514000001001350000000059031341100000113200000148.88  
20160514000001000620000000044678691200000111220000248.40  
20160514000001000620000000044678691200000111400000933.70  
20160514000001000620000000044678691200000111700010956.00  
20160514000001000620000000044678691200000113110001120.44  
20160514000001000620000000044678691200000113120000191.60  
20160514000001000620000000044678691200000113131000336.13  
20160514000001000620000000044678691200000113200000224.09  
20160514000001002120000000044119031000000111400002098.50  
20160514000001002120000000044119031000000111700025182.00  
20160514000001002120000000044119031000000113110002518.20  
20160514000001002120000000044119031000000113120000430.61  
20160514000001002120000000044119031000000113131000755.46  
20160514000001002120000000044119031000000113200000503.64  
20160514000001002360000000037423650900000111220000546.48  
20160514000001002360000000037423650900000111400000754.46  
20160514000001002360000000037423650900000111700008507.00  
20160514000001002360000000037423650900000113110000905.35  
20160514000001002360000000037423650900000113120000154.81  
20160514000001002360000000037423650900000113131000271.60  
20160514000001002360000000037423650900000113200000181.07  
20160514000001001100000000037206271100000111220002086.56  
20160514000001001100000000037206271100000111310001263.20  
20160514000001001100000000037206271100000111400000867.32  
20160514000001001100000000037206271100000111700006316.00  
20160514000001001100000000037206271100000111910000742.13  
20160514000001001100000000037206271100000113110001040.79  
20160514000001001100000000037206271100000113120000177.97  
20160514000001001100000000037206271100000113131000312.24  
20160514000001001100000000037206271100000113200000208.16  
20160514000001001110000000028941011100000111220001689.12  
20160514000001001110000000028941011100000111400000667.09  
20160514000001001110000000028941011100000111700006316.00  
20160514000001001110000000028941011100000113110000800.51  
20160514000001001110000000028941011100000113120000136.89  
20160514000001001110000000028941011100000113131000240.15  
20160514000001001110000000028941011100000113200000160.10  
20160514000001002320000000028750931100000111220000248.40  
20160514000001002320000000028750931100000111400001239.87  
20160514000001002320000000028750931100000111700014630.00  
20160514000001002320000000028750931100000113110001487.84  
20160514000001002320000000028750931100000113120000254.42  
20160514000001002320000000028750931100000113131000446.35  
20160514000001002320000000028750931100000113200000297.57  
20160514000001002550000000077791011100000111310000283.53  
20160514000001002550000000077791011100000111400000141.77  
20160514000001002550000000077791011100000111700001417.67  
20160514000001002550000000077791011100000113110000170.12  
20160514000001002550000000077791011100000113120000029.09  
20160514000001002550000000077791011100000113131000051.04  
20160514000001002550000000077791011100000113200000034.02  
20160514000001002020000000009530210900000111220000546.48  
20160514000001002020000000009530210900000111400003344.71  
20160514000001002020000000009530210900000111700039590.00  
20160514000001002020000000009530210900000113110004013.65  
20160514000001002020000000009530210900000113120000686.33  
20160514000001002020000000009530210900000113131001204.09  
20160514000001002020000000009530210900000113200000802.73  
20160514000001001120000000017140321100000111220002484.00  
20160514000001001120000000017140321100000111400000959.66  
20160514000001001120000000017140321100000111700006316.00  
20160514000001001120000000017140321100000111910002715.88  
20160514000001001120000000017140321100000113110001151.59  
20160514000001001120000000017140321100000113120000196.92  
20160514000001001120000000017140321100000113131000345.48  
20160514000001001120000000017140321100000113200000230.32  
20160514000001002460000000041815811100000111400000083.78  
20160514000001002460000000041815811100000111700001005.40  
20160514000001002460000000041815811100000113110000100.54  
20160514000001002460000000041815811100000113120000017.19  
20160514000001002460000000041815811100000113131000030.16  
20160514000001002460000000041815811100000113200000020.11  
20160514000001002170000000037787980900000111220001689.12  
20160514000001002170000000037787980900000111400001429.76  
20160514000001002170000000037787980900000111700015468.00  
20160514000001002170000000037787980900000113110001715.71  
20160514000001002170000000037787980900000113120000293.39  
20160514000001002170000000037787980900000113131000514.71  
20160514000001002170000000037787980900000113200000343.14  
20160514000001000800000000037686630900000111220000248.40  
20160514000001000800000000037686630900000111400000729.62  
20160514000001000800000000037686630900000111700008507.00  
20160514000001000800000000037686630900000113110000875.54  
20160514000001000800000000037686630900000113120000149.72  
20160514000001000800000000037686630900000113131000262.66  
20160514000001000800000000037686630900000113200000175.11  
20160514000001000200000000042889520900000111220000248.40  
20160514000001000200000000042889520900000111400001363.37  
20160514000001000200000000042889520900000111700016112.00  
20160514000001000200000000042889520900000113110001636.04  
20160514000001000200000000042889520900000113120000279.76  
20160514000001000200000000042889520900000113131000490.81  
20160514000001000200000000042889520900000113200000327.21  
20160514000001001360000000047023491100000111220000546.48  
20160514000001001360000000047023491100000111310001005.40  
20160514000001001360000000047023491100000111400000627.57  
20160514000001001360000000047023491100000111700005027.00  
20160514000001001360000000047023491100000111910000951.99  
20160514000001001360000000047023491100000113110000753.09  
20160514000001001360000000047023491100000113120000128.78  
20160514000001001360000000047023491100000113131000225.93  
20160514000001001360000000047023491100000113200000150.62  
20160514000001002040000000030176310900000111220000546.48  
20160514000001002040000000030176310900000111400003255.54  
20160514000001002040000000030176310900000111700038520.00  
20160514000001002040000000030176310900000113110003906.65  
20160514000001002040000000030176310900000113120000668.04  
20160514000001002040000000030176310900000113131001171.99  
20160514000001002040000000030176310900000113200000781.33  
20160514000001002310000000031317101100000111220002086.56  
20160514000001002310000000031317101100000111400001462.88  
20160514000001002310000000031317101100000111700015468.00  
20160514000001002310000000031317101100000113110001755.46  
20160514000001002310000000031317101100000113120000300.18  
20160514000001002310000000031317101100000113131000526.64  
20160514000001002310000000031317101100000113200000351.09  
20160514000001001130000000059166500900000111220000248.40  
20160514000001001130000000059166500900000111400000547.03  
20160514000001001130000000059166500900000111600001656.00  
20160514000001001130000000059166500900000111700006316.00  
20160514000001001130000000059166500900000113110000656.44  
20160514000001001130000000059166500900000113120000112.25  
20160514000001001130000000059166500900000113131000196.93  
20160514000001001130000000059166500900000113200000131.29  
20160514000001001370000000025513140900000111220001689.12  
20160514000001001370000000025513140900000111400000559.68  
20160514000001001370000000025513140900000111700005027.00  
20160514000001001370000000025513140900000113110000671.61  
20160514000001001370000000025513140900000113120000114.85  
20160514000001001370000000025513140900000113131000201.48  
20160514000001001370000000025513140900000113200000134.32  
20160514000001000600000000041272230900000111400000304.33  
20160514000001000600000000041272230900000111700003652.00  
20160514000001000600000000041272230900000113110000365.20  
20160514000001000600000000041272230900000113120000062.45  
20160514000001000600000000041272230900000113131000109.56  
20160514000001000600000000041272230900000113200000073.04  
20160514000001002440000000079628621100000111220000248.40  
20160514000001002440000000079628621100000111310000850.60  
20160514000001002440000000079628621100000111400000446.00  
20160514000001002440000000079628621100000111600001656.00  
20160514000001002440000000079628621100000111700004253.00  
20160514000001002440000000079628621100000113110000535.20  
20160514000001002440000000079628621100000113120000091.52  
20160514000001002440000000079628621100000113131000160.56  
20160514000001002440000000079628621100000113200000107.04  
20160514000001000260000000013206271000000111220000248.40  
20160514000001000260000000013206271000000111400001309.70  
20160514000001000260000000013206271000000111700015468.00  
20160514000001000260000000013206271000000113110001571.64  
20160514000001000260000000013206271000000113120000268.75  
20160514000001000260000000013206271000000113131000471.49  
20160514000001000260000000013206271000000113200000314.33  
20160514000001000270000000013847920900000111220000248.40  
20160514000001000270000000013847920900000111400001309.70  
20160514000001000270000000013847920900000111700015468.00  
20160514000001000270000000013847920900000113110001571.64  
20160514000001000270000000013847920900000113120000268.75  
20160514000001000270000000013847920900000113131000471.49  
20160514000001000270000000013847920900000113200000314.33  
20160514000001000430000000021398970900000111220002086.56  
20160514000001000430000000021398970900000111400001393.05  
20160514000001000430000000021398970900000111700014630.00  
20160514000001000430000000021398970900000113110001671.66  
20160514000001000430000000021398970900000113120000285.85  
20160514000001000430000000021398970900000113131000501.50  
20160514000001000430000000021398970900000113200000334.33  
20160514000001000160000000037321240900000111220001291.68  
20160514000001000160000000037321240900000111400001552.39  
20160514000001000160000000037321240900000111700017337.00  
20160514000001000160000000037321240900000113110001862.87  
20160514000001000160000000037321240900000113120000318.55  
20160514000001000160000000037321240900000113131000558.86  
20160514000001000160000000037321240900000113200000372.57  
20160514000001001000000000073493141000000111220002484.00  
20160514000001001000000000073493141000000111400000787.00  
20160514000001001000000000073493141000000111700006960.00  
20160514000001001000000000073493141000000113110000944.40  
20160514000001001000000000073493141000000113131000283.32  
20160514000001001000000000073493141000000113200000188.88  
20160514000001001140000000009602780900000111220001689.12  
20160514000001001140000000009602780900000111400000667.09  
20160514000001001140000000009602780900000111700006316.00  
20160514000001001140000000009602780900000113110000800.51  
20160514000001001140000000009602780900000113120000136.89  
20160514000001001140000000009602780900000113131000240.15  
20160514000001001140000000009602780900000113200000160.10  
20160514000001000640000000044674200900000111220001291.68  
20160514000001000640000000044674200900000111400001020.64  
20160514000001000640000000044674200900000111700010956.00  
20160514000001000640000000044674200900000113110001224.77  
20160514000001000640000000044674200900000113120000209.44  
20160514000001000640000000044674200900000113131000367.43  
20160514000001000640000000044674200900000113200000244.95  
TOTAL A BORRAR: 2089165.93
