2016051400000100009000000002868347074000364.62  
2016051400000100009000000002868347204001823.12  
2016051400000100009000000002868347301001823.12  
2016051400000100009000000002868347303000311.75  
2016051400000100009000000002868347305000091.16  
2016051400000100009000000002868347307000311.75  
2016051400000100009000000002868347311000091.16  
2016051400000100009000000002868347327000052.31  
2016051400000100009000000002868347999003001.73  
2016051400000100010000000003137460074000380.52  
2016051400000100010000000003137460204001902.61  
2016051400000100010000000003137460301001902.61  
2016051400000100010000000003137460303000325.35  
2016051400000100010000000003137460305000095.13  
2016051400000100010000000003137460307000325.35  
2016051400000100010000000003137460311000095.13  
2016051400000100010000000003137460327000060.26  
2016051400000100010000000003137460999007723.80  
2016051400000100013000000003137819074000380.52  
2016051400000100013000000003137819204001902.61  
2016051400000100013000000003137819301001902.61  
2016051400000100013000000003137819303000325.35  
2016051400000100013000000003137819305000095.13  
2016051400000100013000000003137819307000325.35  
2016051400000100013000000003137819311000095.13  
2016051400000100013000000003137819327000060.26  
2016051400000100013000000003137819999004737.66  
2016051400000100015000000003588892074000351.71  
2016051400000100015000000003588892204001758.54  
2016051400000100015000000003588892302001758.54  
2016051400000100015000000003588892304000300.71  
2016051400000100015000000003588892306000087.93  
2016051400000100015000000003588892308000300.71  
2016051400000100015000000003588892312000087.93  
2016051400000100015000000003588892328000045.85  
2016051400000100015000000003588892999000350.10  
2016051400000100016000000003732124074000372.57  
2016051400000100016000000003732124204001862.87  
2016051400000100016000000003732124301001862.87  
2016051400000100016000000003732124303000318.55  
2016051400000100016000000003732124305000093.14  
2016051400000100016000000003732124307000318.55  
2016051400000100016000000003732124311000093.14  
2016051400000100016000000003732124327000056.29  
2016051400000100016000000003732124999001173.24  
2016051400000100019000000000568138074000371.92  
2016051400000100019000000000568138204001859.60  
2016051400000100019000000000568138301001859.60  
2016051400000100019000000000568138305000092.98  
2016051400000100019000000000568138311000092.98  
2016051400000100019000000000568138327000055.96  
2016051400000100019000000000568138999003091.72  
2016051400000100020000000004288952074000327.21  
2016051400000100020000000004288952204001636.04  
2016051400000100020000000004288952301001636.04  
2016051400000100020000000004288952303000279.76  
2016051400000100020000000004288952305000081.80  
2016051400000100020000000004288952307000279.76  
2016051400000100020000000004288952311000081.80  
2016051400000100020000000004288952327000033.60  
2016051400000100020000000004288952999000040.25  
2016051400000100026000000001320627001000969.20  
2016051400000100026000000001320627074000314.33  
2016051400000100026000000001320627204001571.64  
2016051400000100026000000001320627301001571.64  
2016051400000100026000000001320627303000268.75  
2016051400000100026000000001320627305000078.58  
2016051400000100026000000001320627307000268.75  
2016051400000100026000000001320627311000078.58  
2016051400000100026000000001320627327000027.16  
2016051400000100026000000001320627999000265.55  
2016051400000100027000000001384792074000314.33  
2016051400000100027000000001384792204001571.64  
2016051400000100027000000001384792302001571.64  
2016051400000100027000000001384792304000268.75  
2016051400000100027000000001384792306000078.58  
2016051400000100027000000001384792308000268.75  
2016051400000100027000000001384792312000078.58  
2016051400000100027000000001384792328000027.16  
2016051400000100027000000001384792999000797.22  
2016051400000100028000000003099414074000362.05  
2016051400000100028000000003099414204001810.25  
2016051400000100028000000003099414302001810.25  
2016051400000100028000000003099414304000309.55  
2016051400000100028000000003099414306000090.51  
2016051400000100028000000003099414308000309.55  
2016051400000100028000000003099414312000090.51  
2016051400000100028000000003099414328000051.02  
2016051400000100028000000003099414999003539.13  
2016051400000100029000000003770831074000376.95  
2016051400000100029000000003770831204001884.77  
2016051400000100029000000003770831301001884.77  
2016051400000100029000000003770831303000322.30  
2016051400000100029000000003770831305000094.24  
2016051400000100029000000003770831307000322.30  
2016051400000100029000000003770831311000094.24  
2016051400000100029000000003770831327000058.48  
2016051400000100029000000003770831999003748.54  
2016051400000100032000000003768862074000303.53  
2016051400000100032000000003768862204001517.65  
2016051400000100032000000003768862301001517.65  
2016051400000100032000000003768862303000259.52  
2016051400000100032000000003768862305000075.88  
2016051400000100032000000003768862307000259.52  
2016051400000100032000000003768862311000075.88  
2016051400000100032000000003768862327000021.76  
2016051400000100032000000003768862999000952.27  
2016051400000100034000000005270248074000297.57  
2016051400000100034000000005270248204001487.84  
2016051400000100034000000005270248301001487.84  
2016051400000100034000000005270248303000254.42  
2016051400000100034000000005270248305000074.39  
2016051400000100034000000005270248307000254.42  
2016051400000100034000000005270248311000074.39  
2016051400000100034000000005270248327000018.78  
2016051400000100034000000005270248999000705.42  
2016051400000100038000000004424966074000297.57  
2016051400000100038000000004424966204001487.84  
2016051400000100038000000004424966301001487.84  
2016051400000100038000000004424966303000254.42  
2016051400000100038000000004424966305000074.39  
2016051400000100038000000004424966307000254.42  
2016051400000100038000000004424966311000074.39  
2016051400000100038000000004424966327000018.78  
2016051400000100038000000004424966999003214.07  
2016051400000100043000000002139897074000334.33  
2016051400000100043000000002139897204001671.66  
2016051400000100043000000002139897301001671.66  
2016051400000100043000000002139897303000285.85  
2016051400000100043000000002139897305000083.58  
2016051400000100043000000002139897307000285.85  
2016051400000100043000000002139897311000083.58  
2016051400000100043000000002139897327000037.17  
2016051400000100043000000002139897999007956.02  
2016051400000100044000000000952134074000312.41  
2016051400000100044000000000952134204001562.06  
2016051400000100044000000000952134302001562.06  
2016051400000100044000000000952134304000267.11  
2016051400000100044000000000952134306000078.10  
2016051400000100044000000000952134308000267.11  
2016051400000100044000000000952134312000078.10  
2016051400000100044000000000952134328000026.21  
2016051400000100044000000000952134999000976.96  
2016051400000100047000000003590483074000281.61  
2016051400000100047000000003590483204001408.05  
2016051400000100047000000003590483301001408.05  
2016051400000100047000000003590483303000240.78  
2016051400000100047000000003590483305000070.40  
2016051400000100047000000003590483307000240.78  
2016051400000100047000000003590483311000070.40  
2016051400000100047000000003590483327000010.80  
2016051400000100047000000003590483999002126.05  
2016051400000100048000000003617322074000275.65  
2016051400000100048000000003617322204001378.24  
2016051400000100048000000003617322302001378.24  
2016051400000100048000000003617322304000235.68  
2016051400000100048000000003617322306000068.91  
2016051400000100048000000003617322308000235.68  
2016051400000100048000000003617322312000068.91  
2016051400000100048000000003617322328000007.82  
2016051400000100048000000003617322999005325.07  
2016051400000100054000000003081251074000252.90  
2016051400000100054000000003081251204001264.51  
2016051400000100054000000003081251301001264.51  
2016051400000100054000000003081251303000216.23  
2016051400000100054000000003081251305000063.23  
2016051400000100054000000003081251307000216.23  
2016051400000100054000000003081251311000063.23  
2016051400000100054000000003081251999000599.50  
2016051400000100056000000005169964074000224.09  
2016051400000100056000000005169964204001120.44  
2016051400000100056000000005169964302001120.44  
2016051400000100056000000005169964304000191.60  
2016051400000100056000000005169964306000056.02  
2016051400000100056000000005169964308000191.60  
2016051400000100056000000005169964312000056.02  
2016051400000100056000000005169964999001203.45  
2016051400000100057000000003012804074000224.09  
2016051400000100057000000003012804204001120.44  
2016051400000100057000000003012804302001120.44  
2016051400000100057000000003012804304000191.60  
2016051400000100057000000003012804306000056.02  
2016051400000100057000000003012804308000191.60  
2016051400000100057000000003012804312000056.02  
2016051400000100057000000003012804999001988.69  
2016051400000100058000000004450657074000224.09  
2016051400000100058000000004450657204001120.44  
2016051400000100058000000004450657301001120.44  
2016051400000100058000000004450657303000191.60  
2016051400000100058000000004450657305000056.02  
2016051400000100058000000004450657307000191.60  
2016051400000100058000000004450657311000056.02  
2016051400000100058000000004450657999000218.60  
2016051400000100060000000004127223074000073.04  
2016051400000100060000000004127223204000365.20  
2016051400000100060000000004127223301000365.20  
2016051400000100060000000004127223303000062.45  
2016051400000100060000000004127223305000018.26  
2016051400000100060000000004127223307000062.45  
2016051400000100060000000004127223311000018.26  
2016051400000100061000000003518117074000230.05  
2016051400000100061000000003518117204001150.25  
2016051400000100061000000003518117301001150.25  
2016051400000100061000000003518117303000196.69  
2016051400000100061000000003518117305000057.51  
2016051400000100061000000003518117307000196.69  
2016051400000100061000000003518117311000057.51  
2016051400000100061000000003518117999003465.35  
2016051400000100062000000004467869074000224.09  
2016051400000100062000000004467869204001120.44  
2016051400000100062000000004467869301001120.44  
2016051400000100062000000004467869303000191.60  
2016051400000100062000000004467869305000056.02  
2016051400000100062000000004467869307000191.60  
2016051400000100062000000004467869311000056.02  
2016051400000100062000000004467869999000559.88  
2016051400000100064000000004467420074000244.95  
2016051400000100064000000004467420204001224.77  
2016051400000100064000000004467420301001224.77  
2016051400000100064000000004467420303000209.44  
2016051400000100064000000004467420305000061.24  
2016051400000100064000000004467420307000209.44  
2016051400000100064000000004467420311000061.24  
2016051400000100064000000004467420999004604.14  
2016051400000100065000000004414461074000246.03  
2016051400000100065000000004414461204001230.17  
2016051400000100065000000004414461301001230.17  
2016051400000100065000000004414461303000210.36  
2016051400000100065000000004414461305000061.51  
2016051400000100065000000004414461307000210.36  
2016051400000100065000000004414461311000061.51  
2016051400000100065000000004414461999000199.43  
2016051400000100066000000005161700074000240.07  
2016051400000100066000000005161700204001200.36  
2016051400000100066000000005161700301001200.36  
2016051400000100066000000005161700303000205.26  
2016051400000100066000000005161700305000060.02  
2016051400000100066000000005161700307000205.26  
2016051400000100066000000005161700311000060.02  
2016051400000100066000000005161700999000756.68  
2016051400000100068000000004884164074000206.85  
2016051400000100068000000004884164204001034.25  
2016051400000100068000000004884164302001034.25  
2016051400000100068000000004884164304000176.86  
2016051400000100068000000004884164306000051.71  
2016051400000100068000000004884164308000176.86  
2016051400000100068000000004884164312000051.71  
2016051400000100068000000004884164999004980.62  
2016051400000100069000000003459316074000200.89  
2016051400000100069000000003459316204001004.44  
2016051400000100069000000003459316302001004.44  
2016051400000100069000000003459316304000171.76  
2016051400000100069000000003459316306000050.22  
2016051400000100069000000003459316308000171.76  
2016051400000100069000000003459316312000050.22  
2016051400000100069000000003459316999000592.84  
2016051400000100070000000003729038074000229.70  
2016051400000100070000000003729038204001148.51  
2016051400000100070000000003729038301001148.51  
2016051400000100070000000003729038303000196.40  
2016051400000100070000000003729038305000057.43  
2016051400000100070000000003729038307000196.40  
2016051400000100070000000003729038311000057.43  
2016051400000100070000000003729038999006290.12  
2016051400000100071000000003720522074000268.89  
2016051400000100071000000003720522204001344.43  
2016051400000100071000000003720522301001344.43  
2016051400000100071000000003720522303000229.90  
2016051400000100071000000003720522305000067.22  
2016051400000100071000000003720522307000229.90  
2016051400000100071000000003720522311000067.22  
2016051400000100071000000003720522327000004.44  
2016051400000100071000000003720522999003170.08  
2016051400000100074000000005291890074000209.14  
2016051400000100074000000005291890204001045.68  
2016051400000100074000000005291890302001045.68  
2016051400000100074000000005291890304000178.81  
2016051400000100074000000005291890306000052.28  
2016051400000100074000000005291890308000178.81  
2016051400000100074000000005291890312000052.28  
2016051400000100074000000005291890999000848.66  
2016051400000100075000000004013122074000175.11  
2016051400000100075000000004013122204000875.54  
2016051400000100075000000004013122301000875.54  
2016051400000100075000000004013122303000149.72  
2016051400000100075000000004013122305000043.78  
2016051400000100075000000004013122307000149.72  
2016051400000100075000000004013122311000043.78  
2016051400000100075000000004013122999000670.36  
2016051400000100076000000006466668074000209.14  
2016051400000100076000000006466668204001045.68  
2016051400000100076000000006466668302001045.68  
2016051400000100076000000006466668304000178.81  
2016051400000100076000000006466668306000052.28  
2016051400000100076000000006466668308000178.81  
2016051400000100076000000006466668312000052.28  
2016051400000100076000000006466668999000615.48  
2016051400000100077000000005771260074000056.71  
2016051400000100077000000005771260204000283.57  
2016051400000100077000000005771260301000283.57  
2016051400000100077000000005771260303000048.49  
2016051400000100077000000005771260305000014.18  
2016051400000100077000000005771260307000048.49  
2016051400000100077000000005771260311000014.18  
2016051400000100079000000005225966074000175.11  
2016051400000100079000000005225966204000875.54  
2016051400000100079000000005225966301000875.54  
2016051400000100079000000005225966303000149.72  
2016051400000100079000000005225966305000043.78  
2016051400000100079000000005225966307000149.72  
2016051400000100079000000005225966311000043.78  
2016051400000100079000000005225966999003770.42  
2016051400000100080000000003768663074000175.11  
2016051400000100080000000003768663204000875.54  
2016051400000100080000000003768663302000875.54  
2016051400000100080000000003768663304000149.72  
2016051400000100080000000003768663306000043.78  
2016051400000100080000000003768663308000149.72  
2016051400000100080000000003768663312000043.78  
2016051400000100080000000003768663999004035.01  
2016051400000100082000000002899775074000162.23  
2016051400000100082000000002899775204000811.14  
2016051400000100082000000002899775301000811.14  
2016051400000100082000000002899775303000138.70  
2016051400000100082000000002899775305000040.56  
2016051400000100082000000002899775307000138.70  
2016051400000100082000000002899775311000040.56  
2016051400000100082000000002899775999001946.23  
2016051400000100084000000002879279074000191.04  
2016051400000100084000000002879279204000955.21  
2016051400000100084000000002879279302000955.21  
2016051400000100084000000002879279304000163.34  
2016051400000100084000000002879279306000047.76  
2016051400000100084000000002879279308000163.34  
2016051400000100084000000002879279312000047.76  
2016051400000100084000000002879279999000746.36  
2016051400000100085000000006473021074000162.23  
2016051400000100085000000006473021204000811.14  
2016051400000100085000000006473021301000811.14  
2016051400000100085000000006473021303000138.70  
2016051400000100085000000006473021305000040.56  
2016051400000100085000000006473021307000138.70  
2016051400000100085000000006473021311000040.56  
2016051400000100085000000006473021999002368.91  
2016051400000100086000000004461894074000168.19  
2016051400000100086000000004461894204000840.95  
2016051400000100086000000004461894301000840.95  
2016051400000100086000000004461894303000143.80  
2016051400000100086000000004461894305000042.05  
2016051400000100086000000004461894307000143.80  
2016051400000100086000000004461894311000042.05  
2016051400000100086000000004461894999003186.14  
2016051400000100090000000004510395074000144.17  
2016051400000100090000000004510395204000720.84  
2016051400000100090000000004510395301000720.84  
2016051400000100090000000004510395303000123.26  
2016051400000100090000000004510395305000036.04  
2016051400000100090000000004510395307000123.26  
2016051400000100090000000004510395311000036.04  
2016051400000100090000000004510395999003624.63  
2016051400000100092000000002914344074000219.21  
2016051400000100092000000002914344204001096.06  
2016051400000100092000000002914344301001096.06  
2016051400000100092000000002914344303000187.43  
2016051400000100092000000002914344305000054.80  
2016051400000100092000000002914344307000187.43  
2016051400000100092000000002914344311000054.80  
2016051400000100092000000002914344999001673.42  
2016051400000100093000000003078110074000209.87  
2016051400000100093000000003078110204001049.35  
2016051400000100093000000003078110301001049.35  
2016051400000100093000000003078110303000179.44  
2016051400000100093000000003078110305000052.47  
2016051400000100093000000003078110307000179.44  
2016051400000100093000000003078110311000052.47  
2016051400000100093000000003078110999002785.21  
2016051400000100094000000006144098074000092.80  
2016051400000100094000000006144098204000464.00  
2016051400000100094000000006144098302000464.00  
2016051400000100094000000006144098304000079.34  
2016051400000100094000000006144098306000023.20  
2016051400000100094000000006144098308000079.34  
2016051400000100094000000006144098312000023.20  
2016051400000100095000000006431024074000144.17  
2016051400000100095000000006431024204000720.84  
2016051400000100095000000006431024302000720.84  
2016051400000100095000000006431024304000123.26  
2016051400000100095000000006431024306000036.04  
2016051400000100095000000006431024308000123.26  
2016051400000100095000000006431024312000036.04  
2016051400000100095000000006431024999000883.51  
2016051400000100096000000003099304074000172.01  
2016051400000100096000000003099304204000860.04  
2016051400000100096000000003099304301000860.04  
2016051400000100096000000003099304303000147.07  
2016051400000100096000000003099304305000043.00  
2016051400000100096000000003099304307000147.07  
2016051400000100096000000003099304311000043.00  
2016051400000100096000000003099304999000790.14  
2016051400000100098000000004022515074000177.97  
2016051400000100098000000004022515204000889.85  
2016051400000100098000000004022515302000889.85  
2016051400000100098000000004022515304000152.16  
2016051400000100098000000004022515306000044.49  
2016051400000100098000000004022515308000152.16  
2016051400000100098000000004022515312000044.49  
2016051400000100098000000004022515999002579.10  
2016051400000100099000000005648577074000172.01  
2016051400000100099000000005648577204000860.04  
2016051400000100099000000005648577302000860.04  
2016051400000100099000000005648577304000147.07  
2016051400000100099000000005648577306000043.00  
2016051400000100099000000005648577308000147.07  
2016051400000100099000000005648577312000043.00  
2016051400000100099000000005648577999001589.40  
2016051400000100100000000007349314074000188.88  
2016051400000100100000000007349314204000944.40  
2016051400000100100000000007349314301000944.40  
2016051400000100100000000007349314305000047.22  
2016051400000100100000000007349314311000047.22  
2016051400000100100000000007349314999000037.10  
2016051400000100101000000001370502074000221.24  
2016051400000100101000000001370502204001106.19  
2016051400000100101000000001370502301001106.19  
2016051400000100101000000001370502303000189.16  
2016051400000100101000000001370502305000055.31  
2016051400000100101000000001370502307000189.16  
2016051400000100101000000001370502311000055.31  
2016051400000100101000000001370502999003900.23  
2016051400000100102000000002692604074000195.47  
2016051400000100102000000002692604204000977.36  
2016051400000100102000000002692604301000977.36  
2016051400000100102000000002692604303000167.13  
2016051400000100102000000002692604305000048.87  
2016051400000100102000000002692604307000167.13  
2016051400000100102000000002692604311000048.87  
2016051400000100102000000002692604999004158.51  
2016051400000100103000000000959934074000176.00  
2016051400000100103000000000959934204000880.00  
2016051400000100103000000000959934302000880.00  
2016051400000100103000000000959934304000150.48  
2016051400000100103000000000959934306000044.00  
2016051400000100103000000000959934308000150.48  
2016051400000100103000000000959934312000044.00  
2016051400000100103000000000959934999001273.80  
2016051400000100104000000001760686074000177.42  
2016051400000100104000000001760686204000887.09  
2016051400000100104000000001760686301000887.09  
2016051400000100104000000001760686303000151.69  
2016051400000100104000000001760686305000044.35  
2016051400000100104000000001760686307000151.69  
2016051400000100104000000001760686311000044.35  
2016051400000100104000000001760686999002900.88  
2016051400000100105000000000803131074000176.00  
2016051400000100105000000000803131204000880.00  
2016051400000100105000000000803131302000880.00  
2016051400000100105000000000803131306000044.00  
2016051400000100105000000000803131312000044.00  
2016051400000100105000000000803131999000984.16  
2016051400000100106000000002045701074000176.00  
2016051400000100106000000002045701204000880.00  
2016051400000100106000000002045701301000880.00  
2016051400000100106000000002045701303000150.48  
2016051400000100106000000002045701305000044.00  
2016051400000100106000000002045701307000150.48  
2016051400000100106000000002045701311000044.00  
2016051400000100106000000002045701999001163.16  
2016051400000100107000000003831838074000152.15  
2016051400000100107000000003831838204000760.77  
2016051400000100107000000003831838301000760.77  
2016051400000100107000000003831838303000130.09  
2016051400000100107000000003831838305000038.04  
2016051400000100107000000003831838307000130.09  
2016051400000100107000000003831838311000038.04  
2016051400000100107000000003831838999003549.62  
2016051400000100108000000000855279074000176.00  
2016051400000100108000000000855279204000880.00  
2016051400000100108000000000855279301000880.00  
2016051400000100108000000000855279303000150.48  
2016051400000100108000000000855279305000044.00  
2016051400000100108000000000855279307000150.48  
2016051400000100108000000000855279311000044.00  
2016051400000100108000000000855279999002650.56  
2016051400000100109000000003782731074000231.32  
2016051400000100109000000003782731204001156.58  
2016051400000100109000000003782731301001156.58  
2016051400000100109000000003782731303000197.78  
2016051400000100109000000003782731305000057.83  
2016051400000100109000000003782731307000197.78  
2016051400000100109000000003782731311000057.83  
2016051400000100109000000003782731999001153.93  
2016051400000100110000000003720627074000208.16  
2016051400000100110000000003720627204001040.79  
2016051400000100110000000003720627301001040.79  
2016051400000100110000000003720627303000177.97  
2016051400000100110000000003720627305000052.04  
2016051400000100110000000003720627307000177.97  
2016051400000100110000000003720627311000052.04  
2016051400000100110000000003720627999004573.86  
2016051400000100111000000002894101074000160.10  
2016051400000100111000000002894101204000800.51  
2016051400000100111000000002894101301000800.51  
2016051400000100111000000002894101303000136.89  
2016051400000100111000000002894101305000040.03  
2016051400000100111000000002894101307000136.89  
2016051400000100111000000002894101311000040.03  
2016051400000100111000000002894101999002773.52  
2016051400000100112000000001714032074000230.32  
2016051400000100112000000001714032204001151.59  
2016051400000100112000000001714032301001151.59  
2016051400000100112000000001714032303000196.92  
2016051400000100112000000001714032305000057.58  
2016051400000100112000000001714032307000196.92  
2016051400000100112000000001714032311000057.58  
2016051400000100112000000001714032999001176.25  
2016051400000100113000000005916650074000131.29  
2016051400000100113000000005916650204000656.44  
2016051400000100113000000005916650302000656.44  
2016051400000100113000000005916650304000112.25  
2016051400000100113000000005916650306000032.82  
2016051400000100113000000005916650308000112.25  
2016051400000100113000000005916650312000032.82  
2016051400000100113000000005916650999002051.34  
2016051400000100114000000000960278074000160.10  
2016051400000100114000000000960278204000800.51  
2016051400000100114000000000960278301000800.51  
2016051400000100114000000000960278303000136.89  
2016051400000100114000000000960278305000040.03  
2016051400000100114000000000960278307000136.89  
2016051400000100114000000000960278311000040.03  
2016051400000100114000000000960278999001538.87  
2016051400000100115000000004329789074000185.57  
2016051400000100115000000004329789204000927.86  
2016051400000100115000000004329789301000927.86  
2016051400000100115000000004329789303000158.66  
2016051400000100115000000004329789305000046.39  
2016051400000100115000000004329789307000158.66  
2016051400000100115000000004329789311000046.39  
2016051400000100115000000004329789999004093.20  
2016051400000100116000000003504972074000181.77  
2016051400000100116000000003504972204000908.86  
2016051400000100116000000003504972301000908.86  
2016051400000100116000000003504972303000155.41  
2016051400000100116000000003504972305000045.44  
2016051400000100116000000003504972307000155.41  
2016051400000100116000000003504972311000045.44  
2016051400000100116000000003504972999001448.67  
2016051400000100117000000003754990074000201.25  
2016051400000100117000000003754990204001006.25  
2016051400000100117000000003754990301001006.25  
2016051400000100117000000003754990303000172.07  
2016051400000100117000000003754990305000050.31  
2016051400000100117000000003754990307000172.07  
2016051400000100117000000003754990311000050.31  
2016051400000100117000000003754990999002716.30  
2016051400000100118000000003482063074000205.91  
2016051400000100118000000003482063204001029.55  
2016051400000100118000000003482063301001029.55  
2016051400000100118000000003482063303000176.05  
2016051400000100118000000003482063305000051.48  
2016051400000100118000000003482063307000176.05  
2016051400000100118000000003482063311000051.48  
2016051400000100118000000003482063999001001.21  
2016051400000100119000000004800059074000156.70  
2016051400000100119000000004800059204000783.48  
2016051400000100119000000004800059302000783.48  
2016051400000100119000000004800059304000133.98  
2016051400000100119000000004800059306000039.17  
2016051400000100119000000004800059308000133.98  
2016051400000100119000000004800059312000039.17  
2016051400000100119000000004800059999003024.31  
2016051400000100122000000001764275074000148.88  
2016051400000100122000000001764275204000744.40  
2016051400000100122000000001764275301000744.40  
2016051400000100122000000001764275303000127.29  
2016051400000100122000000001764275305000037.22  
2016051400000100122000000001764275307000127.29  
2016051400000100122000000001764275311000037.22  
2016051400000100122000000001764275999003166.03  
2016051400000100123000000003417050074000171.52  
2016051400000100123000000003417050204000857.61  
2016051400000100123000000003417050301000857.61  
2016051400000100123000000003417050303000146.65  
2016051400000100123000000003417050305000042.88  
2016051400000100123000000003417050307000146.65  
2016051400000100123000000003417050311000042.88  
2016051400000100123000000003417050999001128.40  
2016051400000100124000000003786262074000150.00  
2016051400000100124000000003786262204000750.00  
2016051400000100124000000003786262301000750.00  
2016051400000100124000000003786262303000128.25  
2016051400000100124000000003786262305000037.50  
2016051400000100124000000003786262307000128.25  
2016051400000100124000000003786262311000037.50  
2016051400000100124000000003786262999002798.80  
2016051400000100125000000008854526074000128.82  
2016051400000100125000000008854526204000644.10  
2016051400000100125000000008854526301000644.10  
2016051400000100125000000008854526303000110.14  
2016051400000100125000000008854526305000032.21  
2016051400000100125000000008854526307000110.14  
2016051400000100125000000008854526311000032.21  
2016051400000100125000000008854526999003406.06  
2016051400000100126000000005151886074000147.50  
2016051400000100126000000005151886204000737.48  
2016051400000100126000000005151886301000737.48  
2016051400000100126000000005151886303000126.11  
2016051400000100126000000005151886305000036.87  
2016051400000100126000000005151886307000126.11  
2016051400000100126000000005151886311000036.87  
2016051400000100126000000005151886999003256.83  
2016051400000100127000000004538011074000105.51  
2016051400000100127000000004538011204000527.54  
2016051400000100127000000004538011302000527.54  
2016051400000100127000000004538011304000090.21  
2016051400000100127000000004538011306000026.38  
2016051400000100127000000004538011308000090.21  
2016051400000100127000000004538011312000026.38  
2016051400000100127000000004538011999002320.91  
2016051400000100129000000005179460074000154.37  
2016051400000100129000000005179460204000771.83  
2016051400000100129000000005179460302000771.83  
2016051400000100129000000005179460304000131.98  
2016051400000100129000000005179460306000038.59  
2016051400000100129000000005179460308000131.98  
2016051400000100129000000005179460312000038.59  
2016051400000100129000000005179460999003325.48  
2016051400000100130000000004410789074000177.17  
2016051400000100130000000004410789204000885.84  
2016051400000100130000000004410789301000885.84  
2016051400000100130000000004410789303000151.48  
2016051400000100130000000004410789305000044.29  
2016051400000100130000000004410789307000151.48  
2016051400000100130000000004410789311000044.29  
2016051400000100130000000004410789999003881.62  
2016051400000100132000000004415402074000154.05  
2016051400000100132000000004415402204000770.26  
2016051400000100132000000004415402301000770.26  
2016051400000100132000000004415402303000131.71  
2016051400000100132000000004415402305000038.51  
2016051400000100132000000004415402307000131.71  
2016051400000100132000000004415402311000038.51  
2016051400000100132000000004415402999002610.47  
2016051400000100134000000003605581074000105.51  
2016051400000100134000000003605581204000527.54  
2016051400000100134000000003605581301000527.54  
2016051400000100134000000003605581303000090.21  
2016051400000100134000000003605581305000026.38  
2016051400000100134000000003605581307000090.21  
2016051400000100134000000003605581311000026.38  
2016051400000100134000000003605581999001746.65  
2016051400000100135000000005903134074000148.88  
2016051400000100135000000005903134204000744.40  
2016051400000100135000000005903134301000744.40  
2016051400000100135000000005903134303000127.29  
2016051400000100135000000005903134305000037.22  
2016051400000100135000000005903134307000127.29  
2016051400000100135000000005903134311000037.22  
2016051400000100135000000005903134999000833.28  
2016051400000100136000000004702349074000150.62  
2016051400000100136000000004702349204000753.09  
2016051400000100136000000004702349301000753.09  
2016051400000100136000000004702349303000128.78  
2016051400000100136000000004702349305000037.65  
2016051400000100136000000004702349307000128.78  
2016051400000100136000000004702349311000037.65  
2016051400000100136000000004702349999002799.32  
2016051400000100137000000002551314074000134.32  
2016051400000100137000000002551314204000671.61  
2016051400000100137000000002551314302000671.61  
2016051400000100137000000002551314304000114.85  
2016051400000100137000000002551314306000033.58  
2016051400000100137000000002551314308000114.85  
2016051400000100137000000002551314312000033.58  
2016051400000100137000000002551314999002931.52  
2016051400000100138000000003693620074000127.91  
2016051400000100138000000003693620204000639.53  
2016051400000100138000000003693620301000639.53  
2016051400000100138000000003693620303000109.36  
2016051400000100138000000003693620305000031.98  
2016051400000100138000000003693620307000109.36  
2016051400000100138000000003693620311000031.98  
2016051400000100138000000003693620999001067.94  
2016051400000100139000000004897781074000123.41  
2016051400000100139000000004897781204000617.07  
2016051400000100139000000004897781301000617.07  
2016051400000100139000000004897781303000105.52  
2016051400000100139000000004897781305000030.85  
2016051400000100139000000004897781307000105.52  
2016051400000100139000000004897781311000030.85  
2016051400000100139000000004897781999000397.38  
2016051400000100140000000004886972074000090.03  
2016051400000100140000000004886972204000450.14  
2016051400000100140000000004886972302000450.14  
2016051400000100140000000004886972304000076.97  
2016051400000100140000000004886972306000022.51  
2016051400000100140000000004886972308000076.97  
2016051400000100140000000004886972312000022.51  
2016051400000100140000000004886972999003532.36  
2016051400000100141000000004870962074000095.99  
2016051400000100141000000004870962204000479.95  
2016051400000100141000000004870962302000479.95  
2016051400000100141000000004870962304000082.07  
2016051400000100141000000004870962306000024.00  
2016051400000100141000000004870962308000082.07  
2016051400000100141000000004870962312000024.00  
2016051400000100141000000004870962999001097.45  
2016051400000100142000000003064016074000127.91  
2016051400000100142000000003064016204000639.53  
2016051400000100142000000003064016301000639.53  
2016051400000100142000000003064016303000109.36  
2016051400000100142000000003064016305000031.98  
2016051400000100142000000003064016307000109.36  
2016051400000100142000000003064016311000031.98  
2016051400000100142000000003064016999001747.02  
2016051400000100143000000003753027074000110.89  
2016051400000100143000000003753027204000554.47  
2016051400000100143000000003753027301000554.47  
2016051400000100143000000003753027303000094.81  
2016051400000100143000000003753027305000027.72  
2016051400000100143000000003753027307000094.81  
2016051400000100143000000003753027311000027.72  
2016051400000100143000000003753027999001383.14  
2016051400000100146000000003734545074000351.71  
2016051400000100146000000003734545204001758.54  
2016051400000100146000000003734545301001758.54  
2016051400000100146000000003734545303000300.71  
2016051400000100146000000003734545305000087.93  
2016051400000100146000000003734545307000300.71  
2016051400000100146000000003734545311000087.93  
2016051400000100146000000003734545327000045.85  
2016051400000100146000000003734545999001295.35  
2016051400000100201000000002991007074000384.98  
2016051400000100201000000002991007204001924.90  
2016051400000100201000000002991007302001924.90  
2016051400000100201000000002991007304000329.16  
2016051400000100201000000002991007306000096.25  
2016051400000100201000000002991007308000329.16  
2016051400000100201000000002991007312000096.25  
2016051400000100201000000002991007328000062.49  
2016051400000100201000000002991007999003498.97  
2016051400000100202000000000953021074000802.73  
2016051400000100202000000000953021204004013.65  
2016051400000100202000000000953021302004013.65  
2016051400000100202000000000953021304000686.33  
2016051400000100202000000000953021306000200.68  
2016051400000100202000000000953021308000686.33  
2016051400000100202000000000953021312000200.68  
2016051400000100202000000000953021328001541.83  
2016051400000100202000000000953021999008196.86  
2016051400000100203000000001069089074000770.40  
2016051400000100203000000001069089204003852.00  
2016051400000100203000000001069089302003852.00  
2016051400000100203000000001069089304000658.69  
2016051400000100203000000001069089306000192.60  
2016051400000100203000000001069089308000658.69  
2016051400000100203000000001069089312000192.60  
2016051400000100203000000001069089328001283.20  
2016051400000100203000000001069089999003850.60  
2016051400000100204000000003017631074000781.33  
2016051400000100204000000003017631204003906.65  
2016051400000100204000000003017631302003906.65  
2016051400000100204000000003017631304000668.04  
2016051400000100204000000003017631306000195.33  
2016051400000100204000000003017631308000668.04  
2016051400000100204000000003017631312000195.33  
2016051400000100204000000003017631328001370.63  
2016051400000100204000000003017631999001370.63  
2016051400000100205000000001893812074000770.40  
2016051400000100205000000001893812204003852.00  
2016051400000100205000000001893812301003852.00  
2016051400000100205000000001893812303000658.69  
2016051400000100205000000001893812305000192.60  
2016051400000100205000000001893812307000658.69  
2016051400000100205000000001893812311000192.60  
2016051400000100205000000001893812327001283.20  
2016051400000100205000000001893812999004660.47  
2016051400000100206000000003025505074000788.28  
2016051400000100206000000003025505204003941.42  
2016051400000100206000000003025505302003941.42  
2016051400000100206000000003025505304000673.98  
2016051400000100206000000003025505306000197.07  
2016051400000100206000000003025505308000673.98  
2016051400000100206000000003025505312000197.07  
2016051400000100206000000003025505328001426.27  
2016051400000100206000000003025505999006137.91  
2016051400000100207000000005198940074000514.57  
2016051400000100207000000005198940204002572.85  
2016051400000100207000000005198940301002572.85  
2016051400000100207000000005198940303000439.96  
2016051400000100207000000005198940305000128.64  
2016051400000100207000000005198940307000439.96  
2016051400000100207000000005198940311000128.64  
2016051400000100207000000005198940327000163.70  
2016051400000100207000000005198940999008205.07  
2016051400000100209000000004901227074000508.61  
2016051400000100209000000004901227204002543.04  
2016051400000100209000000004901227301002543.04  
2016051400000100209000000004901227303000434.86  
2016051400000100209000000004901227305000127.15  
2016051400000100209000000004901227307000434.86  
2016051400000100209000000004901227311000127.15  
2016051400000100209000000004901227327000145.82  
2016051400000100209000000004901227999000145.82  
2016051400000100210000000003621269074000537.42  
2016051400000100210000000003621269204002687.11  
2016051400000100210000000003621269301002687.11  
2016051400000100210000000003621269303000459.50  
2016051400000100210000000003621269305000134.36  
2016051400000100210000000003621269307000459.50  
2016051400000100210000000003621269311000134.36  
2016051400000100210000000003621269327000232.27  
2016051400000100210000000003621269999012186.70  
2016051400000100211000000004414796074000508.61  
2016051400000100211000000004414796204002543.04  
2016051400000100211000000004414796301002543.04  
2016051400000100211000000004414796303000434.86  
2016051400000100211000000004414796305000127.15  
2016051400000100211000000004414796307000434.86  
2016051400000100211000000004414796311000127.15  
2016051400000100211000000004414796327000145.82  
2016051400000100211000000004414796999005484.58  
2016051400000100212000000004411903074000503.64  
2016051400000100212000000004411903204002518.20  
2016051400000100212000000004411903302002518.20  
2016051400000100212000000004411903304000430.61  
2016051400000100212000000004411903306000125.91  
2016051400000100212000000004411903308000430.61  
2016051400000100212000000004411903312000125.91  
2016051400000100212000000004411903328000130.92  
2016051400000100212000000004411903999001329.60  
2016051400000100213000000005213524001000744.14  
2016051400000100213000000005213524074000351.71  
2016051400000100213000000005213524204001758.54  
2016051400000100213000000005213524302001758.54  
2016051400000100213000000005213524304000300.71  
2016051400000100213000000005213524306000087.93  
2016051400000100213000000005213524308000300.71  
2016051400000100213000000005213524312000087.93  
2016051400000100213000000005213524328000045.85  
2016051400000100213000000005213524999007141.22  
2016051400000100217000000003778798074000343.14  
2016051400000100217000000003778798204001715.71  
2016051400000100217000000003778798301001715.71  
2016051400000100217000000003778798303000293.39  
2016051400000100217000000003778798305000085.79  
2016051400000100217000000003778798307000293.39  
2016051400000100217000000003778798311000085.79  
2016051400000100217000000003778798327000041.57  
2016051400000100217000000003778798999006106.84  
2016051400000100218000000002406485074000303.53  
2016051400000100218000000002406485204001517.65  
2016051400000100218000000002406485301001517.65  
2016051400000100218000000002406485303000259.52  
2016051400000100218000000002406485305000075.88  
2016051400000100218000000002406485307000259.52  
2016051400000100218000000002406485311000075.88  
2016051400000100218000000002406485327000021.76  
2016051400000100218000000002406485999001396.57  
2016051400000100219000000000810986074000318.43  
2016051400000100219000000000810986204001592.17  
2016051400000100219000000000810986302001592.17  
2016051400000100219000000000810986304000272.26  
2016051400000100219000000000810986306000079.61  
2016051400000100219000000000810986308000272.26  
2016051400000100219000000000810986312000079.61  
2016051400000100219000000000810986328000029.22  
2016051400000100219000000000810986999000950.59  
2016051400000100221000000002900854074000503.64  
2016051400000100221000000002900854204002518.20  
2016051400000100221000000002900854302002518.20  
2016051400000100221000000002900854304000430.61  
2016051400000100221000000002900854306000125.91  
2016051400000100221000000002900854308000430.61  
2016051400000100221000000002900854312000125.91  
2016051400000100221000000002900854328000130.92  
2016051400000100221000000002900854999004546.37  
2016051400000100222000000002862575074000503.64  
2016051400000100222000000002862575204002518.20  
2016051400000100222000000002862575301002518.20  
2016051400000100222000000002862575303000430.61  
2016051400000100222000000002862575305000125.91  
2016051400000100222000000002862575307000430.61  
2016051400000100222000000002862575311000125.91  
2016051400000100222000000002862575327000130.92  
2016051400000100222000000002862575999000130.92  
2016051400000100224000000004433413074000351.71  
2016051400000100224000000004433413204001758.54  
2016051400000100224000000004433413301001758.54  
2016051400000100224000000004433413303000300.71  
2016051400000100224000000004433413305000087.93  
2016051400000100224000000004433413307000300.71  
2016051400000100224000000004433413311000087.93  
2016051400000100224000000004433413327000045.85  
2016051400000100224000000004433413999001013.74  
2016051400000100225000000003314456074000230.05  
2016051400000100225000000003314456204001150.25  
2016051400000100225000000003314456301001150.25  
2016051400000100225000000003314456303000196.69  
2016051400000100225000000003314456305000057.51  
2016051400000100225000000003314456307000196.69  
2016051400000100225000000003314456311000057.51  
2016051400000100225000000003314456999003874.04  
2016051400000100226000000001930623074000253.73  
2016051400000100226000000001930623204001268.64  
2016051400000100226000000001930623302001268.64  
2016051400000100226000000001930623304000216.94  
2016051400000100226000000001930623306000063.43  
2016051400000100226000000001930623308000216.94  
2016051400000100226000000001930623312000063.43  
2016051400000100226000000001930623999000956.87  
2016051400000100227000000000936305074000282.54  
2016051400000100227000000000936305204001412.71  
2016051400000100227000000000936305301001412.71  
2016051400000100227000000000936305303000241.57  
2016051400000100227000000000936305305000070.64  
2016051400000100227000000000936305307000241.57  
2016051400000100227000000000936305311000070.64  
2016051400000100227000000000936305327000011.27  
2016051400000100227000000000936305999004330.70  
2016051400000100228000000005193215074000224.09  
2016051400000100228000000005193215204001120.44  
2016051400000100228000000005193215301001120.44  
2016051400000100228000000005193215303000191.60  
2016051400000100228000000005193215305000056.02  
2016051400000100228000000005193215307000191.60  
2016051400000100228000000005193215311000056.02  
2016051400000100228000000005193215999003546.31  
2016051400000100229000000004502182074000144.17  
2016051400000100229000000004502182204000720.84  
2016051400000100229000000004502182301000720.84  
2016051400000100229000000004502182303000123.26  
2016051400000100229000000004502182305000036.04  
2016051400000100229000000004502182307000123.26  
2016051400000100229000000004502182311000036.04  
2016051400000100229000000004502182999000451.04  
2016051400000100230000000003757088074000288.56  
2016051400000100230000000003757088204001442.82  
2016051400000100230000000003757088301001442.82  
2016051400000100230000000003757088303000246.72  
2016051400000100230000000003757088305000072.14  
2016051400000100230000000003757088307000246.72  
2016051400000100230000000003757088311000072.14  
2016051400000100230000000003757088327000014.28  
2016051400000100230000000003757088999005628.38  
2016051400000100231000000003131710074000351.09  
2016051400000100231000000003131710204001755.46  
2016051400000100231000000003131710301001755.46  
2016051400000100231000000003131710303000300.18  
2016051400000100231000000003131710305000087.77  
2016051400000100231000000003131710307000300.18  
2016051400000100231000000003131710311000087.77  
2016051400000100231000000003131710327000045.55  
2016051400000100231000000003131710999007326.31  
2016051400000100232000000002875093074000297.57  
2016051400000100232000000002875093204001487.84  
2016051400000100232000000002875093302001487.84  
2016051400000100232000000002875093304000254.42  
2016051400000100232000000002875093306000074.39  
2016051400000100232000000002875093308000254.42  
2016051400000100232000000002875093312000074.39  
2016051400000100232000000002875093328000018.78  
2016051400000100232000000002875093999000704.42  
2016051400000100233000000003622065074000326.38  
2016051400000100233000000003622065204001631.91  
2016051400000100233000000003622065301001631.91  
2016051400000100233000000003622065303000279.06  
2016051400000100233000000003622065305000081.60  
2016051400000100233000000003622065307000279.06  
2016051400000100233000000003622065311000081.60  
2016051400000100233000000003622065327000033.19  
2016051400000100233000000003622065999005234.30  
2016051400000100234000000004076151074000144.17  
2016051400000100234000000004076151204000720.84  
2016051400000100234000000004076151301000720.84  
2016051400000100234000000004076151303000123.26  
2016051400000100234000000004076151305000036.04  
2016051400000100234000000004076151307000123.26  
2016051400000100234000000004076151311000036.04  
2016051400000100234000000004076151999003039.21  
2016051400000100235000000003623123074000388.47  
2016051400000100235000000003623123204001942.36  
2016051400000100235000000003623123302001942.36  
2016051400000100235000000003623123304000332.14  
2016051400000100235000000003623123306000097.12  
2016051400000100235000000003623123308000332.14  
2016051400000100235000000003623123312000097.12  
2016051400000100235000000003623123328000064.24  
2016051400000100235000000003623123999003580.45  
2016051400000100236000000003742365074000181.07  
2016051400000100236000000003742365204000905.35  
2016051400000100236000000003742365301000905.35  
2016051400000100236000000003742365303000154.81  
2016051400000100236000000003742365305000045.27  
2016051400000100236000000003742365307000154.81  
2016051400000100236000000003742365311000045.27  
2016051400000100236000000003742365999001080.90  
2016051400000100237000000003596872074000092.80  
2016051400000100237000000003596872204000464.00  
2016051400000100237000000003596872301000464.00  
2016051400000100237000000003596872303000079.34  
2016051400000100237000000003596872305000023.20  
2016051400000100237000000003596872307000079.34  
2016051400000100237000000003596872311000023.20  
2016051400000100238000000000998945074000104.84  
2016051400000100238000000000998945204000524.20  
2016051400000100238000000000998945301000524.20  
2016051400000100238000000000998945303000089.64  
2016051400000100238000000000998945305000026.21  
2016051400000100238000000000998945307000089.64  
2016051400000100238000000000998945311000026.21  
2016051400000100239000000003124516001000307.45  
2016051400000100239000000003124516074000231.16  
2016051400000100239000000003124516204001155.80  
2016051400000100239000000003124516302001155.80  
2016051400000100239000000003124516304000197.64  
2016051400000100239000000003124516306000057.79  
2016051400000100239000000003124516308000197.64  
2016051400000100239000000003124516312000057.79  
2016051400000100240000000002632315074000056.71  
2016051400000100240000000002632315204000283.53  
2016051400000100240000000002632315301000283.53  
2016051400000100240000000002632315303000048.48  
2016051400000100240000000002632315305000014.18  
2016051400000100240000000002632315307000048.48  
2016051400000100240000000002632315311000014.18  
2016051400000100241000000004470102074000224.09  
2016051400000100241000000004470102204001120.44  
2016051400000100241000000004470102301001120.44  
2016051400000100241000000004470102303000191.60  
2016051400000100241000000004470102305000056.02  
2016051400000100241000000004470102307000191.60  
2016051400000100241000000004470102311000056.02  
2016051400000100241000000004470102999002174.70  
2016051400000100242000000006782273074000050.53  
2016051400000100242000000006782273204000252.64  
2016051400000100242000000006782273301000252.64  
2016051400000100242000000006782273303000043.20  
2016051400000100242000000006782273305000012.63  
2016051400000100242000000006782273307000043.20  
2016051400000100242000000006782273311000012.63  
2016051400000100243000000006096339074000141.37  
2016051400000100243000000006096339204000706.84  
2016051400000100243000000006096339302000706.84  
2016051400000100243000000006096339304000120.87  
2016051400000100243000000006096339306000035.34  
2016051400000100243000000006096339308000120.87  
2016051400000100243000000006096339312000035.34  
2016051400000100243000000006096339999000629.26  
2016051400000100244000000007962862074000107.04  
2016051400000100244000000007962862204000535.20  
2016051400000100244000000007962862301000535.20  
2016051400000100244000000007962862303000091.52  
2016051400000100244000000007962862305000026.76  
2016051400000100244000000007962862307000091.52  
2016051400000100244000000007962862311000026.76  
2016051400000100244000000007962862999002360.09  
2016051400000100245000000004200223074000156.74  
2016051400000100245000000004200223204000783.71  
2016051400000100245000000004200223302000783.71  
2016051400000100245000000004200223304000134.01  
2016051400000100245000000004200223306000039.19  
2016051400000100245000000004200223308000134.01  
2016051400000100245000000004200223312000039.19  
2016051400000100245000000004200223999003876.29  
2016051400000100246000000004181581074000020.11  
2016051400000100246000000004181581204000100.54  
2016051400000100246000000004181581302000100.54  
2016051400000100246000000004181581304000017.19  
2016051400000100246000000004181581306000005.03  
2016051400000100246000000004181581308000017.19  
2016051400000100246000000004181581312000005.03  
2016051400000100247000000010810697074000033.51  
2016051400000100247000000010810697204000167.57  
2016051400000100247000000010810697302000167.57  
2016051400000100247000000010810697304000028.65  
2016051400000100247000000010810697306000008.38  
2016051400000100247000000010810697308000028.65  
2016051400000100247000000010810697312000008.38  
2016051400000100248000000009267511074000033.51  
2016051400000100248000000009267511204000167.57  
2016051400000100248000000009267511302000167.57  
2016051400000100248000000009267511304000028.65  
2016051400000100248000000009267511306000008.38  
2016051400000100248000000009267511308000028.65  
2016051400000100248000000009267511312000008.38  
2016051400000100249000000004202022074000033.51  
2016051400000100249000000004202022204000167.57  
2016051400000100249000000004202022302000167.57  
2016051400000100249000000004202022304000028.65  
2016051400000100249000000004202022306000008.38  
2016051400000100249000000004202022308000028.65  
2016051400000100249000000004202022312000008.38  
2016051400000100250000000007596741074000024.13  
2016051400000100250000000007596741204000120.65  
2016051400000100250000000007596741302000120.65  
2016051400000100250000000007596741304000020.63  
2016051400000100250000000007596741306000006.03  
2016051400000100250000000007596741308000020.63  
2016051400000100250000000007596741312000006.03  
2016051400000100251000000007319833074000040.22  
2016051400000100251000000007319833204000201.08  
2016051400000100251000000007319833301000201.08  
2016051400000100251000000007319833303000034.38  
2016051400000100251000000007319833305000010.05  
2016051400000100251000000007319833307000034.38  
2016051400000100251000000007319833311000010.05  
2016051400000100252000000004215029074000034.02  
2016051400000100252000000004215029204000170.12  
2016051400000100252000000004215029301000170.12  
2016051400000100252000000004215029303000029.09  
2016051400000100252000000004215029305000008.51  
2016051400000100252000000004215029307000029.09  
2016051400000100252000000004215029311000008.51  
2016051400000100253000000004213033074000034.02  
2016051400000100253000000004213033204000170.12  
2016051400000100253000000004213033301000170.12  
2016051400000100253000000004213033303000029.09  
2016051400000100253000000004213033305000008.51  
2016051400000100253000000004213033307000029.09  
2016051400000100253000000004213033311000008.51  
2016051400000100254000000005476332074000034.02  
2016051400000100254000000005476332204000170.12  
2016051400000100254000000005476332301000170.12  
2016051400000100254000000005476332303000029.09  
2016051400000100254000000005476332305000008.51  
2016051400000100254000000005476332307000029.09  
2016051400000100254000000005476332311000008.51  
2016051400000100255000000007779101074000034.02  
2016051400000100255000000007779101204000170.12  
2016051400000100255000000007779101301000170.12  
2016051400000100255000000007779101303000029.09  
2016051400000100255000000007779101305000008.51  
2016051400000100255000000007779101307000029.09  
2016051400000100255000000007779101311000008.51  
2016051400000100256000000004203445074000034.02  
2016051400000100256000000004203445204000170.12  
2016051400000100256000000004203445302000170.12  
2016051400000100256000000004203445304000029.09  
2016051400000100256000000004203445306000008.51  
2016051400000100256000000004203445308000029.09  
2016051400000100256000000004203445312000008.51  
2016051400000100257000000008401656074000034.02  
2016051400000100257000000008401656204000170.12  
2016051400000100257000000008401656301000170.12  
2016051400000100257000000008401656303000029.09  
2016051400000100257000000008401656305000008.51  
2016051400000100257000000008401656307000029.09  
2016051400000100257000000008401656311000008.51  
2016051400000100258000000004417820074000034.02  
2016051400000100258000000004417820204000170.12  
2016051400000100258000000004417820302000170.12  
2016051400000100258000000004417820304000029.09  
2016051400000100258000000004417820306000008.51  
2016051400000100258000000004417820308000029.09  
2016051400000100258000000004417820312000008.51  
