20160514000002000000000000000000000000000000015161.2400000000
20160514000002000000000000001301010000012114005237.5100000000
20160514000002000000000000002901010000012113003298.5000000000
20160514000002000000000855279301010000012123000550.0000000000
20160514000002000000004800059201010000012124000500.0000000000
20160514000002000000005179460301010000012125000350.0000000000
20160514000002000000160130029301010000012121006624.0000000000
20160514000002000000168206024201010000012122001656.0000000000
20160514000002000000168206024901010000012120003312.0000000000
20160514000002000001006803028301010000012116211507.0300000000
20160514000002000001006803028301010000012117002877.1000000000
20160514000002000001022913028301010000012115215256.5800000000
20160514000002000001023013022301010000012112175589.5600000000
20160514000002000001028339025301010000012118128227.8700000000
20160514000002000001028339025301010000012119006311.1200000000
20160514000002000001028415020301010000000000121852.9300000000
20160514000002000001028415020301010000011956066940.0000000000
