20160514000003000000000000001301010000000000005237.5100000000
20160514000003000000000000002901010000000000003298.5000000000
20160514000003000000000855279301010000000000000550.0000000000
20160514000003000000004800059201010000000000000500.0000000000
20160514000003000000005179460301010000000000000350.0000000000
20160514000003000000160130029301010000000000004968.0000000000
20160514000003000000168206024201010000000000001656.0000000000
20160514000003000000168206024901010000000000003312.0000000000
20160514000003000001006803028301010000000000002877.1000000000
20160514000003000001006803028301010000000000209993.9500000000
20160514000003000001022913028301010000000000217559.1100000000
20160514000003000001023013022301010000000000175378.5300000000
20160514000003000001028339025301010000000000006311.1200000000
20160514000003000001028339025301010000000000129331.0300000000
20160514000003000001028415020301010000000000066940.0000000000
20160514000003000001028415020301010000000000121081.9000000000
