20160514000003002490000000042020221100000111400000561.87  
20160514000003002490000000042020221100000111700005027.00  
20160514000003002490000000042020221100000111910001715.46  
20160514000003002490000000042020221100000113110000674.25  
20160514000003002490000000042020221100000113120000115.30  
20160514000003002490000000042020221100000113131000202.27  
20160514000003002490000000042020221100000113200000134.85  
20160514000003002410000000044701020900000111220000248.40  
20160514000003002410000000044701020900000111400000933.70  
20160514000003002410000000044701020900000111600001656.00  
20160514000003002410000000044701020900000111700010956.00  
20160514000003002410000000044701020900000113110001120.44  
20160514000003002410000000044701020900000113120000191.60  
20160514000003002410000000044701020900000113131000336.13  
20160514000003002410000000044701020900000113200000224.09  
20160514000003000940000000061440980900000111400000580.00  
20160514000003000940000000061440980900000111600001656.00  
20160514000003000940000000061440980900000111700006960.00  
20160514000003000940000000061440980900000113110000696.00  
20160514000003000940000000061440980900000113120000119.02  
20160514000003000940000000061440980900000113131000208.80  
20160514000003000940000000061440980900000113200000139.20  
20160514000003000540000000030812510900000111220001689.12  
20160514000003000540000000030812510900000111400001053.76  
20160514000003000540000000030812510900000111700010956.00  
20160514000003000540000000030812510900000113110001264.51  
20160514000003000540000000030812510900000113120000216.23  
20160514000003000540000000030812510900000113131000379.35  
20160514000003000540000000030812510900000113200000252.90  
20160514000003002400000000026323150900000111400000354.42  
20160514000003002400000000026323150900000111700004253.00  
20160514000003002400000000026323150900000113110000425.30  
20160514000003002400000000026323150900000113120000072.73  
20160514000003002400000000026323150900000113131000127.59  
20160514000003002400000000026323150900000113200000085.06  
20160514000003000900000000045103950900000111220000248.40  
20160514000003000900000000045103950900000111400000600.70  
20160514000003000900000000045103950900000111700006960.00  
20160514000003000900000000045103950900000113110000720.84  
20160514000003000900000000045103950900000113120000123.26  
20160514000003000900000000045103950900000113131000216.25  
20160514000003000900000000045103950900000113200000144.17  
20160514000003000440000000009521341000000111220002086.56  
20160514000003000440000000009521341000000111400001301.71  
20160514000003000440000000009521341000000111700013534.00  
20160514000003000440000000009521341000000113110001562.06  
20160514000003000440000000009521341000000113120000267.11  
20160514000003000440000000009521341000000113131000468.62  
20160514000003000440000000009521341000000113200000312.41  
20160514000003000280000000030994141100000111220000546.48  
20160514000003000280000000030994141100000111310002926.00  
20160514000003000280000000030994141100000111400001508.54  
20160514000003000280000000030994141100000111700014630.00  
20160514000003000280000000030994141100000113110001810.25  
20160514000003000280000000030994141100000113120000309.55  
20160514000003000280000000030994141100000113131000543.07  
20160514000003000280000000030994141100000113200000362.05  
20160514000003002370000000035968720900000111400000580.00  
20160514000003002370000000035968720900000111700006960.00  
20160514000003002370000000035968720900000113110000696.00  
20160514000003002370000000035968720900000113120000119.02  
20160514000003002370000000035968720900000113131000208.80  
20160514000003002370000000035968720900000113200000139.20  
20160514000003002190000000008109860900000111220001291.68  
20160514000003002190000000008109860900000111400001326.81  
20160514000003002190000000008109860900000111700014630.00  
20160514000003002190000000008109860900000113110001592.17  
20160514000003002190000000008109860900000113120000272.26  
20160514000003002190000000008109860900000113131000477.65  
20160514000003002190000000008109860900000113200000318.43  
20160514000003001150000000043297891100000111220001689.12  
20160514000003001150000000043297891100000111310001147.20  
20160514000003001150000000043297891100000111400000863.84  
20160514000003001150000000043297891100000111600001656.00  
20160514000003001150000000043297891100000111700005736.00  
20160514000003001150000000043297891100000111910001793.70  
20160514000003001150000000043297891100000113110001036.60  
20160514000003001150000000043297891100000113120000177.26  
20160514000003001150000000043297891100000113131000310.98  
20160514000003001150000000043297891100000113200000207.32  
20160514000003002180000000024064850900000111220000546.48  
20160514000003002180000000024064850900000111400001264.71  
20160514000003002180000000024064850900000111700014630.00  
20160514000003002180000000024064850900000113110001517.65  
20160514000003002180000000024064850900000113120000259.52  
20160514000003002180000000024064850900000113131000455.29  
20160514000003002180000000024064850900000113200000303.53  
20160514000003002250000000033144560900000111220000546.48  
20160514000003002250000000033144560900000111400000958.54  
20160514000003002250000000033144560900000111700010956.00  
20160514000003002250000000033144560900000113110001150.25  
20160514000003002250000000033144560900000113120000196.69  
20160514000003002250000000033144560900000113131000345.07  
20160514000003002250000000033144560900000113200000230.05  
20160514000003002350000000036231231000000111220002086.56  
20160514000003002350000000036231231000000111400001618.63  
20160514000003002350000000036231231000000111700017337.00  
20160514000003002350000000036231231000000113110001942.36  
20160514000003002350000000036231231000000113120000332.14  
20160514000003002350000000036231231000000113131000582.71  
20160514000003002350000000036231231000000113200000388.47  
20160514000003002590000000048516830900000111400000816.33  
20160514000003002590000000048516830900000111700009796.00  
20160514000003002590000000048516830900000113110000979.60  
20160514000003002590000000048516830900000113120000167.51  
20160514000003002590000000048516830900000113131000293.88  
20160514000003002590000000048516830900000113200000195.92  
20160514000003001220000000017642751100000111220000546.48  
20160514000003001220000000017642751100000111310001005.40  
20160514000003001220000000017642751100000111400000604.27  
20160514000003001220000000017642751100000111700005027.00  
20160514000003001220000000017642751100000111910000672.36  
20160514000003001220000000017642751100000113110000725.12  
20160514000003001220000000017642751100000113120000124.00  
20160514000003001220000000017642751100000113131000217.54  
20160514000003001220000000017642751100000113200000145.02  
20160514000003000290000000037708311100000111220001291.68  
20160514000003000290000000037708311100000111310002926.00  
20160514000003000290000000037708311100000111400001570.64  
20160514000003000290000000037708311100000111700014630.00  
20160514000003000290000000037708311100000113110001884.77  
20160514000003000290000000037708311100000113120000322.30  
20160514000003000290000000037708311100000113131000565.43  
20160514000003000290000000037708311100000113200000376.95  
20160514000003000560000000051699641000000111220000248.40  
20160514000003000560000000051699641000000111400000933.70  
20160514000003000560000000051699641000000111700010956.00  
20160514000003000560000000051699641000000113110001120.44  
20160514000003000560000000051699641000000113120000191.60  
20160514000003000560000000051699641000000113131000336.13  
20160514000003000560000000051699641000000113200000224.09  
20160514000003002110000000044147960900000111220000248.40  
20160514000003002110000000044147960900000111400002119.20  
20160514000003002110000000044147960900000111700025182.00  
20160514000003002110000000044147960900000113110002543.04  
20160514000003002110000000044147960900000113120000434.86  
20160514000003002110000000044147960900000113131000762.91  
20160514000003002110000000044147960900000113200000508.61  
20160514000003002570000000084016561100000111310000850.60  
20160514000003002570000000084016561100000111400000425.30  
20160514000003002570000000084016561100000111700004253.00  
20160514000003002570000000084016561100000113110000510.36  
20160514000003002570000000084016561100000113120000087.27  
20160514000003002570000000084016561100000113131000153.11  
20160514000003002570000000084016561100000113200000102.07  
20160514000003001160000000035049721100000111220001689.12  
20160514000003001160000000035049721100000111310001147.20  
20160514000003001160000000035049721100000111400000842.62  
20160514000003001160000000035049721100000111700005736.00  
20160514000003001160000000035049721100000111910001539.16  
20160514000003001160000000035049721100000113110001011.15  
20160514000003001160000000035049721100000113120000172.91  
20160514000003001160000000035049721100000113131000303.34  
20160514000003001160000000035049721100000113200000202.23  
20160514000003000650000000044144611100000111220000546.48  
20160514000003000650000000044144611100000111310001959.20  
20160514000003000650000000044144611100000111400001025.14  
20160514000003000650000000044144611100000111700009796.00  
20160514000003000650000000044144611100000113110001230.17  
20160514000003000650000000044144611100000113120000210.36  
20160514000003000650000000044144611100000113131000369.05  
20160514000003000650000000044144611100000113200000246.03  
20160514000003000570000000030128040900000111220000248.40  
20160514000003000570000000030128040900000111400000933.70  
20160514000003000570000000030128040900000111700010956.00  
20160514000003000570000000030128040900000113110001120.44  
20160514000003000570000000030128040900000113120000191.60  
20160514000003000570000000030128040900000113131000336.13  
20160514000003000570000000030128040900000113200000224.09  
20160514000003001170000000037549901100000111220001689.12  
20160514000003001170000000037549901100000111310001147.20  
20160514000003001170000000037549901100000111400000813.94  
20160514000003001170000000037549901100000111700005736.00  
20160514000003001170000000037549901100000111910001195.00  
20160514000003001170000000037549901100000113110000976.73  
20160514000003001170000000037549901100000113120000167.02  
20160514000003001170000000037549901100000113131000293.02  
20160514000003001170000000037549901100000113200000195.35  
20160514000003000740000000052918901100000111220000248.40  
20160514000003000740000000052918901100000111310001701.40  
20160514000003000740000000052918901100000111400000871.40  
20160514000003000740000000052918901100000111700008507.00  
20160514000003000740000000052918901100000113110001045.68  
20160514000003000740000000052918901100000113120000178.81  
20160514000003000740000000052918901100000113131000313.70  
20160514000003000740000000052918901100000113200000209.14  
20160514000003002300000000037570881100000111220000894.24  
20160514000003002300000000037570881100000111400001202.35  
20160514000003002300000000037570881100000111700013534.00  
20160514000003002300000000037570881100000113110001442.82  
20160514000003002300000000037570881100000113120000246.72  
20160514000003002300000000037570881100000113131000432.85  
20160514000003002300000000037570881100000113200000288.56  
20160514000003000750000000040131221000000111220000248.40  
20160514000003000750000000040131221000000111400000729.62  
20160514000003000750000000040131221000000111700008507.00  
20160514000003000750000000040131221000000113110000875.54  
20160514000003000750000000040131221000000113120000149.72  
20160514000003000750000000040131221000000113131000262.66  
20160514000003000750000000040131221000000113200000175.11  
20160514000003002340000000040761511100000111220000248.40  
20160514000003002340000000040761511100000111400000600.70  
20160514000003002340000000040761511100000111700006960.00  
20160514000003002340000000040761511100000113110000720.84  
20160514000003002340000000040761511100000113120000123.26  
20160514000003002340000000040761511100000113131000216.25  
20160514000003002340000000040761511100000113200000144.17  
20160514000003001230000000034170501100000111220000546.48  
20160514000003001230000000034170501100000111310001005.40  
20160514000003001230000000034170501100000111400000693.90  
20160514000003001230000000034170501100000111700005027.00  
20160514000003001230000000034170501100000111910001747.93  
20160514000003001230000000034170501100000113110000832.68  
20160514000003001230000000034170501100000113120000142.39  
20160514000003001230000000034170501100000113131000249.80  
20160514000003001230000000034170501100000113200000166.54  
20160514000003000470000000035904831000000111220000546.48  
20160514000003000470000000035904831000000111400001173.37  
20160514000003000470000000035904831000000111700013534.00  
20160514000003000470000000035904831000000113110001408.05  
20160514000003000470000000035904831000000113120000240.78  
20160514000003000470000000035904831000000113131000422.41  
20160514000003000470000000035904831000000113200000281.61  
20160514000003000580000000044506571000000111220000248.40  
20160514000003000580000000044506571000000111400000933.70  
20160514000003000580000000044506571000000111700010956.00  
20160514000003000580000000044506571000000113110001120.44  
20160514000003000580000000044506571000000113120000191.60  
20160514000003000580000000044506571000000113131000336.13  
20160514000003000580000000044506571000000113200000224.09  
20160514000003001380000000036936201000000111220001291.68  
20160514000003001380000000036936201000000111310000850.60  
20160514000003001380000000036936201000000111400000532.94  
20160514000003001380000000036936201000000111700004253.00  
20160514000003001380000000036936201000000113110000639.53  
20160514000003001380000000036936201000000113120000109.36  
20160514000003001380000000036936201000000113131000191.86  
20160514000003001380000000036936201000000113200000127.91  
20160514000003001010000000013705021100000111220002086.56  
20160514000003001010000000013705021100000111310001263.20  
20160514000003001010000000013705021100000111400000823.90  
20160514000003001010000000013705021100000111700006316.00  
20160514000003001010000000013705021100000111910000221.06  
20160514000003001010000000013705021100000113110000988.68  
20160514000003001010000000013705021100000113120000169.06  
20160514000003001010000000013705021100000113131000296.60  
20160514000003001010000000013705021100000113200000197.74  
20160514000003001020000000026926041100000111220001689.12  
20160514000003001020000000026926041100000111310001263.20  
20160514000003001020000000026926041100000111400000829.16  
20160514000003001020000000026926041100000111700006316.00  
20160514000003001020000000026926041100000111910000681.61  
20160514000003001020000000026926041100000113110000994.99  
20160514000003001020000000026926041100000113120000170.14  
20160514000003001020000000026926041100000113131000298.50  
20160514000003001020000000026926041100000113200000199.00  
20160514000003002510000000073198331100000111310001005.40  
20160514000003002510000000073198331100000111400000502.70  
20160514000003002510000000073198331100000111700005027.00  
20160514000003002510000000073198331100000113110000603.24  
20160514000003002510000000073198331100000113120000103.15  
20160514000003002510000000073198331100000113131000180.97  
20160514000003002510000000073198331100000113200000120.65  
20160514000003000920000000029143441100000111220002086.56  
20160514000003000920000000029143441100000111310001392.00  
20160514000003000920000000029143441100000111400000913.38  
20160514000003000920000000029143441100000111700006960.00  
20160514000003000920000000029143441100000111910000522.00  
20160514000003000920000000029143441100000113110001096.06  
20160514000003000920000000029143441100000113120000187.43  
20160514000003000920000000029143441100000113131000328.82  
20160514000003000920000000029143441100000113200000219.21  
20160514000003002130000000052135240900000111220000248.40  
20160514000003002130000000052135240900000111400001465.45  
20160514000003002130000000052135240900000111700017337.00  
20160514000003002130000000052135240900000113110001758.54  
20160514000003002130000000052135240900000113120000300.71  
20160514000003002130000000052135240900000113131000527.56  
20160514000003002130000000052135240900000113200000351.71  
20160514000003002530000000042130331100000111310000850.60  
20160514000003002530000000042130331100000111400000425.30  
20160514000003002530000000042130331100000111700004253.00  
20160514000003002530000000042130331100000113110000510.36  
20160514000003002530000000042130331100000113120000087.27  
20160514000003002530000000042130331100000113131000153.11  
20160514000003002530000000042130331100000113200000102.07  
20160514000003001030000000009599340900000111220002484.00  
20160514000003001030000000009599340900000111400000733.33  
20160514000003001030000000009599340900000111700006316.00  
20160514000003001030000000009599340900000113110000880.00  
20160514000003001030000000009599340900000113120000150.48  
20160514000003001030000000009599340900000113131000264.00  
20160514000003001030000000009599340900000113200000176.00  
20160514000003002580000000044178201100000111310000850.60  
20160514000003002580000000044178201100000111400000491.31  
20160514000003002580000000044178201100000111700004253.00  
20160514000003002580000000044178201100000111910000792.12  
20160514000003002580000000044178201100000113110000589.57  
20160514000003002580000000044178201100000113120000100.82  
20160514000003002580000000044178201100000113131000176.87  
20160514000003002580000000044178201100000113200000117.91  
20160514000003001240000000037862621100000111220001291.68  
20160514000003001240000000037862621100000111310001005.40  
20160514000003001240000000037862621100000111400000627.10  
20160514000003001240000000037862621100000111700005027.00  
20160514000003001240000000037862621100000111910000201.08  
20160514000003001240000000037862621100000113110000752.52  
20160514000003001240000000037862621100000113120000128.68  
20160514000003001240000000037862621100000113131000225.75  
20160514000003001240000000037862621100000113200000150.50  
20160514000003000090000000028683471000000111220000894.24  
20160514000003000090000000028683471000000111400001519.27  
20160514000003000090000000028683471000000111700017337.00  
20160514000003000090000000028683471000000113110001823.12  
20160514000003000090000000028683471000000113120000311.75  
20160514000003000090000000028683471000000113131000546.94  
20160514000003000090000000028683471000000113200000364.62  
20160514000003000100000000031374600900000111220001689.12  
20160514000003000100000000031374600900000111400001585.51  
20160514000003000100000000031374600900000111700017337.00  
20160514000003000100000000031374600900000113110001902.61  
20160514000003000100000000031374600900000113120000325.35  
20160514000003000100000000031374600900000113131000570.78  
20160514000003000100000000031374600900000113200000380.52  
20160514000003000760000000064666681100000111220000248.40  
20160514000003000760000000064666681100000111310001701.40  
20160514000003000760000000064666681100000111400000871.40  
20160514000003000760000000064666681100000111700008507.00  
20160514000003000760000000064666681100000113110001045.68  
20160514000003000760000000064666681100000113120000178.81  
20160514000003000760000000064666681100000113131000313.70  
20160514000003000760000000064666681100000113200000209.14  
20160514000003000930000000030781101100000111220001689.12  
20160514000003000930000000030781101100000111310001392.00  
20160514000003000930000000030781101100000111400000953.73  
20160514000003000930000000030781101100000111700006960.00  
20160514000003000930000000030781101100000111910001403.60  
20160514000003000930000000030781101100000113110001144.47  
20160514000003000930000000030781101100000113120000195.70  
20160514000003000930000000030781101100000113131000343.34  
20160514000003000930000000030781101100000113200000228.89  
20160514000003001250000000088545261100000111220000248.40  
20160514000003001250000000088545261100000111310001005.40  
20160514000003001250000000088545261100000111400000593.31  
20160514000003001250000000088545261100000111600001656.00  
20160514000003001250000000088545261100000111700005027.00  
20160514000003001250000000088545261100000111910000838.88  
20160514000003001250000000088545261100000113110000711.97  
20160514000003001250000000088545261100000113120000121.75  
20160514000003001250000000088545261100000113131000213.59  
20160514000003001250000000088545261100000113200000142.39  
20160514000003002270000000009363050900000111220001689.12  
20160514000003002270000000009363050900000111400001177.26  
20160514000003002270000000009363050900000111700012438.00  
20160514000003002270000000009363050900000113110001412.71  
20160514000003002270000000009363050900000113120000241.57  
20160514000003002270000000009363050900000113131000423.81  
20160514000003002270000000009363050900000113200000282.54  
20160514000003001260000000051518861100000111220000546.48  
20160514000003001260000000051518861100000111310001005.40  
20160514000003001260000000051518861100000111400000577.22  
20160514000003001260000000051518861100000111700005027.00  
20160514000003001260000000051518861100000111910000347.71  
20160514000003001260000000051518861100000113110000692.66  
20160514000003001260000000051518861100000113120000118.44  
20160514000003001260000000051518861100000113131000207.80  
20160514000003001260000000051518861100000113200000138.53  
20160514000003000820000000028997750900000111220000248.40  
20160514000003000820000000028997750900000111400000675.95  
20160514000003000820000000028997750900000111700007863.00  
20160514000003000820000000028997750900000113110000811.14  
20160514000003000820000000028997750900000113120000138.70  
20160514000003000820000000028997750900000113131000243.34  
20160514000003000820000000028997750900000113200000162.23  
20160514000003002330000000036220651200000111220001689.12  
20160514000003002330000000036220651200000111400001359.93  
20160514000003002330000000036220651200000111700014630.00  
20160514000003002330000000036220651200000113110001631.91  
20160514000003002330000000036220651200000113120000279.06  
20160514000003002330000000036220651200000113131000489.57  
20160514000003002330000000036220651200000113200000326.38  
20160514000003000660000000051617001100000111220000248.40  
20160514000003000660000000051617001100000111310001959.20  
20160514000003000660000000051617001100000111400001000.30  
20160514000003000660000000051617001100000111700009796.00  
20160514000003000660000000051617001100000113110001200.36  
20160514000003000660000000051617001100000113120000205.26  
20160514000003000660000000051617001100000113131000360.11  
20160514000003000660000000051617001100000113200000240.07  
20160514000003001270000000045380110900000111220000248.40  
20160514000003001270000000045380110900000111400000439.62  
20160514000003001270000000045380110900000111700005027.00  
20160514000003001270000000045380110900000113110000527.54  
20160514000003001270000000045380110900000113120000090.21  
20160514000003001270000000045380110900000113131000158.26  
20160514000003001270000000045380110900000113200000105.51  
20160514000003002260000000019306230900000111220000248.40  
20160514000003002260000000019306230900000111400001057.20  
20160514000003002260000000019306230900000111700012438.00  
20160514000003002260000000019306230900000113110001268.64  
20160514000003002260000000019306230900000113120000216.94  
20160514000003002260000000019306230900000113131000380.59  
20160514000003002260000000019306230900000113200000253.73  
20160514000003000950000000064310240900000111220000248.40  
20160514000003000950000000064310240900000111400000600.70  
20160514000003000950000000064310240900000111700006960.00  
20160514000003000950000000064310240900000113110000720.84  
20160514000003000950000000064310240900000113120000123.26  
20160514000003000950000000064310240900000113131000216.25  
20160514000003000950000000064310240900000113200000144.17  
20160514000003001040000000017606861100000111220001291.68  
20160514000003001040000000017606861100000111310001263.20  
20160514000003001040000000017606861100000111400000739.24  
20160514000003001040000000017606861100000111700006316.00  
20160514000003001040000000017606861100000113110000887.09  
20160514000003001040000000017606861100000113120000151.69  
20160514000003001040000000017606861100000113131000266.13  
20160514000003001040000000017606861100000113200000177.42  
20160514000003001180000000034820631100000111220002086.56  
20160514000003001180000000034820631100000111310001147.20  
20160514000003001180000000034820631100000111400000767.30  
20160514000003001180000000034820631100000111700005736.00  
20160514000003001180000000034820631100000111910000237.81  
20160514000003001180000000034820631100000113110000920.76  
20160514000003001180000000034820631100000113120000157.45  
20160514000003001180000000034820631100000113131000276.23  
20160514000003001180000000034820631100000113200000184.15  
20160514000003002560000000042034451100000111310000850.60  
20160514000003002560000000042034451100000111400000518.93  
20160514000003002560000000042034451100000111700004253.00  
20160514000003002560000000042034451100000111910001123.51  
20160514000003002560000000042034451100000113110000622.71  
20160514000003002560000000042034451100000113120000106.48  
20160514000003002560000000042034451100000113131000186.81  
20160514000003002560000000042034451100000113200000124.54  
20160514000003002420000000067822731100000111310001263.20  
20160514000003002420000000067822731100000111400000631.60  
20160514000003002420000000067822731100000111700006316.00  
20160514000003002420000000067822731100000113110000757.92  
20160514000003002420000000067822731100000113120000129.60  
20160514000003002420000000067822731100000113131000227.38  
20160514000003002420000000067822731100000113200000151.58  
20160514000003001190000000048000591100000111220000894.24  
20160514000003001190000000048000591100000111310001147.20  
20160514000003001190000000048000591100000111400000652.90  
20160514000003001190000000048000591100000111700005736.00  
20160514000003001190000000048000591100000111910000057.36  
20160514000003001190000000048000591100000113110000783.48  
20160514000003001190000000048000591100000113120000133.98  
20160514000003001190000000048000591100000113131000235.04  
20160514000003001190000000048000591100000113200000156.70  
20160514000003000960000000030993041100000111220000248.40  
20160514000003000960000000030993041100000111310001392.00  
20160514000003000960000000030993041100000111400000716.70  
20160514000003000960000000030993041100000111700006960.00  
20160514000003000960000000030993041100000113110000860.04  
20160514000003000960000000030993041100000113120000147.07  
20160514000003000960000000030993041100000113131000258.01  
20160514000003000960000000030993041100000113200000172.01  
20160514000003001050000000008031310900000111220002484.00  
20160514000003001050000000008031310900000111400000733.33  
20160514000003001050000000008031310900000111700006316.00  
20160514000003001050000000008031310900000113110000880.00  
20160514000003001050000000008031310900000113131000264.00  
20160514000003001050000000008031310900000113200000176.00  
20160514000003002500000000075967411100000111400000431.14  
20160514000003002500000000075967411100000111700005027.00  
20160514000003002500000000075967411100000111910000146.62  
20160514000003002500000000075967411100000113110000517.36  
20160514000003002500000000075967411100000113120000088.47  
20160514000003002500000000075967411100000113131000155.21  
20160514000003002500000000075967411100000113200000103.47  
20160514000003002090000000049012270900000111220000248.40  
20160514000003002090000000049012270900000111400002119.20  
20160514000003002090000000049012270900000111700025182.00  
20160514000003002090000000049012270900000113110002543.04  
20160514000003002090000000049012270900000113120000434.86  
20160514000003002090000000049012270900000113131000762.91  
20160514000003002090000000049012270900000113200000508.61  
20160514000003002470000000108106971100000111400000565.63  
20160514000003002470000000108106971100000111700005027.00  
20160514000003002470000000108106971100000111910001760.50  
20160514000003002470000000108106971100000113110000678.75  
20160514000003002470000000108106971100000113120000116.07  
20160514000003002470000000108106971100000113131000203.63  
20160514000003002470000000108106971100000113200000135.75  
20160514000003000680000000048841640900000111220000546.48  
20160514000003000680000000048841640900000111400000861.87  
20160514000003000680000000048841640900000111600001656.00  
20160514000003000680000000048841640900000111700009796.00  
20160514000003000680000000048841640900000113110001034.25  
20160514000003000680000000048841640900000113120000176.86  
20160514000003000680000000048841640900000113131000310.27  
20160514000003000680000000048841640900000113200000206.85  
20160514000003000840000000028792790900000111220001689.12  
20160514000003000840000000028792790900000111400000796.01  
20160514000003000840000000028792790900000111700007863.00  
20160514000003000840000000028792790900000113110000955.21  
20160514000003000840000000028792790900000113120000163.34  
20160514000003000840000000028792790900000113131000286.56  
20160514000003000840000000028792790900000113200000191.04  
20160514000003000850000000064730211000000111220000248.40  
20160514000003000850000000064730211000000111400000675.95  
20160514000003000850000000064730211000000111700007863.00  
20160514000003000850000000064730211000000113110000811.14  
20160514000003000850000000064730211000000113120000138.70  
20160514000003000850000000064730211000000113131000243.34  
20160514000003000850000000064730211000000113200000162.23  
20160514000003001390000000048977811100000111220000248.40  
20160514000003001390000000048977811100000111310000850.60  
20160514000003001390000000048977811100000111400000463.72  
20160514000003001390000000048977811100000111700004253.00  
20160514000003001390000000048977811100000111910000212.65  
20160514000003001390000000048977811100000113110000556.47  
20160514000003001390000000048977811100000113120000095.16  
20160514000003001390000000048977811100000113131000166.94  
20160514000003001390000000048977811100000113200000111.29  
20160514000003000320000000037688620900000111220000546.48  
20160514000003000320000000037688620900000111400001264.71  
20160514000003000320000000037688620900000111700014630.00  
20160514000003000320000000037688620900000113110001517.65  
20160514000003000320000000037688620900000113120000259.52  
20160514000003000320000000037688620900000113131000455.29  
20160514000003000320000000037688620900000113200000303.53  
20160514000003001060000000020457010900000111220002484.00  
20160514000003001060000000020457010900000111400000733.33  
20160514000003001060000000020457010900000111700006316.00  
20160514000003001060000000020457010900000113110000880.00  
20160514000003001060000000020457010900000113120000150.48  
20160514000003001060000000020457010900000113131000264.00  
20160514000003001060000000020457010900000113200000176.00  
20160514000003001460000000037345451000000111220000248.40  
20160514000003001460000000037345451000000111400001465.45  
20160514000003001460000000037345451000000111700017337.00  
20160514000003001460000000037345451000000113110001758.54  
20160514000003001460000000037345451000000113120000300.71  
20160514000003001460000000037345451000000113131000527.56  
20160514000003001460000000037345451000000113200000351.71  
20160514000003000340000000052702481200000111220000248.40  
20160514000003000340000000052702481200000111400001239.87  
20160514000003000340000000052702481200000111700014630.00  
20160514000003000340000000052702481200000113110001487.84  
20160514000003000340000000052702481200000113120000254.42  
20160514000003000340000000052702481200000113131000446.35  
20160514000003000340000000052702481200000113200000297.57  
20160514000003001400000000048869720900000111220000248.40  
20160514000003001400000000048869720900000111400000375.12  
20160514000003001400000000048869720900000111700004253.00  
20160514000003001400000000048869720900000113110000450.14  
20160514000003001400000000048869720900000113120000076.97  
20160514000003001400000000048869720900000113131000135.04  
20160514000003001400000000048869720900000113200000090.03  
20160514000003002240000000044334130900000111220000248.40  
20160514000003002240000000044334130900000111400001465.45  
20160514000003002240000000044334130900000111700017337.00  
20160514000003002240000000044334130900000113110001758.54  
20160514000003002240000000044334130900000113120000300.71  
20160514000003002240000000044334130900000113131000527.56  
20160514000003002240000000044334130900000113200000351.71  
20160514000003001070000000038318380900000111220001291.68  
20160514000003001070000000038318380900000111400000633.97  
20160514000003001070000000038318380900000111700006316.00  
20160514000003001070000000038318380900000113110000760.77  
20160514000003001070000000038318380900000113120000130.09  
20160514000003001070000000038318380900000113131000228.23  
20160514000003001070000000038318380900000113200000152.15  
20160514000003002050000000018938121100000111400003210.00  
20160514000003002050000000018938121100000111700038520.00  
20160514000003002050000000018938121100000113110003852.00  
20160514000003002050000000018938121100000113120000658.69  
20160514000003002050000000018938121100000113131001155.60  
20160514000003002050000000018938121100000113200000770.40  
20160514000003001080000000008552790900000111220002484.00  
20160514000003001080000000008552790900000111400000733.33  
20160514000003001080000000008552790900000111700006316.00  
20160514000003001080000000008552790900000113110000880.00  
20160514000003001080000000008552790900000113120000150.48  
20160514000003001080000000008552790900000113131000264.00  
20160514000003001080000000008552790900000113200000176.00  
20160514000003000690000000034593161200000111220000248.40  
20160514000003000690000000034593161200000111400000837.03  
20160514000003000690000000034593161200000111700009796.00  
20160514000003000690000000034593161200000113110001004.44  
20160514000003000690000000034593161200000113120000171.76  
20160514000003000690000000034593161200000113131000301.33  
20160514000003000690000000034593161200000113200000200.89  
20160514000003002430000000060963391100000111220000248.40  
20160514000003002430000000060963391100000111310001005.40  
20160514000003002430000000060963391100000111400000538.06  
20160514000003002430000000060963391100000111700005027.00  
20160514000003002430000000060963391100000111910000175.95  
20160514000003002430000000060963391100000113110000645.68  
20160514000003002430000000060963391100000113120000110.41  
20160514000003002430000000060963391100000113131000193.70  
20160514000003002430000000060963391100000113200000129.14  
20160514000003002610000000030238800900000111400001127.83  
20160514000003002610000000030238800900000111700013534.00  
20160514000003002610000000030238800900000113110001353.40  
20160514000003002610000000030238800900000113120000231.43  
20160514000003002610000000030238800900000113131000406.02  
20160514000003002610000000030238800900000113200000270.68  
20160514000003000770000000057712600900000111400000708.92  
20160514000003000770000000057712600900000111700008507.00  
20160514000003000770000000057712600900000113110000850.70  
20160514000003000770000000057712600900000113120000145.47  
20160514000003000770000000057712600900000113131000255.21  
20160514000003000770000000057712600900000113200000170.14  
20160514000003000700000000037290380900000111220001689.12  
20160514000003000700000000037290380900000111400000957.09  
20160514000003000700000000037290380900000111700009796.00  
20160514000003000700000000037290380900000113110001148.51  
20160514000003000700000000037290380900000113120000196.40  
20160514000003000700000000037290380900000113131000344.55  
20160514000003000700000000037290380900000113200000229.70  
20160514000003000710000000037205221100000111220001689.12  
20160514000003000710000000037205221100000111310001959.20  
20160514000003000710000000037205221100000111400001120.36  
20160514000003000710000000037205221100000111700009796.00  
20160514000003000710000000037205221100000113110001344.43  
20160514000003000710000000037205221100000113120000229.90  
20160514000003000710000000037205221100000113131000403.33  
20160514000003000710000000037205221100000113200000268.89  
20160514000003002620000000092693871100000111310000804.32  
20160514000003002620000000092693871100000111400000402.16  
20160514000003002620000000092693871100000111700004021.60  
20160514000003002620000000092693871100000113110000482.59  
20160514000003002620000000092693871100000113120000082.52  
20160514000003002620000000092693871100000113131000144.78  
20160514000003002620000000092693871100000113200000096.52  
20160514000003001290000000051794601100000111220000546.48  
20160514000003001290000000051794601100000111310001005.40  
20160514000003001290000000051794601100000111400000646.16  
20160514000003001290000000051794601100000111700005027.00  
20160514000003001290000000051794601100000111910001175.07  
20160514000003001290000000051794601100000113110000775.40  
20160514000003001290000000051794601100000113120000132.59  
20160514000003001290000000051794601100000113131000232.62  
20160514000003001290000000051794601100000113200000155.08  
20160514000003001300000000044107891100000111220001291.68  
20160514000003001300000000044107891100000111310001005.40  
20160514000003001300000000044107891100000111400000721.96  
20160514000003001300000000044107891100000111700005027.00  
20160514000003001300000000044107891100000111910001339.49  
20160514000003001300000000044107891100000113110000866.36  
20160514000003001300000000044107891100000113120000148.15  
20160514000003001300000000044107891100000113131000259.91  
20160514000003001300000000044107891100000113200000173.27  
20160514000003000480000000036173220900000111220000248.40  
20160514000003000480000000036173220900000111400001148.53  
20160514000003000480000000036173220900000111700013534.00  
20160514000003000480000000036173220900000113110001378.24  
20160514000003000480000000036173220900000113120000235.68  
20160514000003000480000000036173220900000113131000413.47  
20160514000003000480000000036173220900000113200000275.65  
20160514000003002060000000030255050900000111220000894.24  
20160514000003002060000000030255050900000111400003284.52  
20160514000003002060000000030255050900000111700038520.00  
20160514000003002060000000030255050900000113110003941.42  
20160514000003002060000000030255050900000113120000673.98  
20160514000003002060000000030255050900000113131001182.43  
20160514000003002060000000030255050900000113200000788.28  
20160514000003001090000000037827311100000111220002086.56  
20160514000003001090000000037827311100000111310001263.20  
20160514000003001090000000037827311100000111400000953.51  
20160514000003001090000000037827311100000111700006316.00  
20160514000003001090000000037827311100000111910001776.38  
20160514000003001090000000037827311100000113110001144.21  
20160514000003001090000000037827311100000113120000195.66  
20160514000003001090000000037827311100000113131000343.26  
20160514000003001090000000037827311100000113200000228.84  
20160514000003002010000000029910070900000111400001604.08  
20160514000003002010000000029910070900000111700019249.00  
20160514000003002010000000029910070900000113110001924.90  
20160514000003002010000000029910070900000113120000329.16  
20160514000003002010000000029910070900000113131000577.47  
20160514000003002010000000029910070900000113200000384.98  
20160514000003002030000000010690891000000111400003210.00  
20160514000003002030000000010690891000000111700038520.00  
20160514000003002030000000010690891000000113110003852.00  
20160514000003002030000000010690891000000113120000658.69  
20160514000003002030000000010690891000000113131001155.60  
20160514000003002030000000010690891000000113200000770.40  
20160514000003000130000000031378190900000111220001689.12  
20160514000003000130000000031378190900000111400001585.51  
20160514000003000130000000031378190900000111700017337.00  
20160514000003000130000000031378190900000113110001902.61  
20160514000003000130000000031378190900000113120000325.35  
20160514000003000130000000031378190900000113131000570.78  
20160514000003000130000000031378190900000113200000380.52  
20160514000003000790000000052259660900000111220000248.40  
20160514000003000790000000052259660900000111400000729.62  
20160514000003000790000000052259660900000111700008507.00  
20160514000003000790000000052259660900000113110000875.54  
20160514000003000790000000052259660900000113120000149.72  
20160514000003000790000000052259660900000113131000262.66  
20160514000003000790000000052259660900000113200000175.11  
20160514000003000860000000044618940900000111220000546.48  
20160514000003000860000000044618940900000111400000700.79  
20160514000003000860000000044618940900000111700007863.00  
20160514000003000860000000044618940900000113110000840.95  
20160514000003000860000000044618940900000113120000143.80  
20160514000003000860000000044618940900000113131000252.28  
20160514000003000860000000044618940900000113200000168.19  
20160514000003001410000000048709620900000111220000546.48  
20160514000003001410000000048709620900000111400000399.96  
20160514000003001410000000048709620900000111700004253.00  
20160514000003001410000000048709620900000113110000479.95  
20160514000003001410000000048709620900000113120000082.07  
20160514000003001410000000048709620900000113131000143.98  
20160514000003001410000000048709620900000113200000095.99  
20160514000003002520000000042150291100000111310000850.60  
20160514000003002520000000042150291100000111400000460.30  
20160514000003002520000000042150291100000111700004253.00  
20160514000003002520000000042150291100000111910000419.99  
20160514000003002520000000042150291100000113110000552.36  
20160514000003002520000000042150291100000113120000094.45  
20160514000003002520000000042150291100000113131000165.71  
20160514000003002520000000042150291100000113200000110.47  
20160514000003002380000000009989450900000111400000655.25  
20160514000003002380000000009989450900000111700007863.00  
20160514000003002380000000009989450900000113110000786.30  
20160514000003002380000000009989450900000113120000134.46  
20160514000003002380000000009989450900000113131000235.89  
20160514000003002380000000009989450900000113200000157.26  
20160514000003002280000000051932150900000111220000248.40  
20160514000003002280000000051932150900000111400000933.70  
20160514000003002280000000051932150900000111700010956.00  
20160514000003002280000000051932150900000113110001120.44  
20160514000003002280000000051932150900000113120000191.60  
20160514000003002280000000051932150900000113131000336.13  
20160514000003002280000000051932150900000113200000224.09  
20160514000003002540000000054763321100000111310000850.60  
20160514000003002540000000054763321100000111400000425.30  
20160514000003002540000000054763321100000111700004253.00  
20160514000003002540000000054763321100000113110000510.36  
20160514000003002540000000054763321100000113120000087.27  
20160514000003002540000000054763321100000113131000153.11  
20160514000003002540000000054763321100000113200000102.07  
20160514000003000190000000005681381200000111220002484.00  
20160514000003000190000000005681381200000111400001549.67  
20160514000003000190000000005681381200000111700016112.00  
20160514000003000190000000005681381200000113110001859.60  
20160514000003000190000000005681381200000113131000557.88  
20160514000003000190000000005681381200000113200000371.92  
20160514000003000610000000035181171000000111220000546.48  
20160514000003000610000000035181171000000111400000958.54  
20160514000003000610000000035181171000000111700010956.00  
20160514000003000610000000035181171000000113110001150.25  
20160514000003000610000000035181171000000113120000196.69  
20160514000003000610000000035181171000000113131000345.07  
20160514000003000610000000035181171000000113200000230.05  
20160514000003002480000000092675111100000111400000569.20  
20160514000003002480000000092675111100000111700005027.00  
20160514000003002480000000092675111100000111910001803.44  
20160514000003002480000000092675111100000113110000683.04  
20160514000003002480000000092675111100000113120000116.80  
20160514000003002480000000092675111100000113131000204.91  
20160514000003002480000000092675111100000113200000136.61  
20160514000003002390000000031245160900000111400001444.75  
20160514000003002390000000031245160900000111700017337.00  
20160514000003002390000000031245160900000113110001733.70  
20160514000003002390000000031245160900000113120000296.46  
20160514000003002390000000031245160900000113131000520.11  
20160514000003002390000000031245160900000113200000346.74  
20160514000003001420000000030640161000000111220001291.68  
20160514000003001420000000030640161000000111310000850.60  
20160514000003001420000000030640161000000111400000532.94  
20160514000003001420000000030640161000000111700004253.00  
20160514000003001420000000030640161000000113110000639.53  
20160514000003001420000000030640161000000113120000109.36  
20160514000003001420000000030640161000000113131000191.86  
20160514000003001420000000030640161000000113200000127.91  
20160514000003002290000000045021820900000111220000248.40  
20160514000003002290000000045021820900000111400000600.70  
20160514000003002290000000045021820900000111700006960.00  
20160514000003002290000000045021820900000113110000720.84  
20160514000003002290000000045021820900000113120000123.26  
20160514000003002290000000045021820900000113131000216.25  
20160514000003002290000000045021820900000113200000144.17  
20160514000003002220000000028625750900000111400002098.50  
20160514000003002220000000028625750900000111700025182.00  
20160514000003002220000000028625750900000113110002518.20  
20160514000003002220000000028625750900000113120000430.61  
20160514000003002220000000028625750900000113131000755.46  
20160514000003002220000000028625750900000113200000503.64  
20160514000003000980000000040225151100000111220000546.48  
20160514000003000980000000040225151100000111310001392.00  
20160514000003000980000000040225151100000111400000741.54  
20160514000003000980000000040225151100000111700006960.00  
20160514000003000980000000040225151100000113110000889.85  
20160514000003000980000000040225151100000113120000152.16  
20160514000003000980000000040225151100000113131000266.95  
20160514000003000980000000040225151100000113200000177.97  
20160514000003001320000000044154021100000111220000546.48  
20160514000003001320000000044154021100000111310001005.40  
20160514000003001320000000044154021100000111400000673.57  
20160514000003001320000000044154021100000111700005027.00  
20160514000003001320000000044154021100000111910001503.91  
20160514000003001320000000044154021100000113110000808.28  
20160514000003001320000000044154021100000113120000138.22  
20160514000003001320000000044154021100000113131000242.48  
20160514000003001320000000044154021100000113200000161.66  
20160514000003002210000000029008541100000111400002098.50  
20160514000003002210000000029008541100000111700025182.00  
20160514000003002210000000029008541100000113110002518.20  
20160514000003002210000000029008541100000113120000430.61  
20160514000003002210000000029008541100000113131000755.46  
20160514000003002210000000029008541100000113200000503.64  
20160514000003002450000000042002231100000111220000248.40  
20160514000003002450000000042002231100000111310001005.40  
20160514000003002450000000042002231100000111400000670.89  
20160514000003002450000000042002231100000111700005027.00  
20160514000003002450000000042002231100000111910001769.93  
20160514000003002450000000042002231100000113110000805.07  
20160514000003002450000000042002231100000113120000137.67  
20160514000003002450000000042002231100000113131000241.52  
20160514000003002450000000042002231100000113200000161.01  
20160514000003002070000000051989401000000111220000546.48  
20160514000003002070000000051989401000000111400002144.04  
20160514000003002070000000051989401000000111700025182.00  
20160514000003002070000000051989401000000113110002572.85  
20160514000003002070000000051989401000000113120000439.96  
20160514000003002070000000051989401000000113131000771.85  
20160514000003002070000000051989401000000113200000514.57  
20160514000003000990000000056485771100000111220000248.40  
20160514000003000990000000056485771100000111310001392.00  
20160514000003000990000000056485771100000111400000716.70  
20160514000003000990000000056485771100000111700006960.00  
20160514000003000990000000056485771100000113110000860.04  
20160514000003000990000000056485771100000113120000147.07  
20160514000003000990000000056485771100000113131000258.01  
20160514000003000990000000056485771100000113200000172.01  
20160514000003000380000000044249661000000111220000248.40  
20160514000003000380000000044249661000000111400001239.87  
20160514000003000380000000044249661000000111700014630.00  
20160514000003000380000000044249661000000113110001487.84  
20160514000003000380000000044249661000000113120000254.42  
20160514000003000380000000044249661000000113131000446.35  
20160514000003000380000000044249661000000113200000297.57  
20160514000003001340000000036055810900000111220000248.40  
20160514000003001340000000036055810900000111400000439.62  
20160514000003001340000000036055810900000111700005027.00  
20160514000003001340000000036055810900000113110000527.54  
20160514000003001340000000036055810900000113120000090.21  
20160514000003001340000000036055810900000113131000158.26  
20160514000003001340000000036055810900000113200000105.51  
20160514000003001430000000037530270900000111220001291.68  
20160514000003001430000000037530270900000111400000462.06  
20160514000003001430000000037530270900000111700004253.00  
20160514000003001430000000037530270900000113110000554.47  
20160514000003001430000000037530270900000113120000094.81  
20160514000003001430000000037530270900000113131000166.34  
20160514000003001430000000037530270900000113200000110.89  
20160514000003002100000000036212690900000111220001689.12  
20160514000003002100000000036212690900000111400002239.26  
20160514000003002100000000036212690900000111700025182.00  
20160514000003002100000000036212690900000113110002687.11  
20160514000003002100000000036212690900000113120000459.50  
20160514000003002100000000036212690900000113131000806.13  
20160514000003002100000000036212690900000113200000537.42  
20160514000003000150000000035888920900000111220000248.40  
20160514000003000150000000035888920900000111400001465.45  
20160514000003000150000000035888920900000111700017337.00  
20160514000003000150000000035888920900000113110001758.54  
20160514000003000150000000035888920900000113120000300.71  
20160514000003000150000000035888920900000113131000527.56  
20160514000003000150000000035888920900000113200000351.71  
20160514000003001350000000059031341100000111220000546.48  
20160514000003001350000000059031341100000111310001005.40  
20160514000003001350000000059031341100000111400000653.58  
20160514000003001350000000059031341100000111700005027.00  
20160514000003001350000000059031341100000111910001264.08  
20160514000003001350000000059031341100000113110000784.30  
20160514000003001350000000059031341100000113120000134.11  
20160514000003001350000000059031341100000113131000235.29  
20160514000003001350000000059031341100000113200000156.86  
20160514000003000620000000044678691200000111220000248.40  
20160514000003000620000000044678691200000111400000933.70  
20160514000003000620000000044678691200000111700010956.00  
20160514000003000620000000044678691200000113110001120.44  
20160514000003000620000000044678691200000113120000191.60  
20160514000003000620000000044678691200000113131000336.13  
20160514000003000620000000044678691200000113200000224.09  
20160514000003002120000000044119031000000111400002098.50  
20160514000003002120000000044119031000000111700025182.00  
20160514000003002120000000044119031000000113110002518.20  
20160514000003002120000000044119031000000113120000430.61  
20160514000003002120000000044119031000000113131000755.46  
20160514000003002120000000044119031000000113200000503.64  
20160514000003002360000000037423650900000111220000546.48  
20160514000003002360000000037423650900000111400000754.46  
20160514000003002360000000037423650900000111700008507.00  
20160514000003002360000000037423650900000113110000905.35  
20160514000003002360000000037423650900000113120000154.81  
20160514000003002360000000037423650900000113131000271.60  
20160514000003002360000000037423650900000113200000181.07  
20160514000003001100000000037206271100000111220002086.56  
20160514000003001100000000037206271100000111310001263.20  
20160514000003001100000000037206271100000111400000900.55  
20160514000003001100000000037206271100000111700006316.00  
20160514000003001100000000037206271100000111910001140.83  
20160514000003001100000000037206271100000113110001080.66  
20160514000003001100000000037206271100000113120000184.79  
20160514000003001100000000037206271100000113131000324.20  
20160514000003001100000000037206271100000113200000216.13  
20160514000003001110000000028941011100000111220002086.56  
20160514000003001110000000028941011100000111400000700.21  
20160514000003001110000000028941011100000111700006316.00  
20160514000003001110000000028941011100000113110000840.26  
20160514000003001110000000028941011100000113120000143.68  
20160514000003001110000000028941011100000113131000252.08  
20160514000003001110000000028941011100000113200000168.05  
20160514000003002320000000028750931100000111220000248.40  
20160514000003002320000000028750931100000111400001239.87  
20160514000003002320000000028750931100000111700014630.00  
20160514000003002320000000028750931100000113110001487.84  
20160514000003002320000000028750931100000113120000254.42  
20160514000003002320000000028750931100000113131000446.35  
20160514000003002320000000028750931100000113200000297.57  
20160514000003002550000000077791011100000111310000850.60  
20160514000003002550000000077791011100000111400000425.30  
20160514000003002550000000077791011100000111700004253.00  
20160514000003002550000000077791011100000113110000510.36  
20160514000003002550000000077791011100000113120000087.27  
20160514000003002550000000077791011100000113131000153.11  
20160514000003002550000000077791011100000113200000102.07  
20160514000003002020000000009530210900000111220000546.48  
20160514000003002020000000009530210900000111400003344.71  
20160514000003002020000000009530210900000111700039590.00  
20160514000003002020000000009530210900000113110004013.65  
20160514000003002020000000009530210900000113120000686.33  
20160514000003002020000000009530210900000113131001204.09  
20160514000003002020000000009530210900000113200000802.73  
20160514000003002460000000041815811100000111400000589.89  
20160514000003002460000000041815811100000111700005027.00  
20160514000003002460000000041815811100000111910002051.65  
20160514000003002460000000041815811100000113110000707.87  
20160514000003002460000000041815811100000113120000121.04  
20160514000003002460000000041815811100000113131000212.36  
20160514000003002460000000041815811100000113200000141.57  
20160514000003002170000000037787980900000111220001689.12  
20160514000003002170000000037787980900000111400001429.76  
20160514000003002170000000037787980900000111700015468.00  
20160514000003002170000000037787980900000113110001715.71  
20160514000003002170000000037787980900000113120000293.39  
20160514000003002170000000037787980900000113131000514.71  
20160514000003002170000000037787980900000113200000343.14  
20160514000003000800000000037686630900000111220000248.40  
20160514000003000800000000037686630900000111400000729.62  
20160514000003000800000000037686630900000111700008507.00  
20160514000003000800000000037686630900000113110000875.54  
20160514000003000800000000037686630900000113120000149.72  
20160514000003000800000000037686630900000113131000262.66  
20160514000003000800000000037686630900000113200000175.11  
20160514000003000200000000042889520900000111220000248.40  
20160514000003000200000000042889520900000111400001363.37  
20160514000003000200000000042889520900000111700016112.00  
20160514000003000200000000042889520900000113110001636.04  
20160514000003000200000000042889520900000113120000279.76  
20160514000003000200000000042889520900000113131000490.81  
20160514000003000200000000042889520900000113200000327.21  
20160514000003001360000000047023491100000111220000546.48  
20160514000003001360000000047023491100000111310001005.40  
20160514000003001360000000047023491100000111400000617.28  
20160514000003001360000000047023491100000111700005027.00  
20160514000003001360000000047023491100000111910000828.42  
20160514000003001360000000047023491100000113110000740.73  
20160514000003001360000000047023491100000113120000126.66  
20160514000003001360000000047023491100000113131000222.22  
20160514000003001360000000047023491100000113200000148.15  
20160514000003002040000000030176310900000111220000546.48  
20160514000003002040000000030176310900000111400003255.54  
20160514000003002040000000030176310900000111700038520.00  
20160514000003002040000000030176310900000113110003906.65  
20160514000003002040000000030176310900000113120000668.04  
20160514000003002040000000030176310900000113131001171.99  
20160514000003002040000000030176310900000113200000781.33  
20160514000003002310000000031317101100000111220002086.56  
20160514000003002310000000031317101100000111400001462.88  
20160514000003002310000000031317101100000111700015468.00  
20160514000003002310000000031317101100000113110001755.46  
20160514000003002310000000031317101100000113120000300.18  
20160514000003002310000000031317101100000113131000526.64  
20160514000003002310000000031317101100000113200000351.09  
20160514000003001130000000059166500900000111220000248.40  
20160514000003001130000000059166500900000111400000547.03  
20160514000003001130000000059166500900000111600001656.00  
20160514000003001130000000059166500900000111700006316.00  
20160514000003001130000000059166500900000113110000656.44  
20160514000003001130000000059166500900000113120000112.25  
20160514000003001130000000059166500900000113131000196.93  
20160514000003001130000000059166500900000113200000131.29  
20160514000003001370000000025513140900000111220001689.12  
20160514000003001370000000025513140900000111400000559.68  
20160514000003001370000000025513140900000111700005027.00  
20160514000003001370000000025513140900000113110000671.61  
20160514000003001370000000025513140900000113120000114.85  
20160514000003001370000000025513140900000113131000201.48  
20160514000003001370000000025513140900000113200000134.32  
20160514000003000600000000041272230900000111400000913.00  
20160514000003000600000000041272230900000111700010956.00  
20160514000003000600000000041272230900000113110001095.60  
20160514000003000600000000041272230900000113120000187.35  
20160514000003000600000000041272230900000113131000328.68  
20160514000003000600000000041272230900000113200000219.12  
20160514000003002440000000079628621100000111220000248.40  
20160514000003002440000000079628621100000111310000850.60  
20160514000003002440000000079628621100000111400000446.00  
20160514000003002440000000079628621100000111700004253.00  
20160514000003002440000000079628621100000113110000535.20  
20160514000003002440000000079628621100000113120000091.52  
20160514000003002440000000079628621100000113131000160.56  
20160514000003002440000000079628621100000113200000107.04  
20160514000003000260000000013206271000000111220000248.40  
20160514000003000260000000013206271000000111400001309.70  
20160514000003000260000000013206271000000111700015468.00  
20160514000003000260000000013206271000000113110001571.64  
20160514000003000260000000013206271000000113120000268.75  
20160514000003000260000000013206271000000113131000471.49  
20160514000003000260000000013206271000000113200000314.33  
20160514000003000270000000013847920900000111220000248.40  
20160514000003000270000000013847920900000111400001309.70  
20160514000003000270000000013847920900000111700015468.00  
20160514000003000270000000013847920900000113110001571.64  
20160514000003000270000000013847920900000113120000268.75  
20160514000003000270000000013847920900000113131000471.49  
20160514000003000270000000013847920900000113200000314.33  
20160514000003000430000000021398970900000111220002086.56  
20160514000003000430000000021398970900000111400001393.05  
20160514000003000430000000021398970900000111700014630.00  
20160514000003000430000000021398970900000113110001671.66  
20160514000003000430000000021398970900000113120000285.85  
20160514000003000430000000021398970900000113131000501.50  
20160514000003000430000000021398970900000113200000334.33  
20160514000003000160000000037321240900000111220001291.68  
20160514000003000160000000037321240900000111400001552.39  
20160514000003000160000000037321240900000111700017337.00  
20160514000003000160000000037321240900000113110001862.87  
20160514000003000160000000037321240900000113120000318.55  
20160514000003000160000000037321240900000113131000558.86  
20160514000003000160000000037321240900000113200000372.57  
20160514000003001000000000073493141000000111220002484.00  
20160514000003001000000000073493141000000111400000787.00  
20160514000003001000000000073493141000000111700006960.00  
20160514000003001000000000073493141000000113110000944.40  
20160514000003001000000000073493141000000113131000283.32  
20160514000003001000000000073493141000000113200000188.88  
20160514000003001140000000009602780900000111220001689.12  
20160514000003001140000000009602780900000111400000667.09  
20160514000003001140000000009602780900000111700006316.00  
20160514000003001140000000009602780900000113110000800.51  
20160514000003001140000000009602780900000113120000136.89  
20160514000003001140000000009602780900000113131000240.15  
20160514000003001140000000009602780900000113200000160.10  
20160514000003000640000000044674200900000111220001291.68  
20160514000003000640000000044674200900000111400001020.64  
20160514000003000640000000044674200900000111700010956.00  
20160514000003000640000000044674200900000113110001224.77  
20160514000003000640000000044674200900000113120000209.44  
20160514000003000640000000044674200900000113131000367.43  
20160514000003000640000000044674200900000113200000244.95  
TOTAL A BORRAR: 2202296.96
