2016051400000400008000000004433413074000351.71  
2016051400000400008000000004433413204001758.54  
2016051400000400008000000004433413301001758.54  
2016051400000400008000000004433413303000300.71  
2016051400000400008000000004433413305000087.93  
2016051400000400008000000004433413307000300.71  
2016051400000400008000000004433413311000087.93  
2016051400000400008000000004433413327000045.85  
2016051400000400008000000004433413999001013.54  
2016051400000400009000000002868347001000531.55  
2016051400000400009000000002868347074000364.62  
2016051400000400009000000002868347204001823.12  
2016051400000400009000000002868347301001823.12  
2016051400000400009000000002868347303000311.75  
2016051400000400009000000002868347305000091.16  
2016051400000400009000000002868347307000311.75  
2016051400000400009000000002868347311000091.16  
2016051400000400009000000002868347327000052.31  
2016051400000400009000000002868347999002978.37  
2016051400000400010000000003137460074000380.52  
2016051400000400010000000003137460204001902.61  
2016051400000400010000000003137460301001902.61  
2016051400000400010000000003137460303000325.35  
2016051400000400010000000003137460305000095.13  
2016051400000400010000000003137460307000325.35  
2016051400000400010000000003137460311000095.13  
2016051400000400010000000003137460327000060.26  
2016051400000400010000000003137460999007536.73  
2016051400000400012000000004470102001001832.59  
2016051400000400012000000004470102074000326.18  
2016051400000400012000000004470102204001630.92  
2016051400000400012000000004470102301001630.92  
2016051400000400012000000004470102303000278.89  
2016051400000400012000000004470102305000081.55  
2016051400000400012000000004470102307000278.89  
2016051400000400012000000004470102311000081.55  
2016051400000400012000000004470102327000033.09  
2016051400000400012000000004470102999002242.22  
2016051400000400013000000003137819074000380.52  
2016051400000400013000000003137819204001902.61  
2016051400000400013000000003137819301001902.61  
2016051400000400013000000003137819303000325.35  
2016051400000400013000000003137819305000095.13  
2016051400000400013000000003137819307000325.35  
2016051400000400013000000003137819311000095.13  
2016051400000400013000000003137819327000060.26  
2016051400000400013000000003137819999003096.22  
2016051400000400015000000003588892074000351.71  
2016051400000400015000000003588892204001758.54  
2016051400000400015000000003588892302001758.54  
2016051400000400015000000003588892304000300.71  
2016051400000400015000000003588892306000087.93  
2016051400000400015000000003588892308000300.71  
2016051400000400015000000003588892312000087.93  
2016051400000400015000000003588892328000045.85  
2016051400000400015000000003588892999000783.83  
2016051400000400016000000003732124074000372.57  
2016051400000400016000000003732124204001862.87  
2016051400000400016000000003732124301001862.87  
2016051400000400016000000003732124303000318.55  
2016051400000400016000000003732124305000093.14  
2016051400000400016000000003732124307000318.55  
2016051400000400016000000003732124311000093.14  
2016051400000400016000000003732124327000056.29  
2016051400000400016000000003732124999001221.14  
2016051400000400019000000000568138074000371.92  
2016051400000400019000000000568138204001859.60  
2016051400000400019000000000568138301001859.60  
2016051400000400019000000000568138305000092.98  
2016051400000400019000000000568138311000092.98  
2016051400000400019000000000568138327000055.96  
2016051400000400019000000000568138999003097.42  
2016051400000400020000000004288952074000327.21  
2016051400000400020000000004288952204001636.04  
2016051400000400020000000004288952301001636.04  
2016051400000400020000000004288952303000279.76  
2016051400000400020000000004288952305000081.80  
2016051400000400020000000004288952307000279.76  
2016051400000400020000000004288952311000081.80  
2016051400000400020000000004288952327000033.60  
2016051400000400020000000004288952999000041.25  
2016051400000400026000000001320627001001283.65  
2016051400000400026000000001320627074000314.33  
2016051400000400026000000001320627204001571.64  
2016051400000400026000000001320627301001571.64  
2016051400000400026000000001320627303000268.75  
2016051400000400026000000001320627305000078.58  
2016051400000400026000000001320627307000268.75  
2016051400000400026000000001320627311000078.58  
2016051400000400026000000001320627327000027.16  
2016051400000400026000000001320627999000181.96  
2016051400000400027000000001384792074000314.33  
2016051400000400027000000001384792204001571.64  
2016051400000400027000000001384792302001571.64  
2016051400000400027000000001384792304000268.75  
2016051400000400027000000001384792306000078.58  
2016051400000400027000000001384792308000268.75  
2016051400000400027000000001384792312000078.58  
2016051400000400027000000001384792328000027.16  
2016051400000400027000000001384792999000796.32  
2016051400000400028000000003099414074000362.05  
2016051400000400028000000003099414204001810.25  
2016051400000400028000000003099414302001810.25  
2016051400000400028000000003099414304000309.55  
2016051400000400028000000003099414306000090.51  
2016051400000400028000000003099414308000309.55  
2016051400000400028000000003099414312000090.51  
2016051400000400028000000003099414328000051.02  
2016051400000400028000000003099414999003518.72  
2016051400000400029000000003770831074000376.95  
2016051400000400029000000003770831204001884.77  
2016051400000400029000000003770831301001884.77  
2016051400000400029000000003770831303000322.30  
2016051400000400029000000003770831305000094.24  
2016051400000400029000000003770831307000322.30  
2016051400000400029000000003770831311000094.24  
2016051400000400029000000003770831327000058.48  
2016051400000400029000000003770831999003750.14  
2016051400000400032000000003768862074000303.53  
2016051400000400032000000003768862204001517.65  
2016051400000400032000000003768862301001517.65  
2016051400000400032000000003768862303000259.52  
2016051400000400032000000003768862305000075.88  
2016051400000400032000000003768862307000259.52  
2016051400000400032000000003768862311000075.88  
2016051400000400032000000003768862327000021.76  
2016051400000400032000000003768862999000721.42  
2016051400000400034000000005270248074000297.57  
2016051400000400034000000005270248204001487.84  
2016051400000400034000000005270248301001487.84  
2016051400000400034000000005270248303000254.42  
2016051400000400034000000005270248305000074.39  
2016051400000400034000000005270248307000254.42  
2016051400000400034000000005270248311000074.39  
2016051400000400034000000005270248327000018.78  
2016051400000400034000000005270248999000771.68  
2016051400000400038000000004424966074000297.57  
2016051400000400038000000004424966204001487.84  
2016051400000400038000000004424966301001487.84  
2016051400000400038000000004424966303000254.42  
2016051400000400038000000004424966305000074.39  
2016051400000400038000000004424966307000254.42  
2016051400000400038000000004424966311000074.39  
2016051400000400038000000004424966327000018.78  
2016051400000400038000000004424966999003047.51  
2016051400000400043000000002139897074000334.33  
2016051400000400043000000002139897204001671.66  
2016051400000400043000000002139897301001671.66  
2016051400000400043000000002139897303000285.85  
2016051400000400043000000002139897305000083.58  
2016051400000400043000000002139897307000285.85  
2016051400000400043000000002139897311000083.58  
2016051400000400043000000002139897327000037.17  
2016051400000400043000000002139897999009713.70  
2016051400000400044000000000952134074000312.41  
2016051400000400044000000000952134204001562.06  
2016051400000400044000000000952134302001562.06  
2016051400000400044000000000952134304000267.11  
2016051400000400044000000000952134306000078.10  
2016051400000400044000000000952134308000267.11  
2016051400000400044000000000952134312000078.10  
2016051400000400044000000000952134328000026.21  
2016051400000400044000000000952134999002541.20  
2016051400000400047000000003590483074000281.61  
2016051400000400047000000003590483204001408.05  
2016051400000400047000000003590483301001408.05  
2016051400000400047000000003590483303000240.78  
2016051400000400047000000003590483305000070.40  
2016051400000400047000000003590483307000240.78  
2016051400000400047000000003590483311000070.40  
2016051400000400047000000003590483327000010.80  
2016051400000400047000000003590483999002121.51  
2016051400000400048000000003617322074000275.65  
2016051400000400048000000003617322204001378.24  
2016051400000400048000000003617322302001378.24  
2016051400000400048000000003617322304000235.68  
2016051400000400048000000003617322306000068.91  
2016051400000400048000000003617322308000235.68  
2016051400000400048000000003617322312000068.91  
2016051400000400048000000003617322328000007.82  
2016051400000400048000000003617322999004911.23  
2016051400000400054000000003081251074000252.90  
2016051400000400054000000003081251204001264.51  
2016051400000400054000000003081251301001264.51  
2016051400000400054000000003081251303000216.23  
2016051400000400054000000003081251305000063.23  
2016051400000400054000000003081251307000216.23  
2016051400000400054000000003081251311000063.23  
2016051400000400054000000003081251999000645.95  
2016051400000400056000000005169964074000224.09  
2016051400000400056000000005169964204001120.44  
2016051400000400056000000005169964302001120.44  
2016051400000400056000000005169964304000191.60  
2016051400000400056000000005169964306000056.02  
2016051400000400056000000005169964308000191.60  
2016051400000400056000000005169964312000056.02  
2016051400000400056000000005169964999000907.43  
2016051400000400057000000003012804074000224.09  
2016051400000400057000000003012804204001120.44  
2016051400000400057000000003012804302001120.44  
2016051400000400057000000003012804304000191.60  
2016051400000400057000000003012804306000056.02  
2016051400000400057000000003012804308000191.60  
2016051400000400057000000003012804312000056.02  
2016051400000400057000000003012804999001787.89  
2016051400000400058000000004450657074000224.09  
2016051400000400058000000004450657204001120.44  
2016051400000400058000000004450657301001120.44  
2016051400000400058000000004450657303000191.60  
2016051400000400058000000004450657305000056.02  
2016051400000400058000000004450657307000191.60  
2016051400000400058000000004450657311000056.02  
2016051400000400058000000004450657999000399.30  
2016051400000400060000000004127223074000219.12  
2016051400000400060000000004127223204001095.60  
2016051400000400060000000004127223301001095.60  
2016051400000400060000000004127223303000187.35  
2016051400000400060000000004127223305000054.78  
2016051400000400060000000004127223307000187.35  
2016051400000400060000000004127223311000054.78  
2016051400000400060000000004127223999000365.20  
2016051400000400061000000003518117074000230.05  
2016051400000400061000000003518117204001150.25  
2016051400000400061000000003518117301001150.25  
2016051400000400061000000003518117303000196.69  
2016051400000400061000000003518117305000057.51  
2016051400000400061000000003518117307000196.69  
2016051400000400061000000003518117311000057.51  
2016051400000400061000000003518117999003054.56  
2016051400000400062000000004467869074000224.09  
2016051400000400062000000004467869204001120.44  
2016051400000400062000000004467869301001120.44  
2016051400000400062000000004467869303000191.60  
2016051400000400062000000004467869305000056.02  
2016051400000400062000000004467869307000191.60  
2016051400000400062000000004467869311000056.02  
2016051400000400062000000004467869999000579.18  
2016051400000400064000000004467420074000244.95  
2016051400000400064000000004467420204001224.77  
2016051400000400064000000004467420301001224.77  
2016051400000400064000000004467420303000209.44  
2016051400000400064000000004467420305000061.24  
2016051400000400064000000004467420307000209.44  
2016051400000400064000000004467420311000061.24  
2016051400000400064000000004467420999004373.14  
2016051400000400065000000004414461074000246.03  
2016051400000400065000000004414461204001230.17  
2016051400000400065000000004414461301001230.17  
2016051400000400065000000004414461303000210.36  
2016051400000400065000000004414461305000061.51  
2016051400000400065000000004414461307000210.36  
2016051400000400065000000004414461311000061.51  
2016051400000400065000000004414461999000201.97  
2016051400000400066000000005161700074000240.07  
2016051400000400066000000005161700204001200.36  
2016051400000400066000000005161700301001200.36  
2016051400000400066000000005161700303000205.26  
2016051400000400066000000005161700305000060.02  
2016051400000400066000000005161700307000205.26  
2016051400000400066000000005161700311000060.02  
2016051400000400066000000005161700999000752.52  
2016051400000400068000000004884164074000206.85  
2016051400000400068000000004884164204001034.25  
2016051400000400068000000004884164302001034.25  
2016051400000400068000000004884164304000176.86  
2016051400000400068000000004884164306000051.71  
2016051400000400068000000004884164308000176.86  
2016051400000400068000000004884164312000051.71  
2016051400000400068000000004884164999004770.06  
2016051400000400069000000003459316074000200.89  
2016051400000400069000000003459316204001004.44  
2016051400000400069000000003459316302001004.44  
2016051400000400069000000003459316304000171.76  
2016051400000400069000000003459316306000050.22  
2016051400000400069000000003459316308000171.76  
2016051400000400069000000003459316312000050.22  
2016051400000400069000000003459316999000591.64  
2016051400000400070000000003729038074000229.70  
2016051400000400070000000003729038204001148.51  
2016051400000400070000000003729038301001148.51  
2016051400000400070000000003729038303000196.40  
2016051400000400070000000003729038305000057.43  
2016051400000400070000000003729038307000196.40  
2016051400000400070000000003729038311000057.43  
2016051400000400070000000003729038999006222.31  
2016051400000400071000000003720522074000268.89  
2016051400000400071000000003720522204001344.43  
2016051400000400071000000003720522301001344.43  
2016051400000400071000000003720522303000229.90  
2016051400000400071000000003720522305000067.22  
2016051400000400071000000003720522307000229.90  
2016051400000400071000000003720522311000067.22  
2016051400000400071000000003720522327000004.44  
2016051400000400071000000003720522999003158.92  
2016051400000400074000000005291890074000209.14  
2016051400000400074000000005291890204001045.68  
2016051400000400074000000005291890302001045.68  
2016051400000400074000000005291890304000178.81  
2016051400000400074000000005291890306000052.28  
2016051400000400074000000005291890308000178.81  
2016051400000400074000000005291890312000052.28  
2016051400000400074000000005291890999000719.30  
2016051400000400075000000004013122001000100.47  
2016051400000400075000000004013122074000175.11  
2016051400000400075000000004013122204000875.54  
2016051400000400075000000004013122301000875.54  
2016051400000400075000000004013122303000149.72  
2016051400000400075000000004013122305000043.78  
2016051400000400075000000004013122307000149.72  
2016051400000400075000000004013122311000043.78  
2016051400000400075000000004013122999000788.46  
2016051400000400076000000006466668074000209.14  
2016051400000400076000000006466668204001045.68  
2016051400000400076000000006466668302001045.68  
2016051400000400076000000006466668304000178.81  
2016051400000400076000000006466668306000052.28  
2016051400000400076000000006466668308000178.81  
2016051400000400076000000006466668312000052.28  
2016051400000400076000000006466668999000615.48  
2016051400000400077000000005771260074000170.14  
2016051400000400077000000005771260204000850.70  
2016051400000400077000000005771260301000850.70  
2016051400000400077000000005771260303000145.47  
2016051400000400077000000005771260305000042.54  
2016051400000400077000000005771260307000145.47  
2016051400000400077000000005771260311000042.54  
2016051400000400077000000005771260999000013.60  
2016051400000400079000000005225966074000175.11  
2016051400000400079000000005225966204000875.54  
2016051400000400079000000005225966301000875.54  
2016051400000400079000000005225966303000149.72  
2016051400000400079000000005225966305000043.78  
2016051400000400079000000005225966307000149.72  
2016051400000400079000000005225966311000043.78  
2016051400000400079000000005225966999003539.33  
2016051400000400080000000003768663074000175.11  
2016051400000400080000000003768663204000875.54  
2016051400000400080000000003768663302000875.54  
2016051400000400080000000003768663304000149.72  
2016051400000400080000000003768663306000043.78  
2016051400000400080000000003768663308000149.72  
2016051400000400080000000003768663312000043.78  
2016051400000400080000000003768663999003739.28  
2016051400000400082000000002899775074000162.23  
2016051400000400082000000002899775204000811.14  
2016051400000400082000000002899775301000811.14  
2016051400000400082000000002899775303000138.70  
2016051400000400082000000002899775305000040.56  
2016051400000400082000000002899775307000138.70  
2016051400000400082000000002899775311000040.56  
2016051400000400082000000002899775999001905.43  
2016051400000400084000000002879279074000191.04  
2016051400000400084000000002879279204000955.21  
2016051400000400084000000002879279302000955.21  
2016051400000400084000000002879279304000163.34  
2016051400000400084000000002879279306000047.76  
2016051400000400084000000002879279308000163.34  
2016051400000400084000000002879279312000047.76  
2016051400000400084000000002879279999000720.50  
2016051400000400085000000006473021074000162.23  
2016051400000400085000000006473021204000811.14  
2016051400000400085000000006473021301000811.14  
2016051400000400085000000006473021303000138.70  
2016051400000400085000000006473021305000040.56  
2016051400000400085000000006473021307000138.70  
2016051400000400085000000006473021311000040.56  
2016051400000400085000000006473021999002092.60  
2016051400000400086000000004461894074000168.19  
2016051400000400086000000004461894204000840.95  
2016051400000400086000000004461894301000840.95  
2016051400000400086000000004461894303000143.80  
2016051400000400086000000004461894305000042.05  
2016051400000400086000000004461894307000143.80  
2016051400000400086000000004461894311000042.05  
2016051400000400086000000004461894999003076.66  
2016051400000400090000000004510395074000144.17  
2016051400000400090000000004510395204000720.84  
2016051400000400090000000004510395301000720.84  
2016051400000400090000000004510395303000123.26  
2016051400000400090000000004510395305000036.04  
2016051400000400090000000004510395307000123.26  
2016051400000400090000000004510395311000036.04  
2016051400000400090000000004510395999003574.05  
2016051400000400092000000002914344074000219.21  
2016051400000400092000000002914344204001096.06  
2016051400000400092000000002914344301001096.06  
2016051400000400092000000002914344303000187.43  
2016051400000400092000000002914344305000054.80  
2016051400000400092000000002914344307000187.43  
2016051400000400092000000002914344311000054.80  
2016051400000400092000000002914344999001671.07  
2016051400000400093000000003078110074000255.08  
2016051400000400093000000003078110204001275.41  
2016051400000400093000000003078110301001275.41  
2016051400000400093000000003078110303000218.09  
2016051400000400093000000003078110305000063.77  
2016051400000400093000000003078110307000218.09  
2016051400000400093000000003078110311000063.77  
2016051400000400093000000003078110999002842.17  
2016051400000400094000000006144098074000139.20  
2016051400000400094000000006144098204000696.00  
2016051400000400094000000006144098302000696.00  
2016051400000400094000000006144098304000119.02  
2016051400000400094000000006144098306000034.80  
2016051400000400094000000006144098308000119.02  
2016051400000400094000000006144098312000034.80  
2016051400000400094000000006144098999001686.12  
2016051400000400095000000006431024074000144.17  
2016051400000400095000000006431024204000720.84  
2016051400000400095000000006431024302000720.84  
2016051400000400095000000006431024304000123.26  
2016051400000400095000000006431024306000036.04  
2016051400000400095000000006431024308000123.26  
2016051400000400095000000006431024312000036.04  
2016051400000400095000000006431024999000645.57  
2016051400000400096000000003099304074000172.01  
2016051400000400096000000003099304204000860.04  
2016051400000400096000000003099304301000860.04  
2016051400000400096000000003099304303000147.07  
2016051400000400096000000003099304305000043.00  
2016051400000400096000000003099304307000147.07  
2016051400000400096000000003099304311000043.00  
2016051400000400096000000003099304999000555.88  
2016051400000400098000000004022515074000177.97  
2016051400000400098000000004022515204000889.85  
2016051400000400098000000004022515302000889.85  
2016051400000400098000000004022515304000152.16  
2016051400000400098000000004022515306000044.49  
2016051400000400098000000004022515308000152.16  
2016051400000400098000000004022515312000044.49  
2016051400000400098000000004022515999002560.33  
2016051400000400099000000005648577074000172.01  
2016051400000400099000000005648577204000860.04  
2016051400000400099000000005648577302000860.04  
2016051400000400099000000005648577304000147.07  
2016051400000400099000000005648577306000043.00  
2016051400000400099000000005648577308000147.07  
2016051400000400099000000005648577312000043.00  
2016051400000400099000000005648577999001570.52  
2016051400000400100000000007349314074000188.88  
2016051400000400100000000007349314204000944.40  
2016051400000400100000000007349314301000944.40  
2016051400000400100000000007349314305000047.22  
2016051400000400100000000007349314311000047.22  
2016051400000400100000000007349314999000037.00  
2016051400000400101000000001370502074000193.32  
2016051400000400101000000001370502204000966.58  
2016051400000400101000000001370502301000966.58  
2016051400000400101000000001370502303000165.28  
2016051400000400101000000001370502305000048.33  
2016051400000400101000000001370502307000165.28  
2016051400000400101000000001370502311000048.33  
2016051400000400101000000001370502999003819.57  
2016051400000400102000000002692604074000195.47  
2016051400000400102000000002692604204000977.36  
2016051400000400102000000002692604301000977.36  
2016051400000400102000000002692604303000167.13  
2016051400000400102000000002692604305000048.87  
2016051400000400102000000002692604307000167.13  
2016051400000400102000000002692604311000048.87  
2016051400000400102000000002692604999004120.11  
2016051400000400103000000000959934074000176.00  
2016051400000400103000000000959934204000880.00  
2016051400000400103000000000959934302000880.00  
2016051400000400103000000000959934304000150.48  
2016051400000400103000000000959934306000044.00  
2016051400000400103000000000959934308000150.48  
2016051400000400103000000000959934312000044.00  
2016051400000400103000000000959934999001273.40  
2016051400000400104000000001760686074000177.42  
2016051400000400104000000001760686204000887.09  
2016051400000400104000000001760686301000887.09  
2016051400000400104000000001760686303000151.69  
2016051400000400104000000001760686305000044.35  
2016051400000400104000000001760686307000151.69  
2016051400000400104000000001760686311000044.35  
2016051400000400104000000001760686999002877.70  
2016051400000400105000000000803131074000176.00  
2016051400000400105000000000803131204000880.00  
2016051400000400105000000000803131302000880.00  
2016051400000400105000000000803131306000044.00  
2016051400000400105000000000803131312000044.00  
2016051400000400105000000000803131999001005.96  
2016051400000400106000000002045701074000176.00  
2016051400000400106000000002045701204000880.00  
2016051400000400106000000002045701301000880.00  
2016051400000400106000000002045701303000150.48  
2016051400000400106000000002045701305000044.00  
2016051400000400106000000002045701307000150.48  
2016051400000400106000000002045701311000044.00  
2016051400000400106000000002045701999001163.16  
2016051400000400107000000003831838074000152.15  
2016051400000400107000000003831838204000760.77  
2016051400000400107000000003831838301000760.77  
2016051400000400107000000003831838303000130.09  
2016051400000400107000000003831838305000038.04  
2016051400000400107000000003831838307000130.09  
2016051400000400107000000003831838311000038.04  
2016051400000400107000000003831838999003479.26  
2016051400000400108000000000855279074000176.00  
2016051400000400108000000000855279204000880.00  
2016051400000400108000000000855279301000880.00  
2016051400000400108000000000855279303000150.48  
2016051400000400108000000000855279305000044.00  
2016051400000400108000000000855279307000150.48  
2016051400000400108000000000855279311000044.00  
2016051400000400108000000000855279999002457.10  
2016051400000400109000000003782731074000227.45  
2016051400000400109000000003782731204001137.24  
2016051400000400109000000003782731301001137.24  
2016051400000400109000000003782731303000194.47  
2016051400000400109000000003782731305000056.86  
2016051400000400109000000003782731307000194.47  
2016051400000400109000000003782731311000056.86  
2016051400000400109000000003782731999001152.34  
2016051400000400110000000003720627074000226.87  
2016051400000400110000000003720627204001134.35  
2016051400000400110000000003720627301001134.35  
2016051400000400110000000003720627303000193.97  
2016051400000400110000000003720627305000056.72  
2016051400000400110000000003720627307000193.97  
2016051400000400110000000003720627311000056.72  
2016051400000400110000000003720627999004571.21  
2016051400000400111000000002894101074000168.05  
2016051400000400111000000002894101204000840.26  
2016051400000400111000000002894101301000840.26  
2016051400000400111000000002894101303000143.68  
2016051400000400111000000002894101305000042.01  
2016051400000400111000000002894101307000143.68  
2016051400000400111000000002894101311000042.01  
2016051400000400111000000002894101999003584.91  
2016051400000400113000000005916650074000131.29  
2016051400000400113000000005916650204000656.44  
2016051400000400113000000005916650302000656.44  
2016051400000400113000000005916650304000112.25  
2016051400000400113000000005916650306000032.82  
2016051400000400113000000005916650308000112.25  
2016051400000400113000000005916650312000032.82  
2016051400000400113000000005916650999002051.34  
2016051400000400114000000000960278074000160.10  
2016051400000400114000000000960278204000800.51  
2016051400000400114000000000960278301000800.51  
2016051400000400114000000000960278303000136.89  
2016051400000400114000000000960278305000040.03  
2016051400000400114000000000960278307000136.89  
2016051400000400114000000000960278311000040.03  
2016051400000400114000000000960278999001594.56  
2016051400000400115000000004329789074000209.11  
2016051400000400115000000004329789204001045.56  
2016051400000400115000000004329789301001045.56  
2016051400000400115000000004329789303000178.79  
2016051400000400115000000004329789305000052.28  
2016051400000400115000000004329789307000178.79  
2016051400000400115000000004329789311000052.28  
2016051400000400115000000004329789999004115.51  
2016051400000400116000000003504972074000213.68  
2016051400000400116000000003504972204001068.39  
2016051400000400116000000003504972301001068.39  
2016051400000400116000000003504972303000182.69  
2016051400000400116000000003504972305000053.42  
2016051400000400116000000003504972307000182.69  
2016051400000400116000000003504972311000053.42  
2016051400000400116000000003504972999001515.82  
2016051400000400117000000003754990074000207.94  
2016051400000400117000000003754990204001039.71  
2016051400000400117000000003754990301001039.71  
2016051400000400117000000003754990303000177.79  
2016051400000400117000000003754990305000051.99  
2016051400000400117000000003754990307000177.79  
2016051400000400117000000003754990311000051.99  
2016051400000400117000000003754990999002711.97  
2016051400000400118000000003482063074000218.19  
2016051400000400118000000003482063204001090.93  
2016051400000400118000000003482063301001090.93  
2016051400000400118000000003482063303000186.55  
2016051400000400118000000003482063305000054.55  
2016051400000400118000000003482063307000186.55  
2016051400000400118000000003482063311000054.55  
2016051400000400118000000003482063999001002.69  
2016051400000400119000000004800059074000156.70  
2016051400000400119000000004800059204000783.48  
2016051400000400119000000004800059302000783.48  
2016051400000400119000000004800059304000133.98  
2016051400000400119000000004800059306000039.17  
2016051400000400119000000004800059308000133.98  
2016051400000400119000000004800059312000039.17  
2016051400000400119000000004800059999003001.96  
2016051400000400122000000001764275074000137.11  
2016051400000400122000000001764275204000685.54  
2016051400000400122000000001764275301000685.54  
2016051400000400122000000001764275303000117.23  
2016051400000400122000000001764275305000034.28  
2016051400000400122000000001764275307000117.23  
2016051400000400122000000001764275311000034.28  
2016051400000400122000000001764275999002798.20  
2016051400000400123000000003417050074000160.99  
2016051400000400123000000003417050204000804.93  
2016051400000400123000000003417050301000804.93  
2016051400000400123000000003417050303000137.64  
2016051400000400123000000003417050305000040.25  
2016051400000400123000000003417050307000137.64  
2016051400000400123000000003417050311000040.25  
2016051400000400123000000003417050999001122.91  
2016051400000400124000000003786262074000150.00  
2016051400000400124000000003786262204000750.00  
2016051400000400124000000003786262301000750.00  
2016051400000400124000000003786262303000128.25  
2016051400000400124000000003786262305000037.50  
2016051400000400124000000003786262307000128.25  
2016051400000400124000000003786262311000037.50  
2016051400000400124000000003786262999002813.96  
2016051400000400125000000008854526074000155.23  
2016051400000400125000000008854526204000776.17  
2016051400000400125000000008854526301000776.17  
2016051400000400125000000008854526303000132.72  
2016051400000400125000000008854526305000038.81  
2016051400000400125000000008854526307000132.72  
2016051400000400125000000008854526311000038.81  
2016051400000400125000000008854526999003150.19  
2016051400000400126000000005151886074000140.81  
2016051400000400126000000005151886204000704.07  
2016051400000400126000000005151886301000704.07  
2016051400000400126000000005151886303000120.40  
2016051400000400126000000005151886305000035.20  
2016051400000400126000000005151886307000120.40  
2016051400000400126000000005151886311000035.20  
2016051400000400126000000005151886999002906.43  
2016051400000400127000000004538011074000105.51  
2016051400000400127000000004538011204000527.54  
2016051400000400127000000004538011302000527.54  
2016051400000400127000000004538011304000090.21  
2016051400000400127000000004538011306000026.38  
2016051400000400127000000004538011308000090.21  
2016051400000400127000000004538011312000026.38  
2016051400000400127000000004538011999001707.42  
2016051400000400129000000005179460074000140.33  
2016051400000400129000000005179460204000701.67  
2016051400000400129000000005179460302000701.67  
2016051400000400129000000005179460304000119.98  
2016051400000400129000000005179460306000035.08  
2016051400000400129000000005179460308000119.98  
2016051400000400129000000005179460312000035.08  
2016051400000400129000000005179460999003409.20  
2016051400000400130000000004410789074000146.48  
2016051400000400130000000004410789204000732.41  
2016051400000400130000000004410789301000732.41  
2016051400000400130000000004410789303000125.24  
2016051400000400130000000004410789305000036.62  
2016051400000400130000000004410789307000125.24  
2016051400000400130000000004410789311000036.62  
2016051400000400130000000004410789999003749.34  
2016051400000400131000000007319833074000125.55  
2016051400000400131000000007319833204000627.75  
2016051400000400131000000007319833301000627.75  
2016051400000400131000000007319833303000107.34  
2016051400000400131000000007319833305000031.39  
2016051400000400131000000007319833307000107.34  
2016051400000400131000000007319833311000031.39  
2016051400000400132000000004415402074000153.74  
2016051400000400132000000004415402204000768.69  
2016051400000400132000000004415402301000768.69  
2016051400000400132000000004415402303000131.45  
2016051400000400132000000004415402305000038.43  
2016051400000400132000000004415402307000131.45  
2016051400000400132000000004415402311000038.43  
2016051400000400132000000004415402999002588.85  
2016051400000400134000000003605581074000105.51  
2016051400000400134000000003605581204000527.54  
2016051400000400134000000003605581301000527.54  
2016051400000400134000000003605581303000090.21  
2016051400000400134000000003605581305000026.38  
2016051400000400134000000003605581307000090.21  
2016051400000400134000000003605581311000026.38  
2016051400000400134000000003605581999001721.07  
2016051400000400135000000005903134074000142.87  
2016051400000400135000000005903134204000714.34  
2016051400000400135000000005903134301000714.34  
2016051400000400135000000005903134303000122.15  
2016051400000400135000000005903134305000035.72  
2016051400000400135000000005903134307000122.15  
2016051400000400135000000005903134311000035.72  
2016051400000400135000000005903134999001220.17  
2016051400000400136000000004702349074000150.53  
2016051400000400136000000004702349204000752.67  
2016051400000400136000000004702349301000752.67  
2016051400000400136000000004702349303000128.71  
2016051400000400136000000004702349305000037.63  
2016051400000400136000000004702349307000128.71  
2016051400000400136000000004702349311000037.63  
2016051400000400136000000004702349999002768.19  
2016051400000400137000000002551314074000134.32  
2016051400000400137000000002551314204000671.61  
2016051400000400137000000002551314302000671.61  
2016051400000400137000000002551314304000114.85  
2016051400000400137000000002551314306000033.58  
2016051400000400137000000002551314308000114.85  
2016051400000400137000000002551314312000033.58  
2016051400000400137000000002551314999002916.96  
2016051400000400138000000003693620074000127.91  
2016051400000400138000000003693620204000639.53  
2016051400000400138000000003693620301000639.53  
2016051400000400138000000003693620303000109.36  
2016051400000400138000000003693620305000031.98  
2016051400000400138000000003693620307000109.36  
2016051400000400138000000003693620311000031.98  
2016051400000400138000000003693620999001067.94  
2016051400000400139000000004897781074000114.80  
2016051400000400139000000004897781204000574.01  
2016051400000400139000000004897781301000574.01  
2016051400000400139000000004897781303000098.16  
2016051400000400139000000004897781305000028.70  
2016051400000400139000000004897781307000098.16  
2016051400000400139000000004897781311000028.70  
2016051400000400139000000004897781999000374.38  
2016051400000400140000000004886972074000090.03  
2016051400000400140000000004886972204000450.14  
2016051400000400140000000004886972302000450.14  
2016051400000400140000000004886972304000076.97  
2016051400000400140000000004886972306000022.51  
2016051400000400140000000004886972308000076.97  
2016051400000400140000000004886972312000022.51  
2016051400000400140000000004886972999001849.49  
2016051400000400141000000004870962074000095.99  
2016051400000400141000000004870962204000479.95  
2016051400000400141000000004870962302000479.95  
2016051400000400141000000004870962304000082.07  
2016051400000400141000000004870962306000024.00  
2016051400000400141000000004870962308000082.07  
2016051400000400141000000004870962312000024.00  
2016051400000400141000000004870962999000857.86  
2016051400000400142000000003064016074000127.91  
2016051400000400142000000003064016204000639.53  
2016051400000400142000000003064016301000639.53  
2016051400000400142000000003064016303000109.36  
2016051400000400142000000003064016305000031.98  
2016051400000400142000000003064016307000109.36  
2016051400000400142000000003064016311000031.98  
2016051400000400142000000003064016999001704.20  
2016051400000400143000000003753027074000110.89  
2016051400000400143000000003753027204000554.47  
2016051400000400143000000003753027301000554.47  
2016051400000400143000000003753027303000094.81  
2016051400000400143000000003753027305000027.72  
2016051400000400143000000003753027307000094.81  
2016051400000400143000000003753027311000027.72  
2016051400000400143000000003753027999001366.51  
2016051400000400146000000003734545074000351.71  
2016051400000400146000000003734545204001758.54  
2016051400000400146000000003734545301001758.54  
2016051400000400146000000003734545303000300.71  
2016051400000400146000000003734545305000087.93  
2016051400000400146000000003734545307000300.71  
2016051400000400146000000003734545311000087.93  
2016051400000400146000000003734545327000045.85  
2016051400000400146000000003734545999001127.28  
2016051400000400201000000002991007074000384.98  
2016051400000400201000000002991007204001924.90  
2016051400000400201000000002991007302001924.90  
2016051400000400201000000002991007304000329.16  
2016051400000400201000000002991007306000096.25  
2016051400000400201000000002991007308000329.16  
2016051400000400201000000002991007312000096.25  
2016051400000400201000000002991007328000062.49  
2016051400000400201000000002991007999005836.93  
2016051400000400202000000000953021074000802.73  
2016051400000400202000000000953021204004013.65  
2016051400000400202000000000953021302004013.65  
2016051400000400202000000000953021304000686.33  
2016051400000400202000000000953021306000200.68  
2016051400000400202000000000953021308000686.33  
2016051400000400202000000000953021312000200.68  
2016051400000400202000000000953021328001541.83  
2016051400000400202000000000953021999008004.87  
2016051400000400203000000001069089074000770.40  
2016051400000400203000000001069089204003852.00  
2016051400000400203000000001069089302003852.00  
2016051400000400203000000001069089304000658.69  
2016051400000400203000000001069089306000192.60  
2016051400000400203000000001069089308000658.69  
2016051400000400203000000001069089312000192.60  
2016051400000400203000000001069089328001283.20  
2016051400000400203000000001069089999003877.47  
2016051400000400204000000003017631074000781.33  
2016051400000400204000000003017631204003906.65  
2016051400000400204000000003017631302003906.65  
2016051400000400204000000003017631304000668.04  
2016051400000400204000000003017631306000195.33  
2016051400000400204000000003017631308000668.04  
2016051400000400204000000003017631312000195.33  
2016051400000400204000000003017631328001370.63  
2016051400000400204000000003017631999001370.63  
2016051400000400205000000001893812074000770.40  
2016051400000400205000000001893812204003852.00  
2016051400000400205000000001893812301003852.00  
2016051400000400205000000001893812303000658.69  
2016051400000400205000000001893812305000192.60  
2016051400000400205000000001893812307000658.69  
2016051400000400205000000001893812311000192.60  
2016051400000400205000000001893812327001283.20  
2016051400000400205000000001893812999004629.56  
2016051400000400206000000003025505074000788.28  
2016051400000400206000000003025505204003941.42  
2016051400000400206000000003025505302003941.42  
2016051400000400206000000003025505304000673.98  
2016051400000400206000000003025505306000197.07  
2016051400000400206000000003025505308000673.98  
2016051400000400206000000003025505312000197.07  
2016051400000400206000000003025505328001426.27  
2016051400000400206000000003025505999005972.44  
2016051400000400207000000005198940074000514.57  
2016051400000400207000000005198940204002572.85  
2016051400000400207000000005198940301002572.85  
2016051400000400207000000005198940303000439.96  
2016051400000400207000000005198940305000128.64  
2016051400000400207000000005198940307000439.96  
2016051400000400207000000005198940311000128.64  
2016051400000400207000000005198940327000163.70  
2016051400000400207000000005198940999007970.35  
2016051400000400209000000004901227074000508.61  
2016051400000400209000000004901227204002543.04  
2016051400000400209000000004901227301002543.04  
2016051400000400209000000004901227303000434.86  
2016051400000400209000000004901227305000127.15  
2016051400000400209000000004901227307000434.86  
2016051400000400209000000004901227311000127.15  
2016051400000400209000000004901227327000145.82  
2016051400000400209000000004901227999000145.82  
2016051400000400210000000003621269074000537.42  
2016051400000400210000000003621269204002687.11  
2016051400000400210000000003621269301002687.11  
2016051400000400210000000003621269303000459.50  
2016051400000400210000000003621269305000134.36  
2016051400000400210000000003621269307000459.50  
2016051400000400210000000003621269311000134.36  
2016051400000400210000000003621269327000232.27  
2016051400000400210000000003621269999011853.13  
2016051400000400211000000004414796074000508.61  
2016051400000400211000000004414796204002543.04  
2016051400000400211000000004414796301002543.04  
2016051400000400211000000004414796303000434.86  
2016051400000400211000000004414796305000127.15  
2016051400000400211000000004414796307000434.86  
2016051400000400211000000004414796311000127.15  
2016051400000400211000000004414796327000145.82  
2016051400000400211000000004414796999005414.84  
2016051400000400212000000004411903074000503.64  
2016051400000400212000000004411903204002518.20  
2016051400000400212000000004411903302002518.20  
2016051400000400212000000004411903304000430.61  
2016051400000400212000000004411903306000125.91  
2016051400000400212000000004411903308000430.61  
2016051400000400212000000004411903312000125.91  
2016051400000400212000000004411903328000130.92  
2016051400000400212000000004411903999001207.80  
2016051400000400213000000005213524074000351.71  
2016051400000400213000000005213524204001758.54  
2016051400000400213000000005213524302001758.54  
2016051400000400213000000005213524304000300.71  
2016051400000400213000000005213524306000087.93  
2016051400000400213000000005213524308000300.71  
2016051400000400213000000005213524312000087.93  
2016051400000400213000000005213524328000045.85  
2016051400000400213000000005213524999006845.24  
2016051400000400217000000003778798074000343.14  
2016051400000400217000000003778798204001715.71  
2016051400000400217000000003778798301001715.71  
2016051400000400217000000003778798303000293.39  
2016051400000400217000000003778798305000085.79  
2016051400000400217000000003778798307000293.39  
2016051400000400217000000003778798311000085.79  
2016051400000400217000000003778798327000041.57  
2016051400000400217000000003778798999007470.16  
2016051400000400218000000002406485074000303.53  
2016051400000400218000000002406485204001517.65  
2016051400000400218000000002406485301001517.65  
2016051400000400218000000002406485303000259.52  
2016051400000400218000000002406485305000075.88  
2016051400000400218000000002406485307000259.52  
2016051400000400218000000002406485311000075.88  
2016051400000400218000000002406485327000021.76  
2016051400000400218000000002406485999001182.52  
2016051400000400219000000000810986001000127.11  
2016051400000400219000000000810986074000318.43  
2016051400000400219000000000810986204001592.17  
2016051400000400219000000000810986302001592.17  
2016051400000400219000000000810986304000272.26  
2016051400000400219000000000810986306000079.61  
2016051400000400219000000000810986308000272.26  
2016051400000400219000000000810986312000079.61  
2016051400000400219000000000810986328000029.22  
2016051400000400219000000000810986999001129.10  
2016051400000400221000000002900854074000503.64  
2016051400000400221000000002900854204002518.20  
2016051400000400221000000002900854302002518.20  
2016051400000400221000000002900854304000430.61  
2016051400000400221000000002900854306000125.91  
2016051400000400221000000002900854308000430.61  
2016051400000400221000000002900854312000125.91  
2016051400000400221000000002900854328000130.92  
2016051400000400221000000002900854999004498.07  
2016051400000400222000000002862575074000503.64  
2016051400000400222000000002862575204002518.20  
2016051400000400222000000002862575301002518.20  
2016051400000400222000000002862575303000430.61  
2016051400000400222000000002862575305000125.91  
2016051400000400222000000002862575307000430.61  
2016051400000400222000000002862575311000125.91  
2016051400000400222000000002862575327000130.92  
2016051400000400222000000002862575999000130.92  
2016051400000400225000000003314456074000230.05  
2016051400000400225000000003314456204001150.25  
2016051400000400225000000003314456301001150.25  
2016051400000400225000000003314456303000196.69  
2016051400000400225000000003314456305000057.51  
2016051400000400225000000003314456307000196.69  
2016051400000400225000000003314456311000057.51  
2016051400000400225000000003314456999003964.43  
2016051400000400226000000001930623074000253.73  
2016051400000400226000000001930623204001268.64  
2016051400000400226000000001930623302001268.64  
2016051400000400226000000001930623304000216.94  
2016051400000400226000000001930623306000063.43  
2016051400000400226000000001930623308000216.94  
2016051400000400226000000001930623312000063.43  
2016051400000400226000000001930623999001098.01  
2016051400000400227000000000936305074000282.54  
2016051400000400227000000000936305204001412.71  
2016051400000400227000000000936305301001412.71  
2016051400000400227000000000936305303000241.57  
2016051400000400227000000000936305305000070.64  
2016051400000400227000000000936305307000241.57  
2016051400000400227000000000936305311000070.64  
2016051400000400227000000000936305327000011.27  
2016051400000400227000000000936305999004055.90  
2016051400000400228000000005193215074000224.09  
2016051400000400228000000005193215204001120.44  
2016051400000400228000000005193215301001120.44  
2016051400000400228000000005193215303000191.60  
2016051400000400228000000005193215305000056.02  
2016051400000400228000000005193215307000191.60  
2016051400000400228000000005193215311000056.02  
2016051400000400228000000005193215999003548.95  
2016051400000400229000000004502182074000144.17  
2016051400000400229000000004502182204000720.84  
2016051400000400229000000004502182301000720.84  
2016051400000400229000000004502182303000123.26  
2016051400000400229000000004502182305000036.04  
2016051400000400229000000004502182307000123.26  
2016051400000400229000000004502182311000036.04  
2016051400000400229000000004502182999000448.34  
2016051400000400230000000003757088074000288.56  
2016051400000400230000000003757088204001442.82  
2016051400000400230000000003757088301001442.82  
2016051400000400230000000003757088303000246.72  
2016051400000400230000000003757088305000072.14  
2016051400000400230000000003757088307000246.72  
2016051400000400230000000003757088311000072.14  
2016051400000400230000000003757088327000014.28  
2016051400000400230000000003757088999005498.70  
2016051400000400231000000003131710074000351.09  
2016051400000400231000000003131710204001755.46  
2016051400000400231000000003131710301001755.46  
2016051400000400231000000003131710303000300.18  
2016051400000400231000000003131710305000087.77  
2016051400000400231000000003131710307000300.18  
2016051400000400231000000003131710311000087.77  
2016051400000400231000000003131710327000045.55  
2016051400000400231000000003131710999007461.51  
2016051400000400232000000002875093074000297.57  
2016051400000400232000000002875093204001487.84  
2016051400000400232000000002875093302001487.84  
2016051400000400232000000002875093304000254.42  
2016051400000400232000000002875093306000074.39  
2016051400000400232000000002875093308000254.42  
2016051400000400232000000002875093312000074.39  
2016051400000400232000000002875093328000018.78  
2016051400000400232000000002875093999000705.32  
2016051400000400233000000003622065074000326.38  
2016051400000400233000000003622065204001631.91  
2016051400000400233000000003622065301001631.91  
2016051400000400233000000003622065303000279.06  
2016051400000400233000000003622065305000081.60  
2016051400000400233000000003622065307000279.06  
2016051400000400233000000003622065311000081.60  
2016051400000400233000000003622065327000033.19  
2016051400000400233000000003622065999005190.70  
2016051400000400234000000004076151074000144.17  
2016051400000400234000000004076151204000720.84  
2016051400000400234000000004076151301000720.84  
2016051400000400234000000004076151303000123.26  
2016051400000400234000000004076151305000036.04  
2016051400000400234000000004076151307000123.26  
2016051400000400234000000004076151311000036.04  
2016051400000400234000000004076151999003012.19  
2016051400000400235000000003623123074000388.47  
2016051400000400235000000003623123204001942.36  
2016051400000400235000000003623123302001942.36  
2016051400000400235000000003623123304000332.14  
2016051400000400235000000003623123306000097.12  
2016051400000400235000000003623123308000332.14  
2016051400000400235000000003623123312000097.12  
2016051400000400235000000003623123328000064.24  
2016051400000400235000000003623123999003581.15  
2016051400000400236000000003742365074000181.07  
2016051400000400236000000003742365204000905.35  
2016051400000400236000000003742365301000905.35  
2016051400000400236000000003742365303000154.81  
2016051400000400236000000003742365305000045.27  
2016051400000400236000000003742365307000154.81  
2016051400000400236000000003742365311000045.27  
2016051400000400236000000003742365999001075.26  
2016051400000400237000000003596872074000139.20  
2016051400000400237000000003596872204000696.00  
2016051400000400237000000003596872301000696.00  
2016051400000400237000000003596872303000119.02  
2016051400000400237000000003596872305000034.80  
2016051400000400237000000003596872307000119.02  
2016051400000400237000000003596872311000034.80  
2016051400000400237000000003596872999000013.80  
2016051400000400238000000000998945074000157.26  
2016051400000400238000000000998945204000786.30  
2016051400000400238000000000998945301000786.30  
2016051400000400238000000000998945303000134.46  
2016051400000400238000000000998945305000039.32  
2016051400000400238000000000998945307000134.46  
2016051400000400238000000000998945311000039.32  
2016051400000400238000000000998945999000334.32  
2016051400000400239000000003124516074000346.74  
2016051400000400239000000003124516204001733.70  
2016051400000400239000000003124516302001733.70  
2016051400000400239000000003124516304000296.46  
2016051400000400239000000003124516306000086.69  
2016051400000400239000000003124516308000296.46  
2016051400000400239000000003124516312000086.69  
2016051400000400239000000003124516328000043.37  
2016051400000400239000000003124516999000077.27  
2016051400000400240000000002632315074000085.06  
2016051400000400240000000002632315204000425.30  
2016051400000400240000000002632315301000425.30  
2016051400000400240000000002632315303000072.73  
2016051400000400240000000002632315305000021.27  
2016051400000400240000000002632315307000072.73  
2016051400000400240000000002632315311000021.27  
2016051400000400240000000002632315999000033.62  
2016051400000400242000000006782273074000151.58  
2016051400000400242000000006782273204000757.92  
2016051400000400242000000006782273301000757.92  
2016051400000400242000000006782273303000129.60  
2016051400000400242000000006782273305000037.90  
2016051400000400242000000006782273307000129.60  
2016051400000400242000000006782273311000037.90  
2016051400000400243000000006096339074000132.42  
2016051400000400243000000006096339204000662.11  
2016051400000400243000000006096339302000662.11  
2016051400000400243000000006096339304000113.22  
2016051400000400243000000006096339306000033.11  
2016051400000400243000000006096339308000113.22  
2016051400000400243000000006096339312000033.11  
2016051400000400243000000006096339999000381.04  
2016051400000400244000000007962862074000121.28  
2016051400000400244000000007962862204000606.38  
2016051400000400244000000007962862301000606.38  
2016051400000400244000000007962862303000103.69  
2016051400000400244000000007962862305000030.32  
2016051400000400244000000007962862307000103.69  
2016051400000400244000000007962862311000030.32  
2016051400000400244000000007962862999000438.76  
2016051400000400245000000004200223074000153.31  
2016051400000400245000000004200223204000766.53  
2016051400000400245000000004200223302000766.53  
2016051400000400245000000004200223304000131.08  
2016051400000400245000000004200223306000038.33  
2016051400000400245000000004200223308000131.08  
2016051400000400245000000004200223312000038.33  
2016051400000400245000000004200223999003945.68  
2016051400000400246000000004181581074000130.35  
2016051400000400246000000004181581204000651.73  
2016051400000400246000000004181581302000651.73  
2016051400000400246000000004181581304000111.45  
2016051400000400246000000004181581306000032.59  
2016051400000400246000000004181581308000111.45  
2016051400000400246000000004181581312000032.59  
2016051400000400247000000010810697074000128.96  
2016051400000400247000000010810697204000644.82  
2016051400000400247000000010810697302000644.82  
2016051400000400247000000010810697304000110.26  
2016051400000400247000000010810697306000032.24  
2016051400000400247000000010810697308000110.26  
2016051400000400247000000010810697312000032.24  
2016051400000400248000000009267511074000131.92  
2016051400000400248000000009267511204000659.58  
2016051400000400248000000009267511302000659.58  
2016051400000400248000000009267511304000112.79  
2016051400000400248000000009267511306000032.98  
2016051400000400248000000009267511308000112.79  
2016051400000400248000000009267511312000032.98  
2016051400000400249000000004202022074000128.65  
2016051400000400249000000004202022204000643.25  
2016051400000400249000000004202022302000643.25  
2016051400000400249000000004202022304000110.00  
2016051400000400249000000004202022306000032.16  
2016051400000400249000000004202022308000110.00  
2016051400000400249000000004202022312000032.16  
2016051400000400250000000007596741074000101.38  
2016051400000400250000000007596741204000506.89  
2016051400000400250000000007596741302000506.89  
2016051400000400250000000007596741304000086.68  
2016051400000400250000000007596741306000025.34  
2016051400000400250000000007596741308000086.68  
2016051400000400250000000007596741312000025.34  
2016051400000400252000000004215029074000105.10  
2016051400000400252000000004215029204000525.51  
2016051400000400252000000004215029301000525.51  
2016051400000400252000000004215029303000089.86  
2016051400000400252000000004215029305000026.28  
2016051400000400252000000004215029307000089.86  
2016051400000400252000000004215029311000026.28  
2016051400000400253000000004213033074000103.77  
2016051400000400253000000004213033204000518.87  
2016051400000400253000000004213033301000518.87  
2016051400000400253000000004213033303000088.73  
2016051400000400253000000004213033305000025.94  
2016051400000400253000000004213033307000088.73  
2016051400000400253000000004213033311000025.94  
2016051400000400253000000004213033999000016.57  
2016051400000400254000000005476332074000110.14  
2016051400000400254000000005476332204000550.68  
2016051400000400254000000005476332301000550.68  
2016051400000400254000000005476332303000094.17  
2016051400000400254000000005476332305000027.53  
2016051400000400254000000005476332307000094.17  
2016051400000400254000000005476332311000027.53  
2016051400000400255000000007779101074000102.07  
2016051400000400255000000007779101204000510.36  
2016051400000400255000000007779101301000510.36  
2016051400000400255000000007779101303000087.27  
2016051400000400255000000007779101305000025.52  
2016051400000400255000000007779101307000087.27  
2016051400000400255000000007779101311000025.52  
2016051400000400255000000007779101999000029.43  
2016051400000400256000000004203445074000104.62  
2016051400000400256000000004203445204000523.12  
2016051400000400256000000004203445302000523.12  
2016051400000400256000000004203445304000089.45  
2016051400000400256000000004203445306000026.16  
2016051400000400256000000004203445308000089.45  
2016051400000400256000000004203445312000026.16  
2016051400000400257000000008401656074000102.07  
2016051400000400257000000008401656204000510.36  
2016051400000400257000000008401656301000510.36  
2016051400000400257000000008401656303000087.27  
2016051400000400257000000008401656305000025.52  
2016051400000400257000000008401656307000087.27  
2016051400000400257000000008401656311000025.52  
2016051400000400257000000008401656999000033.74  
2016051400000400258000000004417820074000104.62  
2016051400000400258000000004417820204000523.12  
2016051400000400258000000004417820302000523.12  
2016051400000400258000000004417820304000089.45  
2016051400000400258000000004417820306000026.16  
2016051400000400258000000004417820308000089.45  
2016051400000400258000000004417820312000026.16  
2016051400000400259000000004851683074000195.92  
2016051400000400259000000004851683204000979.60  
2016051400000400259000000004851683302000979.60  
2016051400000400259000000004851683304000167.51  
2016051400000400259000000004851683306000048.98  
2016051400000400259000000004851683308000167.51  
2016051400000400259000000004851683312000048.98  
2016051400000400261000000003023880074000270.68  
2016051400000400261000000003023880204001353.40  
2016051400000400261000000003023880302001353.40  
2016051400000400261000000003023880304000231.43  
2016051400000400261000000003023880306000067.67  
2016051400000400261000000003023880308000231.43  
2016051400000400261000000003023880312000067.67  
2016051400000400261000000003023880328000005.34  
2016051400000400261000000003023880999000016.64  
2016051400000400262000000009269387074000145.49  
2016051400000400262000000009269387204000727.45  
2016051400000400262000000009269387302000727.45  
2016051400000400262000000009269387304000124.39  
2016051400000400262000000009269387306000036.37  
2016051400000400262000000009269387308000124.39  
2016051400000400262000000009269387312000036.37  
