20160514000004000000000000001301010000000000005237.5100000000
20160514000004000000000000002901010000000000003320.7400000000
20160514000004000000000855279301010000000000000550.0000000000
20160514000004000000004800059201010000000000000500.0000000000
20160514000004000000005179460301010000000000000350.0000000000
20160514000004000000160130029301010000000000004968.0000000000
20160514000004000000168206024201010000000000001656.0000000000
20160514000004000000168206024901010000000000003312.0000000000
20160514000004000001006803028301010000000000002910.1900000000
20160514000004000001006803028301010000000000211658.5500000000
20160514000004000001022913028301010000000000209842.8600000000
20160514000004000001023013022301010000003982176063.6800000000
20160514000004000001028339025301010000000000006311.1200000000
20160514000004000001028339025301010000000000128997.0000000000
20160514000004000001028415020301010000000000066940.0000000000
20160514000004000001028415020301010000000000122007.8500000000
