20160514000004002490000000042020221100000111400000536.04  
20160514000004002490000000042020221100000111700005027.00  
20160514000004002490000000042020221100000111910001405.47  
20160514000004002490000000042020221100000113110000643.25  
20160514000004002490000000042020221100000113120000110.00  
20160514000004002490000000042020221100000113131000192.97  
20160514000004002490000000042020221100000113200000128.65  
20160514000004000120000000044701020900000111220000248.40  
20160514000004000120000000044701020900000111400001359.10  
20160514000004000120000000044701020900000111600001656.00  
20160514000004000120000000044701020900000111700016060.80  
20160514000004000120000000044701020900000113110001630.92  
20160514000004000120000000044701020900000113120000278.89  
20160514000004000120000000044701020900000113131000489.28  
20160514000004000120000000044701020900000113200000326.18  
20160514000004000940000000061440980900000111400000580.00  
20160514000004000940000000061440980900000111600001656.00  
20160514000004000940000000061440980900000111700006960.00  
20160514000004000940000000061440980900000113110000696.00  
20160514000004000940000000061440980900000113120000119.02  
20160514000004000940000000061440980900000113131000208.80  
20160514000004000940000000061440980900000113200000139.20  
20160514000004000540000000030812510900000111220001689.12  
20160514000004000540000000030812510900000111400001053.76  
20160514000004000540000000030812510900000111700010956.00  
20160514000004000540000000030812510900000113110001264.51  
20160514000004000540000000030812510900000113120000216.23  
20160514000004000540000000030812510900000113131000379.35  
20160514000004000540000000030812510900000113200000252.90  
20160514000004002400000000026323150900000111400000354.42  
20160514000004002400000000026323150900000111700004253.00  
20160514000004002400000000026323150900000113110000425.30  
20160514000004002400000000026323150900000113120000072.73  
20160514000004002400000000026323150900000113131000127.59  
20160514000004002400000000026323150900000113200000085.06  
20160514000004000900000000045103950900000111220000248.40  
20160514000004000900000000045103950900000111400000600.70  
20160514000004000900000000045103950900000111700006960.00  
20160514000004000900000000045103950900000113110000720.84  
20160514000004000900000000045103950900000113120000123.26  
20160514000004000900000000045103950900000113131000216.25  
20160514000004000900000000045103950900000113200000144.17  
20160514000004000440000000009521341000000111220002086.56  
20160514000004000440000000009521341000000111400001301.71  
20160514000004000440000000009521341000000111700013534.00  
20160514000004000440000000009521341000000113110001562.06  
20160514000004000440000000009521341000000113120000267.11  
20160514000004000440000000009521341000000113131000468.62  
20160514000004000440000000009521341000000113200000312.41  
20160514000004000280000000030994141100000111220000546.48  
20160514000004000280000000030994141100000111310002926.00  
20160514000004000280000000030994141100000111400001508.54  
20160514000004000280000000030994141100000111700014630.00  
20160514000004000280000000030994141100000113110001810.25  
20160514000004000280000000030994141100000113120000309.55  
20160514000004000280000000030994141100000113131000543.07  
20160514000004000280000000030994141100000113200000362.05  
20160514000004002370000000035968720900000111400000580.00  
20160514000004002370000000035968720900000111700006960.00  
20160514000004002370000000035968720900000113110000696.00  
20160514000004002370000000035968720900000113120000119.02  
20160514000004002370000000035968720900000113131000208.80  
20160514000004002370000000035968720900000113200000139.20  
20160514000004002190000000008109860900000111220001291.68  
20160514000004002190000000008109860900000111400001326.81  
20160514000004002190000000008109860900000111700014630.00  
20160514000004002190000000008109860900000113110001592.17  
20160514000004002190000000008109860900000113120000272.26  
20160514000004002190000000008109860900000113131000477.65  
20160514000004002190000000008109860900000113200000318.43  
20160514000004001150000000043297891100000111220001689.12  
20160514000004001150000000043297891100000111310001147.20  
20160514000004001150000000043297891100000111400000871.30  
20160514000004001150000000043297891100000111600001656.00  
20160514000004001150000000043297891100000111700005736.00  
20160514000004001150000000043297891100000111910001883.32  
20160514000004001150000000043297891100000113110001045.56  
20160514000004001150000000043297891100000113120000178.79  
20160514000004001150000000043297891100000113131000313.67  
20160514000004001150000000043297891100000113200000209.11  
20160514000004002180000000024064850900000111220000546.48  
20160514000004002180000000024064850900000111400001264.71  
20160514000004002180000000024064850900000111700014630.00  
20160514000004002180000000024064850900000113110001517.65  
20160514000004002180000000024064850900000113120000259.52  
20160514000004002180000000024064850900000113131000455.29  
20160514000004002180000000024064850900000113200000303.53  
20160514000004002250000000033144560900000111220000546.48  
20160514000004002250000000033144560900000111400000958.54  
20160514000004002250000000033144560900000111700010956.00  
20160514000004002250000000033144560900000113110001150.25  
20160514000004002250000000033144560900000113120000196.69  
20160514000004002250000000033144560900000113131000345.07  
20160514000004002250000000033144560900000113200000230.05  
20160514000004002350000000036231231000000111220002086.56  
20160514000004002350000000036231231000000111400001618.63  
20160514000004002350000000036231231000000111700017337.00  
20160514000004002350000000036231231000000113110001942.36  
20160514000004002350000000036231231000000113120000332.14  
20160514000004002350000000036231231000000113131000582.71  
20160514000004002350000000036231231000000113200000388.47  
20160514000004002590000000048516830900000111400000816.33  
20160514000004002590000000048516830900000111700009796.00  
20160514000004002590000000048516830900000113110000979.60  
20160514000004002590000000048516830900000113120000167.51  
20160514000004002590000000048516830900000113131000293.88  
20160514000004002590000000048516830900000113200000195.92  
20160514000004001220000000017642751100000111220000546.48  
20160514000004001220000000017642751100000111310001005.40  
20160514000004001220000000017642751100000111400000571.28  
20160514000004001220000000017642751100000111700005027.00  
20160514000004001220000000017642751100000111910000276.49  
20160514000004001220000000017642751100000113110000685.54  
20160514000004001220000000017642751100000113120000117.23  
20160514000004001220000000017642751100000113131000205.66  
20160514000004001220000000017642751100000113200000137.11  
20160514000004000290000000037708311100000111220001291.68  
20160514000004000290000000037708311100000111310002926.00  
20160514000004000290000000037708311100000111400001570.64  
20160514000004000290000000037708311100000111700014630.00  
20160514000004000290000000037708311100000113110001884.77  
20160514000004000290000000037708311100000113120000322.30  
20160514000004000290000000037708311100000113131000565.43  
20160514000004000290000000037708311100000113200000376.95  
20160514000004000560000000051699641000000111220000248.40  
20160514000004000560000000051699641000000111400000933.70  
20160514000004000560000000051699641000000111700010956.00  
20160514000004000560000000051699641000000113110001120.44  
20160514000004000560000000051699641000000113120000191.60  
20160514000004000560000000051699641000000113131000336.13  
20160514000004000560000000051699641000000113200000224.09  
20160514000004002110000000044147960900000111220000248.40  
20160514000004002110000000044147960900000111400002119.20  
20160514000004002110000000044147960900000111700025182.00  
20160514000004002110000000044147960900000113110002543.04  
20160514000004002110000000044147960900000113120000434.86  
20160514000004002110000000044147960900000113131000762.91  
20160514000004002110000000044147960900000113200000508.61  
20160514000004002570000000084016561100000111310000850.60  
20160514000004002570000000084016561100000111400000425.30  
20160514000004002570000000084016561100000111700004253.00  
20160514000004002570000000084016561100000113110000510.36  
20160514000004002570000000084016561100000113120000087.27  
20160514000004002570000000084016561100000113131000153.11  
20160514000004002570000000084016561100000113200000102.07  
20160514000004001160000000035049721100000111220001689.12  
20160514000004001160000000035049721100000111310001147.20  
20160514000004001160000000035049721100000111400000890.32  
20160514000004001160000000035049721100000111700005736.00  
20160514000004001160000000035049721100000111910002111.57  
20160514000004001160000000035049721100000113110001068.39  
20160514000004001160000000035049721100000113120000182.69  
20160514000004001160000000035049721100000113131000320.52  
20160514000004001160000000035049721100000113200000213.68  
20160514000004000650000000044144611100000111220000546.48  
20160514000004000650000000044144611100000111310001959.20  
20160514000004000650000000044144611100000111400001025.14  
20160514000004000650000000044144611100000111700009796.00  
20160514000004000650000000044144611100000113110001230.17  
20160514000004000650000000044144611100000113120000210.36  
20160514000004000650000000044144611100000113131000369.05  
20160514000004000650000000044144611100000113200000246.03  
20160514000004000570000000030128040900000111220000248.40  
20160514000004000570000000030128040900000111400000933.70  
20160514000004000570000000030128040900000111700010956.00  
20160514000004000570000000030128040900000113110001120.44  
20160514000004000570000000030128040900000113120000191.60  
20160514000004000570000000030128040900000113131000336.13  
20160514000004000570000000030128040900000113200000224.09  
20160514000004001170000000037549901100000111220001689.12  
20160514000004001170000000037549901100000111310001147.20  
20160514000004001170000000037549901100000111400000866.42  
20160514000004001170000000037549901100000111700005736.00  
20160514000004001170000000037549901100000111910001824.77  
20160514000004001170000000037549901100000113110001039.71  
20160514000004001170000000037549901100000113120000177.79  
20160514000004001170000000037549901100000113131000311.91  
20160514000004001170000000037549901100000113200000207.94  
20160514000004000740000000052918901100000111220000248.40  
20160514000004000740000000052918901100000111310001701.40  
20160514000004000740000000052918901100000111400000871.40  
20160514000004000740000000052918901100000111700008507.00  
20160514000004000740000000052918901100000113110001045.68  
20160514000004000740000000052918901100000113120000178.81  
20160514000004000740000000052918901100000113131000313.70  
20160514000004000740000000052918901100000113200000209.14  
20160514000004002300000000037570881100000111220000894.24  
20160514000004002300000000037570881100000111400001202.35  
20160514000004002300000000037570881100000111700013534.00  
20160514000004002300000000037570881100000113110001442.82  
20160514000004002300000000037570881100000113120000246.72  
20160514000004002300000000037570881100000113131000432.85  
20160514000004002300000000037570881100000113200000288.56  
20160514000004000750000000040131221000000111220000248.40  
20160514000004000750000000040131221000000111400000729.62  
20160514000004000750000000040131221000000111700008507.00  
20160514000004000750000000040131221000000113110000875.54  
20160514000004000750000000040131221000000113120000149.72  
20160514000004000750000000040131221000000113131000262.66  
20160514000004000750000000040131221000000113200000175.11  
20160514000004002340000000040761511100000111220000248.40  
20160514000004002340000000040761511100000111400000600.70  
20160514000004002340000000040761511100000111700006960.00  
20160514000004002340000000040761511100000113110000720.84  
20160514000004002340000000040761511100000113120000123.26  
20160514000004002340000000040761511100000113131000216.25  
20160514000004002340000000040761511100000113200000144.17  
20160514000004001230000000034170501100000111220000546.48  
20160514000004001230000000034170501100000111310001005.40  
20160514000004001230000000034170501100000111400000670.77  
20160514000004001230000000034170501100000111700005027.00  
20160514000004001230000000034170501100000111910001470.40  
20160514000004001230000000034170501100000113110000804.93  
20160514000004001230000000034170501100000113120000137.64  
20160514000004001230000000034170501100000113131000241.48  
20160514000004001230000000034170501100000113200000160.99  
20160514000004000470000000035904831000000111220000546.48  
20160514000004000470000000035904831000000111400001173.37  
20160514000004000470000000035904831000000111700013534.00  
20160514000004000470000000035904831000000113110001408.05  
20160514000004000470000000035904831000000113120000240.78  
20160514000004000470000000035904831000000113131000422.41  
20160514000004000470000000035904831000000113200000281.61  
20160514000004000580000000044506571000000111220000248.40  
20160514000004000580000000044506571000000111400000933.70  
20160514000004000580000000044506571000000111700010956.00  
20160514000004000580000000044506571000000113110001120.44  
20160514000004000580000000044506571000000113120000191.60  
20160514000004000580000000044506571000000113131000336.13  
20160514000004000580000000044506571000000113200000224.09  
20160514000004001380000000036936201000000111220001291.68  
20160514000004001380000000036936201000000111310000850.60  
20160514000004001380000000036936201000000111400000532.94  
20160514000004001380000000036936201000000111700004253.00  
20160514000004001380000000036936201000000113110000639.53  
20160514000004001380000000036936201000000113120000109.36  
20160514000004001380000000036936201000000113131000191.86  
20160514000004001380000000036936201000000113200000127.91  
20160514000004001010000000013705021100000111220002086.56  
20160514000004001010000000013705021100000111310001263.20  
20160514000004001010000000013705021100000111400000805.48  
20160514000004001010000000013705021100000111700006316.00  
20160514000004001010000000013705021100000113110000966.58  
20160514000004001010000000013705021100000113120000165.28  
20160514000004001010000000013705021100000113131000289.97  
20160514000004001010000000013705021100000113200000193.32  
20160514000004001020000000026926041100000111220001689.12  
20160514000004001020000000026926041100000111310001263.20  
20160514000004001020000000026926041100000111400000814.47  
20160514000004001020000000026926041100000111700006316.00  
20160514000004001020000000026926041100000111910000505.28  
20160514000004001020000000026926041100000113110000977.36  
20160514000004001020000000026926041100000113120000167.13  
20160514000004001020000000026926041100000113131000293.21  
20160514000004001020000000026926041100000113200000195.47  
20160514000004001310000000073198331100000111310001005.40  
20160514000004001310000000073198331100000111400000523.12  
20160514000004001310000000073198331100000111700005027.00  
20160514000004001310000000073198331100000111910000245.07  
20160514000004001310000000073198331100000113110000627.75  
20160514000004001310000000073198331100000113120000107.34  
20160514000004001310000000073198331100000113131000188.32  
20160514000004001310000000073198331100000113200000125.55  
20160514000004000920000000029143441100000111220002086.56  
20160514000004000920000000029143441100000111310001392.00  
20160514000004000920000000029143441100000111400000913.38  
20160514000004000920000000029143441100000111700006960.00  
20160514000004000920000000029143441100000111910000522.00  
20160514000004000920000000029143441100000113110001096.06  
20160514000004000920000000029143441100000113120000187.43  
20160514000004000920000000029143441100000113131000328.82  
20160514000004000920000000029143441100000113200000219.21  
20160514000004002130000000052135240900000111220000248.40  
20160514000004002130000000052135240900000111400001465.45  
20160514000004002130000000052135240900000111700017337.00  
20160514000004002130000000052135240900000113110001758.54  
20160514000004002130000000052135240900000113120000300.71  
20160514000004002130000000052135240900000113131000527.56  
20160514000004002130000000052135240900000113200000351.71  
20160514000004002530000000042130331100000111310000850.60  
20160514000004002530000000042130331100000111400000432.39  
20160514000004002530000000042130331100000111700004253.00  
20160514000004002530000000042130331100000111910000085.06  
20160514000004002530000000042130331100000113110000518.87  
20160514000004002530000000042130331100000113120000088.73  
20160514000004002530000000042130331100000113131000155.66  
20160514000004002530000000042130331100000113200000103.77  
20160514000004001030000000009599340900000111220002484.00  
20160514000004001030000000009599340900000111400000733.33  
20160514000004001030000000009599340900000111700006316.00  
20160514000004001030000000009599340900000113110000880.00  
20160514000004001030000000009599340900000113120000150.48  
20160514000004001030000000009599340900000113131000264.00  
20160514000004001030000000009599340900000113200000176.00  
20160514000004002580000000044178201100000111310000850.60  
20160514000004002580000000044178201100000111400000435.93  
20160514000004002580000000044178201100000111700004253.00  
20160514000004002580000000044178201100000111910000127.59  
20160514000004002580000000044178201100000113110000523.12  
20160514000004002580000000044178201100000113120000089.45  
20160514000004002580000000044178201100000113131000156.94  
20160514000004002580000000044178201100000113200000104.62  
20160514000004001240000000037862621100000111220001291.68  
20160514000004001240000000037862621100000111310001005.40  
20160514000004001240000000037862621100000111400000625.00  
20160514000004001240000000037862621100000111700005027.00  
20160514000004001240000000037862621100000111910000175.95  
20160514000004001240000000037862621100000113110000750.00  
20160514000004001240000000037862621100000113120000128.25  
20160514000004001240000000037862621100000113131000225.00  
20160514000004001240000000037862621100000113200000150.00  
20160514000004000090000000028683471000000111220000894.24  
20160514000004000090000000028683471000000111400001519.27  
20160514000004000090000000028683471000000111700017337.00  
20160514000004000090000000028683471000000113110001823.12  
20160514000004000090000000028683471000000113120000311.75  
20160514000004000090000000028683471000000113131000546.94  
20160514000004000090000000028683471000000113200000364.62  
20160514000004000100000000031374600900000111220001689.12  
20160514000004000100000000031374600900000111400001585.51  
20160514000004000100000000031374600900000111700017337.00  
20160514000004000100000000031374600900000113110001902.61  
20160514000004000100000000031374600900000113120000325.35  
20160514000004000100000000031374600900000113131000570.78  
20160514000004000100000000031374600900000113200000380.52  
20160514000004000760000000064666681100000111220000248.40  
20160514000004000760000000064666681100000111310001701.40  
20160514000004000760000000064666681100000111400000871.40  
20160514000004000760000000064666681100000111700008507.00  
20160514000004000760000000064666681100000113110001045.68  
20160514000004000760000000064666681100000113120000178.81  
20160514000004000760000000064666681100000113131000313.70  
20160514000004000760000000064666681100000113200000209.14  
20160514000004000930000000030781101100000111220001689.12  
20160514000004000930000000030781101100000111310001392.00  
20160514000004000930000000030781101100000111400001062.84  
20160514000004000930000000030781101100000111700006960.00  
20160514000004000930000000030781101100000111910002712.95  
20160514000004000930000000030781101100000113110001275.41  
20160514000004000930000000030781101100000113120000218.09  
20160514000004000930000000030781101100000113131000382.62  
20160514000004000930000000030781101100000113200000255.08  
20160514000004001250000000088545261100000111220000248.40  
20160514000004001250000000088545261100000111310001005.40  
20160514000004001250000000088545261100000111400000646.81  
20160514000004001250000000088545261100000111600001656.00  
20160514000004001250000000088545261100000111700005027.00  
20160514000004001250000000088545261100000111910001480.87  
20160514000004001250000000088545261100000113110000776.17  
20160514000004001250000000088545261100000113120000132.72  
20160514000004001250000000088545261100000113131000232.85  
20160514000004001250000000088545261100000113200000155.23  
20160514000004002270000000009363050900000111220001689.12  
20160514000004002270000000009363050900000111400001177.26  
20160514000004002270000000009363050900000111700012438.00  
20160514000004002270000000009363050900000113110001412.71  
20160514000004002270000000009363050900000113120000241.57  
20160514000004002270000000009363050900000113131000423.81  
20160514000004002270000000009363050900000113200000282.54  
20160514000004001260000000051518861100000111220000546.48  
20160514000004001260000000051518861100000111310001005.40  
20160514000004001260000000051518861100000111400000586.73  
20160514000004001260000000051518861100000111700005027.00  
20160514000004001260000000051518861100000111910000461.86  
20160514000004001260000000051518861100000113110000704.07  
20160514000004001260000000051518861100000113120000120.40  
20160514000004001260000000051518861100000113131000211.22  
20160514000004001260000000051518861100000113200000140.81  
20160514000004000820000000028997750900000111220000248.40  
20160514000004000820000000028997750900000111400000675.95  
20160514000004000820000000028997750900000111700007863.00  
20160514000004000820000000028997750900000113110000811.14  
20160514000004000820000000028997750900000113120000138.70  
20160514000004000820000000028997750900000113131000243.34  
20160514000004000820000000028997750900000113200000162.23  
20160514000004002330000000036220651200000111220001689.12  
20160514000004002330000000036220651200000111400001359.93  
20160514000004002330000000036220651200000111700014630.00  
20160514000004002330000000036220651200000113110001631.91  
20160514000004002330000000036220651200000113120000279.06  
20160514000004002330000000036220651200000113131000489.57  
20160514000004002330000000036220651200000113200000326.38  
20160514000004000660000000051617001100000111220000248.40  
20160514000004000660000000051617001100000111310001959.20  
20160514000004000660000000051617001100000111400001000.30  
20160514000004000660000000051617001100000111700009796.00  
20160514000004000660000000051617001100000113110001200.36  
20160514000004000660000000051617001100000113120000205.26  
20160514000004000660000000051617001100000113131000360.11  
20160514000004000660000000051617001100000113200000240.07  
20160514000004001270000000045380110900000111220000248.40  
20160514000004001270000000045380110900000111400000439.62  
20160514000004001270000000045380110900000111700005027.00  
20160514000004001270000000045380110900000113110000527.54  
20160514000004001270000000045380110900000113120000090.21  
20160514000004001270000000045380110900000113131000158.26  
20160514000004001270000000045380110900000113200000105.51  
20160514000004002260000000019306230900000111220000248.40  
20160514000004002260000000019306230900000111400001057.20  
20160514000004002260000000019306230900000111700012438.00  
20160514000004002260000000019306230900000113110001268.64  
20160514000004002260000000019306230900000113120000216.94  
20160514000004002260000000019306230900000113131000380.59  
20160514000004002260000000019306230900000113200000253.73  
20160514000004000950000000064310240900000111220000248.40  
20160514000004000950000000064310240900000111400000600.70  
20160514000004000950000000064310240900000111700006960.00  
20160514000004000950000000064310240900000113110000720.84  
20160514000004000950000000064310240900000113120000123.26  
20160514000004000950000000064310240900000113131000216.25  
20160514000004000950000000064310240900000113200000144.17  
20160514000004001040000000017606861100000111220001291.68  
20160514000004001040000000017606861100000111310001263.20  
20160514000004001040000000017606861100000111400000739.24  
20160514000004001040000000017606861100000111700006316.00  
20160514000004001040000000017606861100000113110000887.09  
20160514000004001040000000017606861100000113120000151.69  
20160514000004001040000000017606861100000113131000266.13  
20160514000004001040000000017606861100000113200000177.42  
20160514000004001180000000034820631100000111220002086.56  
20160514000004001180000000034820631100000111310001147.20  
20160514000004001180000000034820631100000111400000909.10  
20160514000004001180000000034820631100000111700005736.00  
20160514000004001180000000034820631100000111910001939.49  
20160514000004001180000000034820631100000113110001090.93  
20160514000004001180000000034820631100000113120000186.55  
20160514000004001180000000034820631100000113131000327.28  
20160514000004001180000000034820631100000113200000218.19  
20160514000004002560000000042034451100000111310000850.60  
20160514000004002560000000042034451100000111400000435.93  
20160514000004002560000000042034451100000111700004253.00  
20160514000004002560000000042034451100000111910000127.59  
20160514000004002560000000042034451100000113110000523.12  
20160514000004002560000000042034451100000113120000089.45  
20160514000004002560000000042034451100000113131000156.94  
20160514000004002560000000042034451100000113200000104.62  
20160514000004002420000000067822731100000111310001263.20  
20160514000004002420000000067822731100000111400000631.60  
20160514000004002420000000067822731100000111700006316.00  
20160514000004002420000000067822731100000113110000757.92  
20160514000004002420000000067822731100000113120000129.60  
20160514000004002420000000067822731100000113131000227.38  
20160514000004002420000000067822731100000113200000151.58  
20160514000004001190000000048000591100000111220000894.24  
20160514000004001190000000048000591100000111310001147.20  
20160514000004001190000000048000591100000111400000652.90  
20160514000004001190000000048000591100000111700005736.00  
20160514000004001190000000048000591100000111910000057.36  
20160514000004001190000000048000591100000113110000783.48  
20160514000004001190000000048000591100000113120000133.98  
20160514000004001190000000048000591100000113131000235.04  
20160514000004001190000000048000591100000113200000156.70  
20160514000004000960000000030993041100000111220000248.40  
20160514000004000960000000030993041100000111310001392.00  
20160514000004000960000000030993041100000111400000716.70  
20160514000004000960000000030993041100000111700006960.00  
20160514000004000960000000030993041100000113110000860.04  
20160514000004000960000000030993041100000113120000147.07  
20160514000004000960000000030993041100000113131000258.01  
20160514000004000960000000030993041100000113200000172.01  
20160514000004001050000000008031310900000111220002484.00  
20160514000004001050000000008031310900000111400000733.33  
20160514000004001050000000008031310900000111700006316.00  
20160514000004001050000000008031310900000113110000880.00  
20160514000004001050000000008031310900000113131000264.00  
20160514000004001050000000008031310900000113200000176.00  
20160514000004002500000000075967411100000111400000422.41  
20160514000004002500000000075967411100000111700005027.00  
20160514000004002500000000075967411100000111910000041.89  
20160514000004002500000000075967411100000113110000506.89  
20160514000004002500000000075967411100000113120000086.68  
20160514000004002500000000075967411100000113131000152.07  
20160514000004002500000000075967411100000113200000101.38  
20160514000004002090000000049012270900000111220000248.40  
20160514000004002090000000049012270900000111400002119.20  
20160514000004002090000000049012270900000111700025182.00  
20160514000004002090000000049012270900000113110002543.04  
20160514000004002090000000049012270900000113120000434.86  
20160514000004002090000000049012270900000113131000762.91  
20160514000004002090000000049012270900000113200000508.61  
20160514000004002470000000108106971100000111400000537.35  
20160514000004002470000000108106971100000111700005027.00  
20160514000004002470000000108106971100000111910001421.18  
20160514000004002470000000108106971100000113110000644.82  
20160514000004002470000000108106971100000113120000110.26  
20160514000004002470000000108106971100000113131000193.45  
20160514000004002470000000108106971100000113200000128.96  
20160514000004000680000000048841640900000111220000546.48  
20160514000004000680000000048841640900000111400000861.87  
20160514000004000680000000048841640900000111600001656.00  
20160514000004000680000000048841640900000111700009796.00  
20160514000004000680000000048841640900000113110001034.25  
20160514000004000680000000048841640900000113120000176.86  
20160514000004000680000000048841640900000113131000310.27  
20160514000004000680000000048841640900000113200000206.85  
20160514000004000840000000028792790900000111220001689.12  
20160514000004000840000000028792790900000111400000796.01  
20160514000004000840000000028792790900000111700007863.00  
20160514000004000840000000028792790900000113110000955.21  
20160514000004000840000000028792790900000113120000163.34  
20160514000004000840000000028792790900000113131000286.56  
20160514000004000840000000028792790900000113200000191.04  
20160514000004000850000000064730211000000111220000248.40  
20160514000004000850000000064730211000000111400000675.95  
20160514000004000850000000064730211000000111700007863.00  
20160514000004000850000000064730211000000113110000811.14  
20160514000004000850000000064730211000000113120000138.70  
20160514000004000850000000064730211000000113131000243.34  
20160514000004000850000000064730211000000113200000162.23  
20160514000004001390000000048977811100000111220000248.40  
20160514000004001390000000048977811100000111310000850.60  
20160514000004001390000000048977811100000111400000478.34  
20160514000004001390000000048977811100000111700004253.00  
20160514000004001390000000048977811100000111910000388.09  
20160514000004001390000000048977811100000113110000574.01  
20160514000004001390000000048977811100000113120000098.16  
20160514000004001390000000048977811100000113131000172.20  
20160514000004001390000000048977811100000113200000114.80  
20160514000004000320000000037688620900000111220000546.48  
20160514000004000320000000037688620900000111400001264.71  
20160514000004000320000000037688620900000111700014630.00  
20160514000004000320000000037688620900000113110001517.65  
20160514000004000320000000037688620900000113120000259.52  
20160514000004000320000000037688620900000113131000455.29  
20160514000004000320000000037688620900000113200000303.53  
20160514000004001060000000020457010900000111220002484.00  
20160514000004001060000000020457010900000111400000733.33  
20160514000004001060000000020457010900000111700006316.00  
20160514000004001060000000020457010900000113110000880.00  
20160514000004001060000000020457010900000113120000150.48  
20160514000004001060000000020457010900000113131000264.00  
20160514000004001060000000020457010900000113200000176.00  
20160514000004001460000000037345451000000111220000248.40  
20160514000004001460000000037345451000000111400001465.45  
20160514000004001460000000037345451000000111700017337.00  
20160514000004001460000000037345451000000113110001758.54  
20160514000004001460000000037345451000000113120000300.71  
20160514000004001460000000037345451000000113131000527.56  
20160514000004001460000000037345451000000113200000351.71  
20160514000004000340000000052702481200000111220000248.40  
20160514000004000340000000052702481200000111400001239.87  
20160514000004000340000000052702481200000111700014630.00  
20160514000004000340000000052702481200000113110001487.84  
20160514000004000340000000052702481200000113120000254.42  
20160514000004000340000000052702481200000113131000446.35  
20160514000004000340000000052702481200000113200000297.57  
20160514000004001400000000048869720900000111220000248.40  
20160514000004001400000000048869720900000111400000375.12  
20160514000004001400000000048869720900000111700004253.00  
20160514000004001400000000048869720900000113110000450.14  
20160514000004001400000000048869720900000113120000076.97  
20160514000004001400000000048869720900000113131000135.04  
20160514000004001400000000048869720900000113200000090.03  
20160514000004000080000000044334130900000111220000248.40  
20160514000004000080000000044334130900000111400001465.45  
20160514000004000080000000044334130900000111700017337.00  
20160514000004000080000000044334130900000113110001758.54  
20160514000004000080000000044334130900000113120000300.71  
20160514000004000080000000044334130900000113131000527.56  
20160514000004000080000000044334130900000113200000351.71  
20160514000004001070000000038318380900000111220001291.68  
20160514000004001070000000038318380900000111400000633.97  
20160514000004001070000000038318380900000111700006316.00  
20160514000004001070000000038318380900000113110000760.77  
20160514000004001070000000038318380900000113120000130.09  
20160514000004001070000000038318380900000113131000228.23  
20160514000004001070000000038318380900000113200000152.15  
20160514000004002050000000018938121100000111400003210.00  
20160514000004002050000000018938121100000111700038520.00  
20160514000004002050000000018938121100000113110003852.00  
20160514000004002050000000018938121100000113120000658.69  
20160514000004002050000000018938121100000113131001155.60  
20160514000004002050000000018938121100000113200000770.40  
20160514000004001080000000008552790900000111220002484.00  
20160514000004001080000000008552790900000111400000733.33  
20160514000004001080000000008552790900000111700006316.00  
20160514000004001080000000008552790900000113110000880.00  
20160514000004001080000000008552790900000113120000150.48  
20160514000004001080000000008552790900000113131000264.00  
20160514000004001080000000008552790900000113200000176.00  
20160514000004000690000000034593161200000111220000248.40  
20160514000004000690000000034593161200000111400000837.03  
20160514000004000690000000034593161200000111700009796.00  
20160514000004000690000000034593161200000113110001004.44  
20160514000004000690000000034593161200000113120000171.76  
20160514000004000690000000034593161200000113131000301.33  
20160514000004000690000000034593161200000113200000200.89  
20160514000004002430000000060963391100000111220000248.40  
20160514000004002430000000060963391100000111310001062.12  
20160514000004002430000000060963391100000111400000551.76  
20160514000004002430000000060963391100000111700005310.60  
20160514000004002430000000060963391100000113110000662.11  
20160514000004002430000000060963391100000113120000113.22  
20160514000004002430000000060963391100000113131000198.63  
20160514000004002430000000060963391100000113200000132.42  
20160514000004002610000000030238800900000111400001127.83  
20160514000004002610000000030238800900000111700013534.00  
20160514000004002610000000030238800900000113110001353.40  
20160514000004002610000000030238800900000113120000231.43  
20160514000004002610000000030238800900000113131000406.02  
20160514000004002610000000030238800900000113200000270.68  
20160514000004000770000000057712600900000111400000708.92  
20160514000004000770000000057712600900000111700008507.00  
20160514000004000770000000057712600900000113110000850.70  
20160514000004000770000000057712600900000113120000145.47  
20160514000004000770000000057712600900000113131000255.21  
20160514000004000770000000057712600900000113200000170.14  
20160514000004000700000000037290380900000111220001689.12  
20160514000004000700000000037290380900000111400000957.09  
20160514000004000700000000037290380900000111700009796.00  
20160514000004000700000000037290380900000113110001148.51  
20160514000004000700000000037290380900000113120000196.40  
20160514000004000700000000037290380900000113131000344.55  
20160514000004000700000000037290380900000113200000229.70  
20160514000004000710000000037205221100000111220001689.12  
20160514000004000710000000037205221100000111310001959.20  
20160514000004000710000000037205221100000111400001120.36  
20160514000004000710000000037205221100000111700009796.00  
20160514000004000710000000037205221100000113110001344.43  
20160514000004000710000000037205221100000113120000229.90  
20160514000004000710000000037205221100000113131000403.33  
20160514000004000710000000037205221100000113200000268.89  
20160514000004002620000000092693871100000111310001005.40  
20160514000004002620000000092693871100000111400000606.21  
20160514000004002620000000092693871100000111700005027.00  
20160514000004002620000000092693871100000111910001242.09  
20160514000004002620000000092693871100000113110000727.45  
20160514000004002620000000092693871100000113120000124.39  
20160514000004002620000000092693871100000113131000218.23  
20160514000004002620000000092693871100000113200000145.49  
20160514000004001290000000051794601100000111220000546.48  
20160514000004001290000000051794601100000111310001005.40  
20160514000004001290000000051794601100000111400000584.72  
20160514000004001290000000051794601100000111700005027.00  
20160514000004001290000000051794601100000111910000437.77  
20160514000004001290000000051794601100000113110000701.67  
20160514000004001290000000051794601100000113120000119.98  
20160514000004001290000000051794601100000113131000210.50  
20160514000004001290000000051794601100000113200000140.33  
20160514000004001300000000044107891100000111220001291.68  
20160514000004001300000000044107891100000111310001005.40  
20160514000004001300000000044107891100000111400000610.34  
20160514000004001300000000044107891100000111700005027.00  
20160514000004001300000000044107891100000113110000732.41  
20160514000004001300000000044107891100000113120000125.24  
20160514000004001300000000044107891100000113131000219.72  
20160514000004001300000000044107891100000113200000146.48  
20160514000004000480000000036173220900000111220000248.40  
20160514000004000480000000036173220900000111400001148.53  
20160514000004000480000000036173220900000111700013534.00  
20160514000004000480000000036173220900000113110001378.24  
20160514000004000480000000036173220900000113120000235.68  
20160514000004000480000000036173220900000113131000413.47  
20160514000004000480000000036173220900000113200000275.65  
20160514000004002060000000030255050900000111220000894.24  
20160514000004002060000000030255050900000111400003284.52  
20160514000004002060000000030255050900000111700038520.00  
20160514000004002060000000030255050900000113110003941.42  
20160514000004002060000000030255050900000113120000673.98  
20160514000004002060000000030255050900000113131001182.43  
20160514000004002060000000030255050900000113200000788.28  
20160514000004001090000000037827311100000111220002086.56  
20160514000004001090000000037827311100000111310001263.20  
20160514000004001090000000037827311100000111400000947.70  
20160514000004001090000000037827311100000111700006316.00  
20160514000004001090000000037827311100000111910001706.63  
20160514000004001090000000037827311100000113110001137.24  
20160514000004001090000000037827311100000113120000194.47  
20160514000004001090000000037827311100000113131000341.17  
20160514000004001090000000037827311100000113200000227.45  
20160514000004002010000000029910070900000111400001604.08  
20160514000004002010000000029910070900000111700019249.00  
20160514000004002010000000029910070900000113110001924.90  
20160514000004002010000000029910070900000113120000329.16  
20160514000004002010000000029910070900000113131000577.47  
20160514000004002010000000029910070900000113200000384.98  
20160514000004002030000000010690891000000111400003210.00  
20160514000004002030000000010690891000000111700038520.00  
20160514000004002030000000010690891000000113110003852.00  
20160514000004002030000000010690891000000113120000658.69  
20160514000004002030000000010690891000000113131001155.60  
20160514000004002030000000010690891000000113200000770.40  
20160514000004000130000000031378190900000111220001689.12  
20160514000004000130000000031378190900000111400001585.51  
20160514000004000130000000031378190900000111700017337.00  
20160514000004000130000000031378190900000113110001902.61  
20160514000004000130000000031378190900000113120000325.35  
20160514000004000130000000031378190900000113131000570.78  
20160514000004000130000000031378190900000113200000380.52  
20160514000004000790000000052259660900000111220000248.40  
20160514000004000790000000052259660900000111400000729.62  
20160514000004000790000000052259660900000111700008507.00  
20160514000004000790000000052259660900000113110000875.54  
20160514000004000790000000052259660900000113120000149.72  
20160514000004000790000000052259660900000113131000262.66  
20160514000004000790000000052259660900000113200000175.11  
20160514000004000860000000044618940900000111220000546.48  
20160514000004000860000000044618940900000111400000700.79  
20160514000004000860000000044618940900000111700007863.00  
20160514000004000860000000044618940900000113110000840.95  
20160514000004000860000000044618940900000113120000143.80  
20160514000004000860000000044618940900000113131000252.28  
20160514000004000860000000044618940900000113200000168.19  
20160514000004001410000000048709620900000111220000546.48  
20160514000004001410000000048709620900000111400000399.96  
20160514000004001410000000048709620900000111700004253.00  
20160514000004001410000000048709620900000113110000479.95  
20160514000004001410000000048709620900000113120000082.07  
20160514000004001410000000048709620900000113131000143.98  
20160514000004001410000000048709620900000113200000095.99  
20160514000004002520000000042150291100000111310000850.60  
20160514000004002520000000042150291100000111400000437.93  
20160514000004002520000000042150291100000111700004253.00  
20160514000004002520000000042150291100000111910000151.52  
20160514000004002520000000042150291100000113110000525.51  
20160514000004002520000000042150291100000113120000089.86  
20160514000004002520000000042150291100000113131000157.65  
20160514000004002520000000042150291100000113200000105.10  
20160514000004002380000000009989450900000111400000655.25  
20160514000004002380000000009989450900000111700007863.00  
20160514000004002380000000009989450900000113110000786.30  
20160514000004002380000000009989450900000113120000134.46  
20160514000004002380000000009989450900000113131000235.89  
20160514000004002380000000009989450900000113200000157.26  
20160514000004002280000000051932150900000111220000248.40  
20160514000004002280000000051932150900000111400000933.70  
20160514000004002280000000051932150900000111700010956.00  
20160514000004002280000000051932150900000113110001120.44  
20160514000004002280000000051932150900000113120000191.60  
20160514000004002280000000051932150900000113131000336.13  
20160514000004002280000000051932150900000113200000224.09  
20160514000004002540000000054763321100000111310000850.60  
20160514000004002540000000054763321100000111400000458.90  
20160514000004002540000000054763321100000111700004253.00  
20160514000004002540000000054763321100000111910000403.15  
20160514000004002540000000054763321100000113110000550.68  
20160514000004002540000000054763321100000113120000094.17  
20160514000004002540000000054763321100000113131000165.20  
20160514000004002540000000054763321100000113200000110.14  
20160514000004000190000000005681381200000111220002484.00  
20160514000004000190000000005681381200000111400001549.67  
20160514000004000190000000005681381200000111700016112.00  
20160514000004000190000000005681381200000113110001859.60  
20160514000004000190000000005681381200000113131000557.88  
20160514000004000190000000005681381200000113200000371.92  
20160514000004000610000000035181171000000111220000546.48  
20160514000004000610000000035181171000000111400000958.54  
20160514000004000610000000035181171000000111700010956.00  
20160514000004000610000000035181171000000113110001150.25  
20160514000004000610000000035181171000000113120000196.69  
20160514000004000610000000035181171000000113131000345.07  
20160514000004000610000000035181171000000113200000230.05  
20160514000004002480000000092675111100000111400000549.65  
20160514000004002480000000092675111100000111700005027.00  
20160514000004002480000000092675111100000111910001568.84  
20160514000004002480000000092675111100000113110000659.58  
20160514000004002480000000092675111100000113120000112.79  
20160514000004002480000000092675111100000113131000197.88  
20160514000004002480000000092675111100000113200000131.92  
20160514000004002390000000031245160900000111400001444.75  
20160514000004002390000000031245160900000111700017337.00  
20160514000004002390000000031245160900000113110001733.70  
20160514000004002390000000031245160900000113120000296.46  
20160514000004002390000000031245160900000113131000520.11  
20160514000004002390000000031245160900000113200000346.74  
20160514000004001420000000030640161000000111220001291.68  
20160514000004001420000000030640161000000111310000850.60  
20160514000004001420000000030640161000000111400000532.94  
20160514000004001420000000030640161000000111700004253.00  
20160514000004001420000000030640161000000113110000639.53  
20160514000004001420000000030640161000000113120000109.36  
20160514000004001420000000030640161000000113131000191.86  
20160514000004001420000000030640161000000113200000127.91  
20160514000004002290000000045021820900000111220000248.40  
20160514000004002290000000045021820900000111400000600.70  
20160514000004002290000000045021820900000111700006960.00  
20160514000004002290000000045021820900000113110000720.84  
20160514000004002290000000045021820900000113120000123.26  
20160514000004002290000000045021820900000113131000216.25  
20160514000004002290000000045021820900000113200000144.17  
20160514000004002220000000028625750900000111400002098.50  
20160514000004002220000000028625750900000111700025182.00  
20160514000004002220000000028625750900000113110002518.20  
20160514000004002220000000028625750900000113120000430.61  
20160514000004002220000000028625750900000113131000755.46  
20160514000004002220000000028625750900000113200000503.64  
20160514000004000980000000040225151100000111220000546.48  
20160514000004000980000000040225151100000111310001392.00  
20160514000004000980000000040225151100000111400000741.54  
20160514000004000980000000040225151100000111700006960.00  
20160514000004000980000000040225151100000113110000889.85  
20160514000004000980000000040225151100000113120000152.16  
20160514000004000980000000040225151100000113131000266.95  
20160514000004000980000000040225151100000113200000177.97  
20160514000004001320000000044154021100000111220000546.48  
20160514000004001320000000044154021100000111310001005.40  
20160514000004001320000000044154021100000111400000640.58  
20160514000004001320000000044154021100000111700005027.00  
20160514000004001320000000044154021100000111910001108.04  
20160514000004001320000000044154021100000113110000768.69  
20160514000004001320000000044154021100000113120000131.45  
20160514000004001320000000044154021100000113131000230.61  
20160514000004001320000000044154021100000113200000153.74  
20160514000004002210000000029008541100000111400002098.50  
20160514000004002210000000029008541100000111700025182.00  
20160514000004002210000000029008541100000113110002518.20  
20160514000004002210000000029008541100000113120000430.61  
20160514000004002210000000029008541100000113131000755.46  
20160514000004002210000000029008541100000113200000503.64  
20160514000004002450000000042002231100000111220000248.40  
20160514000004002450000000042002231100000111310001005.40  
20160514000004002450000000042002231100000111400000638.78  
20160514000004002450000000042002231100000111700005027.00  
20160514000004002450000000042002231100000111910001384.52  
20160514000004002450000000042002231100000113110000766.53  
20160514000004002450000000042002231100000113120000131.08  
20160514000004002450000000042002231100000113131000229.96  
20160514000004002450000000042002231100000113200000153.31  
20160514000004002070000000051989401000000111220000546.48  
20160514000004002070000000051989401000000111400002144.04  
20160514000004002070000000051989401000000111700025182.00  
20160514000004002070000000051989401000000113110002572.85  
20160514000004002070000000051989401000000113120000439.96  
20160514000004002070000000051989401000000113131000771.85  
20160514000004002070000000051989401000000113200000514.57  
20160514000004000990000000056485771100000111220000248.40  
20160514000004000990000000056485771100000111310001392.00  
20160514000004000990000000056485771100000111400000716.70  
20160514000004000990000000056485771100000111700006960.00  
20160514000004000990000000056485771100000113110000860.04  
20160514000004000990000000056485771100000113120000147.07  
20160514000004000990000000056485771100000113131000258.01  
20160514000004000990000000056485771100000113200000172.01  
20160514000004000380000000044249661000000111220000248.40  
20160514000004000380000000044249661000000111400001239.87  
20160514000004000380000000044249661000000111700014630.00  
20160514000004000380000000044249661000000113110001487.84  
20160514000004000380000000044249661000000113120000254.42  
20160514000004000380000000044249661000000113131000446.35  
20160514000004000380000000044249661000000113200000297.57  
20160514000004001340000000036055810900000111220000248.40  
20160514000004001340000000036055810900000111400000439.62  
20160514000004001340000000036055810900000111700005027.00  
20160514000004001340000000036055810900000113110000527.54  
20160514000004001340000000036055810900000113120000090.21  
20160514000004001340000000036055810900000113131000158.26  
20160514000004001340000000036055810900000113200000105.51  
20160514000004001430000000037530270900000111220001291.68  
20160514000004001430000000037530270900000111400000462.06  
20160514000004001430000000037530270900000111700004253.00  
20160514000004001430000000037530270900000113110000554.47  
20160514000004001430000000037530270900000113120000094.81  
20160514000004001430000000037530270900000113131000166.34  
20160514000004001430000000037530270900000113200000110.89  
20160514000004002100000000036212690900000111220001689.12  
20160514000004002100000000036212690900000111400002239.26  
20160514000004002100000000036212690900000111700025182.00  
20160514000004002100000000036212690900000113110002687.11  
20160514000004002100000000036212690900000113120000459.50  
20160514000004002100000000036212690900000113131000806.13  
20160514000004002100000000036212690900000113200000537.42  
20160514000004000150000000035888920900000111220000248.40  
20160514000004000150000000035888920900000111400001465.45  
20160514000004000150000000035888920900000111700017337.00  
20160514000004000150000000035888920900000113110001758.54  
20160514000004000150000000035888920900000113120000300.71  
20160514000004000150000000035888920900000113131000527.56  
20160514000004000150000000035888920900000113200000351.71  
20160514000004001350000000059031341100000111220000546.48  
20160514000004001350000000059031341100000111310001005.40  
20160514000004001350000000059031341100000111400000595.28  
20160514000004001350000000059031341100000111700005027.00  
20160514000004001350000000059031341100000111910000564.49  
20160514000004001350000000059031341100000113110000714.34  
20160514000004001350000000059031341100000113120000122.15  
20160514000004001350000000059031341100000113131000214.30  
20160514000004001350000000059031341100000113200000142.87  
20160514000004000620000000044678691200000111220000248.40  
20160514000004000620000000044678691200000111400000933.70  
20160514000004000620000000044678691200000111700010956.00  
20160514000004000620000000044678691200000113110001120.44  
20160514000004000620000000044678691200000113120000191.60  
20160514000004000620000000044678691200000113131000336.13  
20160514000004000620000000044678691200000113200000224.09  
20160514000004002120000000044119031000000111400002098.50  
20160514000004002120000000044119031000000111700025182.00  
20160514000004002120000000044119031000000113110002518.20  
20160514000004002120000000044119031000000113120000430.61  
20160514000004002120000000044119031000000113131000755.46  
20160514000004002120000000044119031000000113200000503.64  
20160514000004002360000000037423650900000111220000546.48  
20160514000004002360000000037423650900000111400000754.46  
20160514000004002360000000037423650900000111700008507.00  
20160514000004002360000000037423650900000113110000905.35  
20160514000004002360000000037423650900000113120000154.81  
20160514000004002360000000037423650900000113131000271.60  
20160514000004002360000000037423650900000113200000181.07  
20160514000004001100000000037206271100000111220002086.56  
20160514000004001100000000037206271100000111310001263.20  
20160514000004001100000000037206271100000111400000945.29  
20160514000004001100000000037206271100000111700006316.00  
20160514000004001100000000037206271100000111910001677.69  
20160514000004001100000000037206271100000113110001134.35  
20160514000004001100000000037206271100000113120000193.97  
20160514000004001100000000037206271100000113131000340.30  
20160514000004001100000000037206271100000113200000226.87  
20160514000004001110000000028941011100000111220002086.56  
20160514000004001110000000028941011100000111400000700.21  
20160514000004001110000000028941011100000111700006316.00  
20160514000004001110000000028941011100000113110000840.26  
20160514000004001110000000028941011100000113120000143.68  
20160514000004001110000000028941011100000113131000252.08  
20160514000004001110000000028941011100000113200000168.05  
20160514000004002320000000028750931100000111220000248.40  
20160514000004002320000000028750931100000111400001239.87  
20160514000004002320000000028750931100000111700014630.00  
20160514000004002320000000028750931100000113110001487.84  
20160514000004002320000000028750931100000113120000254.42  
20160514000004002320000000028750931100000113131000446.35  
20160514000004002320000000028750931100000113200000297.57  
20160514000004002550000000077791011100000111310000850.60  
20160514000004002550000000077791011100000111400000425.30  
20160514000004002550000000077791011100000111700004253.00  
20160514000004002550000000077791011100000113110000510.36  
20160514000004002550000000077791011100000113120000087.27  
20160514000004002550000000077791011100000113131000153.11  
20160514000004002550000000077791011100000113200000102.07  
20160514000004002020000000009530210900000111220000546.48  
20160514000004002020000000009530210900000111400003344.71  
20160514000004002020000000009530210900000111700039590.00  
20160514000004002020000000009530210900000113110004013.65  
20160514000004002020000000009530210900000113120000686.33  
20160514000004002020000000009530210900000113131001204.09  
20160514000004002020000000009530210900000113200000802.73  
20160514000004002460000000041815811100000111400000543.11  
20160514000004002460000000041815811100000111700005027.00  
20160514000004002460000000041815811100000111910001490.29  
20160514000004002460000000041815811100000113110000651.73  
20160514000004002460000000041815811100000113120000111.45  
20160514000004002460000000041815811100000113131000195.52  
20160514000004002460000000041815811100000113200000130.35  
20160514000004002170000000037787980900000111220001689.12  
20160514000004002170000000037787980900000111400001429.76  
20160514000004002170000000037787980900000111700015468.00  
20160514000004002170000000037787980900000113110001715.71  
20160514000004002170000000037787980900000113120000293.39  
20160514000004002170000000037787980900000113131000514.71  
20160514000004002170000000037787980900000113200000343.14  
20160514000004000800000000037686630900000111220000248.40  
20160514000004000800000000037686630900000111400000729.62  
20160514000004000800000000037686630900000111700008507.00  
20160514000004000800000000037686630900000113110000875.54  
20160514000004000800000000037686630900000113120000149.72  
20160514000004000800000000037686630900000113131000262.66  
20160514000004000800000000037686630900000113200000175.11  
20160514000004000200000000042889520900000111220000248.40  
20160514000004000200000000042889520900000111400001363.37  
20160514000004000200000000042889520900000111700016112.00  
20160514000004000200000000042889520900000113110001636.04  
20160514000004000200000000042889520900000113120000279.76  
20160514000004000200000000042889520900000113131000490.81  
20160514000004000200000000042889520900000113200000327.21  
20160514000004001360000000047023491100000111220000546.48  
20160514000004001360000000047023491100000111310001005.40  
20160514000004001360000000047023491100000111400000627.22  
20160514000004001360000000047023491100000111700005027.00  
20160514000004001360000000047023491100000111910000947.80  
20160514000004001360000000047023491100000113110000752.67  
20160514000004001360000000047023491100000113120000128.71  
20160514000004001360000000047023491100000113131000225.80  
20160514000004001360000000047023491100000113200000150.53  
20160514000004002040000000030176310900000111220000546.48  
20160514000004002040000000030176310900000111400003255.54  
20160514000004002040000000030176310900000111700038520.00  
20160514000004002040000000030176310900000113110003906.65  
20160514000004002040000000030176310900000113120000668.04  
20160514000004002040000000030176310900000113131001171.99  
20160514000004002040000000030176310900000113200000781.33  
20160514000004002310000000031317101100000111220002086.56  
20160514000004002310000000031317101100000111400001462.88  
20160514000004002310000000031317101100000111700015468.00  
20160514000004002310000000031317101100000113110001755.46  
20160514000004002310000000031317101100000113120000300.18  
20160514000004002310000000031317101100000113131000526.64  
20160514000004002310000000031317101100000113200000351.09  
20160514000004001130000000059166500900000111220000248.40  
20160514000004001130000000059166500900000111400000547.03  
20160514000004001130000000059166500900000111600001656.00  
20160514000004001130000000059166500900000111700006316.00  
20160514000004001130000000059166500900000113110000656.44  
20160514000004001130000000059166500900000113120000112.25  
20160514000004001130000000059166500900000113131000196.93  
20160514000004001130000000059166500900000113200000131.29  
20160514000004001370000000025513140900000111220001689.12  
20160514000004001370000000025513140900000111400000559.68  
20160514000004001370000000025513140900000111700005027.00  
20160514000004001370000000025513140900000113110000671.61  
20160514000004001370000000025513140900000113120000114.85  
20160514000004001370000000025513140900000113131000201.48  
20160514000004001370000000025513140900000113200000134.32  
20160514000004000600000000041272230900000111400000913.00  
20160514000004000600000000041272230900000111700010956.00  
20160514000004000600000000041272230900000113110001095.60  
20160514000004000600000000041272230900000113120000187.35  
20160514000004000600000000041272230900000113131000328.68  
20160514000004000600000000041272230900000113200000219.12  
20160514000004002440000000079628621100000111220000248.40  
20160514000004002440000000079628621100000111310000969.24  
20160514000004002440000000079628621100000111400000505.32  
20160514000004002440000000079628621100000111700004846.20  
20160514000004002440000000079628621100000113110000606.38  
20160514000004002440000000079628621100000113120000103.69  
20160514000004002440000000079628621100000113131000181.92  
20160514000004002440000000079628621100000113200000121.28  
20160514000004000260000000013206271000000111220000248.40  
20160514000004000260000000013206271000000111400001309.70  
20160514000004000260000000013206271000000111700015468.00  
20160514000004000260000000013206271000000113110001571.64  
20160514000004000260000000013206271000000113120000268.75  
20160514000004000260000000013206271000000113131000471.49  
20160514000004000260000000013206271000000113200000314.33  
20160514000004000270000000013847920900000111220000248.40  
20160514000004000270000000013847920900000111400001309.70  
20160514000004000270000000013847920900000111700015468.00  
20160514000004000270000000013847920900000113110001571.64  
20160514000004000270000000013847920900000113120000268.75  
20160514000004000270000000013847920900000113131000471.49  
20160514000004000270000000013847920900000113200000314.33  
20160514000004000430000000021398970900000111220002086.56  
20160514000004000430000000021398970900000111400001393.05  
20160514000004000430000000021398970900000111700014630.00  
20160514000004000430000000021398970900000113110001671.66  
20160514000004000430000000021398970900000113120000285.85  
20160514000004000430000000021398970900000113131000501.50  
20160514000004000430000000021398970900000113200000334.33  
20160514000004000160000000037321240900000111220001291.68  
20160514000004000160000000037321240900000111400001552.39  
20160514000004000160000000037321240900000111700017337.00  
20160514000004000160000000037321240900000113110001862.87  
20160514000004000160000000037321240900000113120000318.55  
20160514000004000160000000037321240900000113131000558.86  
20160514000004000160000000037321240900000113200000372.57  
20160514000004001000000000073493141000000111220002484.00  
20160514000004001000000000073493141000000111400000787.00  
20160514000004001000000000073493141000000111700006960.00  
20160514000004001000000000073493141000000113110000944.40  
20160514000004001000000000073493141000000113131000283.32  
20160514000004001000000000073493141000000113200000188.88  
20160514000004001140000000009602780900000111220001689.12  
20160514000004001140000000009602780900000111400000667.09  
20160514000004001140000000009602780900000111700006316.00  
20160514000004001140000000009602780900000113110000800.51  
20160514000004001140000000009602780900000113120000136.89  
20160514000004001140000000009602780900000113131000240.15  
20160514000004001140000000009602780900000113200000160.10  
20160514000004000640000000044674200900000111220001291.68  
20160514000004000640000000044674200900000111400001020.64  
20160514000004000640000000044674200900000111700010956.00  
20160514000004000640000000044674200900000113110001224.77  
20160514000004000640000000044674200900000113120000209.44  
20160514000004000640000000044674200900000113131000367.43  
20160514000004000640000000044674200900000113200000244.95  
TOTAL A BORRAR: 2210864.04
