20160514000005000000000000001301010000002588005237.5100000000
20160514000005000000000000002901010000002589003320.7400000000
20160514000005000000000855279301010000002572000550.0000000000
20160514000005000000004800059201010000002574000500.0000000000
20160514000005000000005179460301010000002573000350.0000000000
20160514000005000000160130029301010000002583003312.0000000000
20160514000005000000168206024201010000002585001656.0000000000
20160514000005000000168206024901010000002584003312.0000000000
20160514000005000001006803028301010000002590218119.0800000000
20160514000005000001006803028301010000002591003149.8400000000
20160514000005000001022913028301010000002586209074.9800000000
20160514000005000001023013022301010000002587180246.7500000000
20160514000005000001028339025301010000002592130545.1000000000
20160514000005000001028339025301010000002593006481.5000000000
20160514000005000001028415020301010000000000066940.0000000000
20160514000005000001028415020301010000000000124438.7000000000
