2016051400000500005000000009269387074000120.65  
2016051400000500005000000009269387204000603.24  
2016051400000500005000000009269387302000603.24  
2016051400000500005000000009269387304000103.15  
2016051400000500005000000009269387306000030.16  
2016051400000500005000000009269387308000103.15  
2016051400000500005000000009269387312000030.16  
2016051400000500008000000004433413074000353.94  
2016051400000500008000000004433413204001769.72  
2016051400000500008000000004433413301001769.72  
2016051400000500008000000004433413303000302.62  
2016051400000500008000000004433413305000088.49  
2016051400000500008000000004433413307000302.62  
2016051400000500008000000004433413311000088.49  
2016051400000500008000000004433413327000046.97  
2016051400000500008000000004433413999001020.13  
2016051400000500009000000002868347001000904.95  
2016051400000500009000000002868347074000372.67  
2016051400000500009000000002868347204001863.36  
2016051400000500009000000002868347301001863.36  
2016051400000500009000000002868347303000318.64  
2016051400000500009000000002868347305000093.17  
2016051400000500009000000002868347307000318.64  
2016051400000500009000000002868347311000093.17  
2016051400000500009000000002868347327000056.34  
2016051400000500009000000002868347999002923.21  
2016051400000500010000000003137460074000395.72  
2016051400000500010000000003137460204001978.62  
2016051400000500010000000003137460301001978.62  
2016051400000500010000000003137460303000338.34  
2016051400000500010000000003137460305000098.93  
2016051400000500010000000003137460307000338.34  
2016051400000500010000000003137460311000098.93  
2016051400000500010000000003137460327000067.86  
2016051400000500010000000003137460999007974.95  
2016051400000500012000000004470102001000520.86  
2016051400000500012000000004470102074000353.94  
2016051400000500012000000004470102204001769.72  
2016051400000500012000000004470102301001769.72  
2016051400000500012000000004470102303000302.62  
2016051400000500012000000004470102305000088.49  
2016051400000500012000000004470102307000302.62  
2016051400000500012000000004470102311000088.49  
2016051400000500012000000004470102327000046.31  
2016051400000500012000000004470102999001976.15  
2016051400000500013000000003137819074000395.72  
2016051400000500013000000003137819204001978.62  
2016051400000500013000000003137819301001978.62  
2016051400000500013000000003137819303000338.34  
2016051400000500013000000003137819305000098.93  
2016051400000500013000000003137819307000338.34  
2016051400000500013000000003137819311000098.93  
2016051400000500013000000003137819327000067.86  
2016051400000500013000000003137819999001001.31  
2016051400000500015000000003588892074000353.94  
2016051400000500015000000003588892204001769.72  
2016051400000500015000000003588892302001769.72  
2016051400000500015000000003588892304000302.62  
2016051400000500015000000003588892306000088.49  
2016051400000500015000000003588892308000302.62  
2016051400000500015000000003588892312000088.49  
2016051400000500015000000003588892328000046.97  
2016051400000500015000000003588892999000062.87  
2016051400000500016000000003732124074000384.20  
2016051400000500016000000003732124204001920.99  
2016051400000500016000000003732124301001920.99  
2016051400000500016000000003732124303000328.49  
2016051400000500016000000003732124305000096.05  
2016051400000500016000000003732124307000328.49  
2016051400000500016000000003732124311000096.05  
2016051400000500016000000003732124327000062.10  
2016051400000500016000000003732124999001520.61  
2016051400000500019000000000568138074000394.27  
2016051400000500019000000000568138204001971.37  
2016051400000500019000000000568138301001971.37  
2016051400000500019000000000568138305000098.57  
2016051400000500019000000000568138311000098.57  
2016051400000500019000000000568138327000067.14  
2016051400000500019000000000568138999003946.30  
2016051400000500020000000004288952001000363.23  
2016051400000500020000000004288952074000329.44  
2016051400000500020000000004288952204001647.22  
2016051400000500020000000004288952301001647.22  
2016051400000500020000000004288952303000281.67  
2016051400000500020000000004288952305000082.36  
2016051400000500020000000004288952307000281.67  
2016051400000500020000000004288952311000082.36  
2016051400000500020000000004288952327000034.72  
2016051400000500020000000004288952999000041.52  
2016051400000500026000000001320627001000665.78  
2016051400000500026000000001320627074000316.56  
2016051400000500026000000001320627204001582.82  
2016051400000500026000000001320627301001582.82  
2016051400000500026000000001320627303000270.66  
2016051400000500026000000001320627305000079.14  
2016051400000500026000000001320627307000270.66  
2016051400000500026000000001320627311000079.14  
2016051400000500026000000001320627327000028.28  
2016051400000500026000000001320627999000184.58  
2016051400000500027000000001384792074000316.56  
2016051400000500027000000001384792204001582.82  
2016051400000500027000000001384792302001582.82  
2016051400000500027000000001384792304000270.66  
2016051400000500027000000001384792306000079.14  
2016051400000500027000000001384792308000270.66  
2016051400000500027000000001384792312000079.14  
2016051400000500027000000001384792328000028.28  
2016051400000500027000000001384792999000804.91  
2016051400000500028000000003099414074000366.97  
2016051400000500028000000003099414204001834.84  
2016051400000500028000000003099414302001834.84  
2016051400000500028000000003099414304000313.76  
2016051400000500028000000003099414306000091.74  
2016051400000500028000000003099414308000313.76  
2016051400000500028000000003099414312000091.74  
2016051400000500028000000003099414328000053.48  
2016051400000500028000000003099414999003533.98  
2016051400000500029000000003770831074000388.58  
2016051400000500029000000003770831204001942.89  
2016051400000500029000000003770831301001942.89  
2016051400000500029000000003770831303000332.23  
2016051400000500029000000003770831305000097.14  
2016051400000500029000000003770831307000332.23  
2016051400000500029000000003770831311000097.14  
2016051400000500029000000003770831327000064.29  
2016051400000500029000000003770831999003763.49  
2016051400000500032000000003768862074000308.45  
2016051400000500032000000003768862204001542.24  
2016051400000500032000000003768862301001542.24  
2016051400000500032000000003768862303000263.72  
2016051400000500032000000003768862305000077.11  
2016051400000500032000000003768862307000263.72  
2016051400000500032000000003768862311000077.11  
2016051400000500032000000003768862327000024.22  
2016051400000500032000000003768862999000813.22  
2016051400000500034000000005270248074000299.80  
2016051400000500034000000005270248204001499.02  
2016051400000500034000000005270248301001499.02  
2016051400000500034000000005270248303000256.33  
2016051400000500034000000005270248305000074.95  
2016051400000500034000000005270248307000256.33  
2016051400000500034000000005270248311000074.95  
2016051400000500034000000005270248327000019.90  
2016051400000500034000000005270248999000784.17  
2016051400000500038000000004424966074000299.80  
2016051400000500038000000004424966204001499.02  
2016051400000500038000000004424966301001499.02  
2016051400000500038000000004424966303000256.33  
2016051400000500038000000004424966305000074.95  
2016051400000500038000000004424966307000256.33  
2016051400000500038000000004424966311000074.95  
2016051400000500038000000004424966327000019.90  
2016051400000500038000000004424966999003057.04  
2016051400000500043000000002139897074000353.11  
2016051400000500043000000002139897204001765.55  
2016051400000500043000000002139897301001765.55  
2016051400000500043000000002139897303000301.91  
2016051400000500043000000002139897305000088.28  
2016051400000500043000000002139897307000301.91  
2016051400000500043000000002139897311000088.28  
2016051400000500043000000002139897327000046.55  
2016051400000500043000000002139897999010911.17  
2016051400000500044000000000952134074000331.19  
2016051400000500044000000000952134204001655.95  
2016051400000500044000000000952134302001655.95  
2016051400000500044000000000952134304000283.17  
2016051400000500044000000000952134306000082.80  
2016051400000500044000000000952134308000283.17  
2016051400000500044000000000952134312000082.80  
2016051400000500044000000000952134328000035.59  
2016051400000500044000000000952134999001019.04  
2016051400000500047000000003590483074000286.53  
2016051400000500047000000003590483204001432.64  
2016051400000500047000000003590483301001432.64  
2016051400000500047000000003590483303000244.98  
2016051400000500047000000003590483305000071.63  
2016051400000500047000000003590483307000244.98  
2016051400000500047000000003590483311000071.63  
2016051400000500047000000003590483327000013.26  
2016051400000500047000000003590483999002142.99  
2016051400000500048000000003617322074000277.88  
2016051400000500048000000003617322204001389.42  
2016051400000500048000000003617322302001389.42  
2016051400000500048000000003617322304000237.59  
2016051400000500048000000003617322306000069.47  
2016051400000500048000000003617322308000237.59  
2016051400000500048000000003617322312000069.47  
2016051400000500048000000003617322328000008.94  
2016051400000500048000000003617322999005029.42  
2016051400000500054000000003081251074000268.10  
2016051400000500054000000003081251204001340.52  
2016051400000500054000000003081251301001340.52  
2016051400000500054000000003081251303000229.23  
2016051400000500054000000003081251305000067.03  
2016051400000500054000000003081251307000229.23  
2016051400000500054000000003081251311000067.03  
2016051400000500054000000003081251999000633.31  
2016051400000500056000000005169964074000226.32  
2016051400000500056000000005169964204001131.62  
2016051400000500056000000005169964302001131.62  
2016051400000500056000000005169964304000193.51  
2016051400000500056000000005169964306000056.58  
2016051400000500056000000005169964308000193.51  
2016051400000500056000000005169964312000056.58  
2016051400000500056000000005169964999000682.25  
2016051400000500057000000003012804074000226.32  
2016051400000500057000000003012804204001131.62  
2016051400000500057000000003012804302001131.62  
2016051400000500057000000003012804304000193.51  
2016051400000500057000000003012804306000056.58  
2016051400000500057000000003012804308000193.51  
2016051400000500057000000003012804312000056.58  
2016051400000500057000000003012804999001656.11  
2016051400000500058000000004450657074000226.32  
2016051400000500058000000004450657204001131.62  
2016051400000500058000000004450657301001131.62  
2016051400000500058000000004450657303000193.51  
2016051400000500058000000004450657305000056.58  
2016051400000500058000000004450657307000193.51  
2016051400000500058000000004450657311000056.58  
2016051400000500058000000004450657999000399.40  
2016051400000500060000000004127223074000219.12  
2016051400000500060000000004127223204001095.60  
2016051400000500060000000004127223301001095.60  
2016051400000500060000000004127223303000187.35  
2016051400000500060000000004127223305000054.78  
2016051400000500060000000004127223307000187.35  
2016051400000500060000000004127223311000054.78  
2016051400000500061000000003518117074000234.97  
2016051400000500061000000003518117204001174.84  
2016051400000500061000000003518117301001174.84  
2016051400000500061000000003518117303000200.90  
2016051400000500061000000003518117305000058.74  
2016051400000500061000000003518117307000200.90  
2016051400000500061000000003518117311000058.74  
2016051400000500061000000003518117999002840.58  
2016051400000500062000000004467869074000226.32  
2016051400000500062000000004467869204001131.62  
2016051400000500062000000004467869301001131.62  
2016051400000500062000000004467869303000193.51  
2016051400000500062000000004467869305000056.58  
2016051400000500062000000004467869307000193.51  
2016051400000500062000000004467869311000056.58  
2016051400000500062000000004467869999000586.55  
2016051400000500064000000004467420074000256.58  
2016051400000500064000000004467420204001282.89  
2016051400000500064000000004467420301001282.89  
2016051400000500064000000004467420303000219.37  
2016051400000500064000000004467420305000064.14  
2016051400000500064000000004467420307000219.37  
2016051400000500064000000004467420311000064.14  
2016051400000500064000000004467420999004661.64  
2016051400000500065000000004414461074000250.95  
2016051400000500065000000004414461204001254.76  
2016051400000500065000000004414461301001254.76  
2016051400000500065000000004414461303000214.56  
2016051400000500065000000004414461305000062.74  
2016051400000500065000000004414461307000214.56  
2016051400000500065000000004414461311000062.74  
2016051400000500065000000004414461999000207.04  
2016051400000500066000000005161700074000242.31  
2016051400000500066000000005161700204001211.54  
2016051400000500066000000005161700301001211.54  
2016051400000500066000000005161700303000207.17  
2016051400000500066000000005161700305000060.58  
2016051400000500066000000005161700307000207.17  
2016051400000500066000000005161700311000060.58  
2016051400000500066000000005161700999000766.49  
2016051400000500068000000004884164074000211.77  
2016051400000500068000000004884164204001058.84  
2016051400000500068000000004884164302001058.84  
2016051400000500068000000004884164304000181.06  
2016051400000500068000000004884164306000052.94  
2016051400000500068000000004884164308000181.06  
2016051400000500068000000004884164312000052.94  
2016051400000500068000000004884164999004704.41  
2016051400000500069000000003459316074000203.12  
2016051400000500069000000003459316204001015.62  
2016051400000500069000000003459316302001015.62  
2016051400000500069000000003459316304000173.67  
2016051400000500069000000003459316306000050.78  
2016051400000500069000000003459316308000173.67  
2016051400000500069000000003459316312000050.78  
2016051400000500069000000003459316999000600.01  
2016051400000500070000000003729038074000244.90  
2016051400000500070000000003729038204001224.52  
2016051400000500070000000003729038301001224.52  
2016051400000500070000000003729038303000209.39  
2016051400000500070000000003729038305000061.23  
2016051400000500070000000003729038307000209.39  
2016051400000500070000000003729038311000061.23  
2016051400000500070000000003729038999006894.42  
2016051400000500071000000003720522074000284.09  
2016051400000500071000000003720522204001420.44  
2016051400000500071000000003720522301001420.44  
2016051400000500071000000003720522303000242.89  
2016051400000500071000000003720522305000071.02  
2016051400000500071000000003720522307000242.89  
2016051400000500071000000003720522311000071.02  
2016051400000500071000000003720522327000012.04  
2016051400000500071000000003720522999003544.44  
2016051400000500074000000005291890074000211.37  
2016051400000500074000000005291890204001056.86  
2016051400000500074000000005291890302001056.86  
2016051400000500074000000005291890304000180.72  
2016051400000500074000000005291890306000052.84  
2016051400000500074000000005291890308000180.72  
2016051400000500074000000005291890312000052.84  
2016051400000500074000000005291890999000721.55  
2016051400000500075000000004013122001000518.05  
2016051400000500075000000004013122074000177.34  
2016051400000500075000000004013122204000886.72  
2016051400000500075000000004013122301000886.72  
2016051400000500075000000004013122303000151.63  
2016051400000500075000000004013122305000044.34  
2016051400000500075000000004013122307000151.63  
2016051400000500075000000004013122311000044.34  
2016051400000500075000000004013122999000509.36  
2016051400000500076000000006466668074000211.37  
2016051400000500076000000006466668204001056.86  
2016051400000500076000000006466668302001056.86  
2016051400000500076000000006466668304000180.72  
2016051400000500076000000006466668306000052.84  
2016051400000500076000000006466668308000180.72  
2016051400000500076000000006466668312000052.84  
2016051400000500076000000006466668999000619.95  
2016051400000500077000000005771260074000170.14  
2016051400000500077000000005771260204000850.70  
2016051400000500077000000005771260301000850.70  
2016051400000500077000000005771260303000145.47  
2016051400000500077000000005771260305000042.54  
2016051400000500077000000005771260307000145.47  
2016051400000500077000000005771260311000042.54  
2016051400000500077000000005771260999000155.68  
2016051400000500079000000005225966074000177.34  
2016051400000500079000000005225966204000886.72  
2016051400000500079000000005225966301000886.72  
2016051400000500079000000005225966303000151.63  
2016051400000500079000000005225966305000044.34  
2016051400000500079000000005225966307000151.63  
2016051400000500079000000005225966311000044.34  
2016051400000500079000000005225966999003497.50  
2016051400000500080000000003768663074000177.34  
2016051400000500080000000003768663204000886.72  
2016051400000500080000000003768663302000886.72  
2016051400000500080000000003768663304000151.63  
2016051400000500080000000003768663306000044.34  
2016051400000500080000000003768663308000151.63  
2016051400000500080000000003768663312000044.34  
2016051400000500080000000003768663999003890.18  
2016051400000500082000000002899775074000164.46  
2016051400000500082000000002899775204000822.32  
2016051400000500082000000002899775301000822.32  
2016051400000500082000000002899775303000140.62  
2016051400000500082000000002899775305000041.12  
2016051400000500082000000002899775307000140.62  
2016051400000500082000000002899775311000041.12  
2016051400000500082000000002899775999002041.96  
2016051400000500084000000002879279074000206.24  
2016051400000500084000000002879279204001031.22  
2016051400000500084000000002879279302001031.22  
2016051400000500084000000002879279304000176.34  
2016051400000500084000000002879279306000051.56  
2016051400000500084000000002879279308000176.34  
2016051400000500084000000002879279312000051.56  
2016051400000500084000000002879279999000971.22  
2016051400000500085000000006473021074000164.46  
2016051400000500085000000006473021204000822.32  
2016051400000500085000000006473021301000822.32  
2016051400000500085000000006473021303000140.62  
2016051400000500085000000006473021305000041.12  
2016051400000500085000000006473021307000140.62  
2016051400000500085000000006473021311000041.12  
2016051400000500085000000006473021999002116.96  
2016051400000500086000000004461894074000173.11  
2016051400000500086000000004461894204000865.54  
2016051400000500086000000004461894301000865.54  
2016051400000500086000000004461894303000148.01  
2016051400000500086000000004461894305000043.28  
2016051400000500086000000004461894307000148.01  
2016051400000500086000000004461894311000043.28  
2016051400000500086000000004461894999003207.96  
2016051400000500090000000004510395074000146.40  
2016051400000500090000000004510395204000732.02  
2016051400000500090000000004510395301000732.02  
2016051400000500090000000004510395303000125.17  
2016051400000500090000000004510395305000036.60  
2016051400000500090000000004510395307000125.17  
2016051400000500090000000004510395311000036.60  
2016051400000500090000000004510395999003544.23  
2016051400000500092000000002914344074000237.99  
2016051400000500092000000002914344204001189.95  
2016051400000500092000000002914344301001189.95  
2016051400000500092000000002914344303000203.48  
2016051400000500092000000002914344305000059.50  
2016051400000500092000000002914344307000203.48  
2016051400000500092000000002914344311000059.50  
2016051400000500092000000002914344999002114.29  
2016051400000500093000000003078110074000226.46  
2016051400000500093000000003078110204001132.32  
2016051400000500093000000003078110301001132.32  
2016051400000500093000000003078110303000193.63  
2016051400000500093000000003078110305000056.62  
2016051400000500093000000003078110307000193.63  
2016051400000500093000000003078110311000056.62  
2016051400000500093000000003078110999003056.89  
2016051400000500094000000006144098074000139.20  
2016051400000500094000000006144098204000696.00  
2016051400000500094000000006144098302000696.00  
2016051400000500094000000006144098304000119.02  
2016051400000500094000000006144098306000034.80  
2016051400000500094000000006144098308000119.02  
2016051400000500094000000006144098312000034.80  
2016051400000500094000000006144098999001687.70  
2016051400000500095000000006431024074000146.40  
2016051400000500095000000006431024204000732.02  
2016051400000500095000000006431024302000732.02  
2016051400000500095000000006431024304000125.17  
2016051400000500095000000006431024306000036.60  
2016051400000500095000000006431024308000125.17  
2016051400000500095000000006431024312000036.60  
2016051400000500095000000006431024999000538.46  
2016051400000500096000000003099304074000174.24  
2016051400000500096000000003099304204000871.22  
2016051400000500096000000003099304301000871.22  
2016051400000500096000000003099304303000148.98  
2016051400000500096000000003099304305000043.56  
2016051400000500096000000003099304307000148.98  
2016051400000500096000000003099304311000043.56  
2016051400000500096000000003099304999000556.70  
2016051400000500098000000004022515074000182.89  
2016051400000500098000000004022515204000914.44  
2016051400000500098000000004022515302000914.44  
2016051400000500098000000004022515304000156.37  
2016051400000500098000000004022515306000045.72  
2016051400000500098000000004022515308000156.37  
2016051400000500098000000004022515312000045.72  
2016051400000500098000000004022515999002569.75  
2016051400000500099000000005648577074000174.24  
2016051400000500099000000005648577204000871.22  
2016051400000500099000000005648577302000871.22  
2016051400000500099000000005648577304000148.98  
2016051400000500099000000005648577306000043.56  
2016051400000500099000000005648577308000148.98  
2016051400000500099000000005648577312000043.56  
2016051400000500099000000005648577999001571.52  
2016051400000500100000000007349314074000211.23  
2016051400000500100000000007349314204001056.17  
2016051400000500100000000007349314301001056.17  
2016051400000500100000000007349314305000052.81  
2016051400000500100000000007349314311000052.81  
2016051400000500100000000007349314999000037.40  
2016051400000500101000000001370502074000212.09  
2016051400000500101000000001370502204001060.47  
2016051400000500101000000001370502301001060.47  
2016051400000500101000000001370502303000181.34  
2016051400000500101000000001370502305000053.02  
2016051400000500101000000001370502307000181.34  
2016051400000500101000000001370502311000053.02  
2016051400000500101000000001370502999004172.92  
2016051400000500102000000002692604074000210.04  
2016051400000500102000000002692604204001050.21  
2016051400000500102000000002692604301001050.21  
2016051400000500102000000002692604303000179.59  
2016051400000500102000000002692604305000052.51  
2016051400000500102000000002692604307000179.59  
2016051400000500102000000002692604311000052.51  
2016051400000500102000000002692604999004419.97  
2016051400000500103000000000959934074000198.35  
2016051400000500103000000000959934204000991.77  
2016051400000500103000000000959934302000991.77  
2016051400000500103000000000959934304000169.59  
2016051400000500103000000000959934306000049.59  
2016051400000500103000000000959934308000169.59  
2016051400000500103000000000959934312000049.59  
2016051400000500103000000000959934999001592.33  
2016051400000500104000000001760686074000189.04  
2016051400000500104000000001760686204000945.21  
2016051400000500104000000001760686301000945.21  
2016051400000500104000000001760686303000161.63  
2016051400000500104000000001760686305000047.26  
2016051400000500104000000001760686307000161.63  
2016051400000500104000000001760686311000047.26  
2016051400000500104000000001760686999003124.00  
2016051400000500105000000000803131074000198.35  
2016051400000500105000000000803131204000991.77  
2016051400000500105000000000803131302000991.77  
2016051400000500105000000000803131306000049.59  
2016051400000500105000000000803131312000049.59  
2016051400000500105000000000803131999001262.70  
2016051400000500106000000002045701074000198.35  
2016051400000500106000000002045701204000991.77  
2016051400000500106000000002045701301000991.77  
2016051400000500106000000002045701303000169.59  
2016051400000500106000000002045701305000049.59  
2016051400000500106000000002045701307000169.59  
2016051400000500106000000002045701311000049.59  
2016051400000500106000000002045701999002030.64  
2016051400000500107000000003831838074000163.78  
2016051400000500107000000003831838204000818.89  
2016051400000500107000000003831838301000818.89  
2016051400000500107000000003831838303000140.03  
2016051400000500107000000003831838305000040.94  
2016051400000500107000000003831838307000140.03  
2016051400000500107000000003831838311000040.94  
2016051400000500107000000003831838999004167.77  
2016051400000500108000000000855279074000198.35  
2016051400000500108000000000855279204000991.77  
2016051400000500108000000000855279301000991.77  
2016051400000500108000000000855279303000169.59  
2016051400000500108000000000855279305000049.59  
2016051400000500108000000000855279307000169.59  
2016051400000500108000000000855279311000049.59  
2016051400000500108000000000855279999002957.31  
2016051400000500109000000003782731074000223.57  
2016051400000500109000000003782731204001117.84  
2016051400000500109000000003782731301001117.84  
2016051400000500109000000003782731303000191.15  
2016051400000500109000000003782731305000055.89  
2016051400000500109000000003782731307000191.15  
2016051400000500109000000003782731311000055.89  
2016051400000500109000000003782731999001517.58  
2016051400000500110000000003720627074000222.20  
2016051400000500110000000003720627204001110.99  
2016051400000500110000000003720627301001110.99  
2016051400000500110000000003720627303000189.98  
2016051400000500110000000003720627305000055.55  
2016051400000500110000000003720627307000189.98  
2016051400000500110000000003720627311000055.55  
2016051400000500110000000003720627999004916.94  
2016051400000500111000000002894101074000185.40  
2016051400000500111000000002894101204000926.99  
2016051400000500111000000002894101301000926.99  
2016051400000500111000000002894101303000158.52  
2016051400000500111000000002894101305000046.35  
2016051400000500111000000002894101307000158.52  
2016051400000500111000000002894101311000046.35  
2016051400000500111000000002894101999002614.23  
2016051400000500113000000005916650074000133.52  
2016051400000500113000000005916650204000667.62  
2016051400000500113000000005916650302000667.62  
2016051400000500113000000005916650304000114.16  
2016051400000500113000000005916650306000033.38  
2016051400000500113000000005916650308000114.16  
2016051400000500113000000005916650312000033.38  
2016051400000500113000000005916650999000399.81  
2016051400000500114000000000960278074000175.30  
2016051400000500114000000000960278204000876.52  
2016051400000500114000000000960278301000876.52  
2016051400000500114000000000960278303000149.88  
2016051400000500114000000000960278305000043.83  
2016051400000500114000000000960278307000149.88  
2016051400000500114000000000960278311000043.83  
2016051400000500114000000000960278999001870.07  
2016051400000500115000000004329789074000226.08  
2016051400000500115000000004329789204001130.41  
2016051400000500115000000004329789301001130.41  
2016051400000500115000000004329789303000193.30  
2016051400000500115000000004329789305000056.52  
2016051400000500115000000004329789307000193.30  
2016051400000500115000000004329789311000056.52  
2016051400000500115000000004329789999004406.31  
2016051400000500116000000003504972074000195.25  
2016051400000500116000000003504972204000976.26  
2016051400000500116000000003504972301000976.26  
2016051400000500116000000003504972303000166.94  
2016051400000500116000000003504972305000048.81  
2016051400000500116000000003504972307000166.94  
2016051400000500116000000003504972311000048.81  
2016051400000500116000000003504972999001790.53  
2016051400000500117000000003754990074000219.70  
2016051400000500117000000003754990204001098.51  
2016051400000500117000000003754990301001098.51  
2016051400000500117000000003754990303000187.84  
2016051400000500117000000003754990305000054.93  
2016051400000500117000000003754990307000187.84  
2016051400000500117000000003754990311000054.93  
2016051400000500117000000003754990999003036.19  
2016051400000500118000000003482063074000232.28  
2016051400000500118000000003482063204001161.41  
2016051400000500118000000003482063301001161.41  
2016051400000500118000000003482063303000198.60  
2016051400000500118000000003482063305000058.07  
2016051400000500118000000003482063307000198.60  
2016051400000500118000000003482063311000058.07  
2016051400000500118000000003482063999001328.33  
2016051400000500119000000004800059074000164.74  
2016051400000500119000000004800059204000823.72  
2016051400000500119000000004800059302000823.72  
2016051400000500119000000004800059304000140.86  
2016051400000500119000000004800059306000041.19  
2016051400000500119000000004800059308000140.86  
2016051400000500119000000004800059312000041.19  
2016051400000500119000000004800059999003016.88  
2016051400000500122000000001764275074000143.68  
2016051400000500122000000001764275204000718.40  
2016051400000500122000000001764275301000718.40  
2016051400000500122000000001764275303000122.85  
2016051400000500122000000001764275305000035.92  
2016051400000500122000000001764275307000122.85  
2016051400000500122000000001764275311000035.92  
2016051400000500122000000001764275999002817.66  
2016051400000500123000000003417050074000162.47  
2016051400000500123000000003417050204000812.34  
2016051400000500123000000003417050301000812.34  
2016051400000500123000000003417050303000138.91  
2016051400000500123000000003417050305000040.62  
2016051400000500123000000003417050307000138.91  
2016051400000500123000000003417050311000040.62  
2016051400000500123000000003417050999001130.47  
2016051400000500124000000003786262074000161.63  
2016051400000500124000000003786262204000808.13  
2016051400000500124000000003786262301000808.13  
2016051400000500124000000003786262303000138.19  
2016051400000500124000000003786262305000040.41  
2016051400000500124000000003786262307000138.19  
2016051400000500124000000003786262311000040.41  
2016051400000500124000000003786262999003099.88  
2016051400000500125000000008854526074000138.26  
2016051400000500125000000008854526204000691.31  
2016051400000500125000000008854526301000691.31  
2016051400000500125000000008854526303000118.21  
2016051400000500125000000008854526305000034.57  
2016051400000500125000000008854526307000118.21  
2016051400000500125000000008854526311000034.57  
2016051400000500125000000008854526999003111.51  
2016051400000500126000000005151886074000161.99  
2016051400000500126000000005151886204000809.93  
2016051400000500126000000005151886301000809.93  
2016051400000500126000000005151886303000138.50  
2016051400000500126000000005151886305000040.50  
2016051400000500126000000005151886307000138.50  
2016051400000500126000000005151886311000040.50  
2016051400000500126000000005151886999002945.68  
2016051400000500127000000004538011074000107.74  
2016051400000500127000000004538011204000538.72  
2016051400000500127000000004538011302000538.72  
2016051400000500127000000004538011304000092.12  
2016051400000500127000000004538011306000026.94  
2016051400000500127000000004538011308000092.12  
2016051400000500127000000004538011312000026.94  
2016051400000500127000000004538011999001708.39  
2016051400000500129000000005179460074000155.09  
2016051400000500129000000005179460204000775.47  
2016051400000500129000000005179460302000775.47  
2016051400000500129000000005179460304000132.61  
2016051400000500129000000005179460306000038.77  
2016051400000500129000000005179460308000132.61  
2016051400000500129000000005179460312000038.77  
2016051400000500129000000005179460999003412.65  
2016051400000500130000000004410789074000177.88  
2016051400000500130000000004410789204000889.40  
2016051400000500130000000004410789301000889.40  
2016051400000500130000000004410789303000152.09  
2016051400000500130000000004410789305000044.47  
2016051400000500130000000004410789307000152.09  
2016051400000500130000000004410789311000044.47  
2016051400000500130000000004410789999004024.41  
2016051400000500131000000007319833074000131.67  
2016051400000500131000000007319833204000658.33  
2016051400000500131000000007319833301000658.33  
2016051400000500131000000007319833303000112.57  
2016051400000500131000000007319833305000032.92  
2016051400000500131000000007319833307000112.57  
2016051400000500131000000007319833311000032.92  
2016051400000500132000000004415402074000150.09  
2016051400000500132000000004415402204000750.45  
2016051400000500132000000004415402301000750.45  
2016051400000500132000000004415402303000128.33  
2016051400000500132000000004415402305000037.52  
2016051400000500132000000004415402307000128.33  
2016051400000500132000000004415402311000037.52  
2016051400000500132000000004415402999002579.97  
2016051400000500134000000003605581074000107.74  
2016051400000500134000000003605581204000538.72  
2016051400000500134000000003605581301000538.72  
2016051400000500134000000003605581303000092.12  
2016051400000500134000000003605581305000026.94  
2016051400000500134000000003605581307000092.12  
2016051400000500134000000003605581311000026.94  
2016051400000500134000000003605581999001726.77  
2016051400000500135000000005903134074000155.24  
2016051400000500135000000005903134204000776.20  
2016051400000500135000000005903134301000776.20  
2016051400000500135000000005903134303000132.73  
2016051400000500135000000005903134305000038.81  
2016051400000500135000000005903134307000132.73  
2016051400000500135000000005903134311000038.81  
2016051400000500135000000005903134999000848.46  
2016051400000500136000000004702349074000151.14  
2016051400000500136000000004702349204000755.68  
2016051400000500136000000004702349301000755.68  
2016051400000500136000000004702349303000129.22  
2016051400000500136000000004702349305000037.78  
2016051400000500136000000004702349307000129.22  
2016051400000500136000000004702349311000037.78  
2016051400000500136000000004702349999002775.29  
2016051400000500137000000002551314074000149.52  
2016051400000500137000000002551314204000747.62  
2016051400000500137000000002551314302000747.62  
2016051400000500137000000002551314304000127.84  
2016051400000500137000000002551314306000037.38  
2016051400000500137000000002551314308000127.84  
2016051400000500137000000002551314312000037.38  
2016051400000500137000000002551314999003197.69  
2016051400000500138000000003693620074000139.53  
2016051400000500138000000003693620204000697.65  
2016051400000500138000000003693620301000697.65  
2016051400000500138000000003693620303000119.30  
2016051400000500138000000003693620305000034.88  
2016051400000500138000000003693620307000119.30  
2016051400000500138000000003693620311000034.88  
2016051400000500138000000003693620999001101.45  
2016051400000500139000000004897781074000122.21  
2016051400000500139000000004897781204000611.06  
2016051400000500139000000004897781301000611.06  
2016051400000500139000000004897781303000104.49  
2016051400000500139000000004897781305000030.55  
2016051400000500139000000004897781307000104.49  
2016051400000500139000000004897781311000030.55  
2016051400000500139000000004897781999000394.50  
2016051400000500140000000004886972074000092.26  
2016051400000500140000000004886972204000461.32  
2016051400000500140000000004886972302000461.32  
2016051400000500140000000004886972304000078.89  
2016051400000500140000000004886972306000023.07  
2016051400000500140000000004886972308000078.89  
2016051400000500140000000004886972312000023.07  
2016051400000500140000000004886972999001858.83  
2016051400000500141000000004870962074000100.91  
2016051400000500141000000004870962204000504.54  
2016051400000500141000000004870962302000504.54  
2016051400000500141000000004870962304000086.28  
2016051400000500141000000004870962306000025.23  
2016051400000500141000000004870962308000086.28  
2016051400000500141000000004870962312000025.23  
2016051400000500141000000004870962999000865.18  
2016051400000500142000000003064016074000139.53  
2016051400000500142000000003064016204000697.65  
2016051400000500142000000003064016301000697.65  
2016051400000500142000000003064016303000119.30  
2016051400000500142000000003064016305000034.88  
2016051400000500142000000003064016307000119.30  
2016051400000500142000000003064016311000034.88  
2016051400000500142000000003064016999001063.50  
2016051400000500143000000003753027074000122.52  
2016051400000500143000000003753027204000612.59  
2016051400000500143000000003753027301000612.59  
2016051400000500143000000003753027303000104.75  
2016051400000500143000000003753027305000030.63  
2016051400000500143000000003753027307000104.75  
2016051400000500143000000003753027311000030.63  
2016051400000500143000000003753027999001469.74  
2016051400000500146000000003734545074000353.94  
2016051400000500146000000003734545204001769.72  
2016051400000500146000000003734545301001769.72  
2016051400000500146000000003734545303000302.62  
2016051400000500146000000003734545305000088.49  
2016051400000500146000000003734545307000302.62  
2016051400000500146000000003734545311000088.49  
2016051400000500146000000003734545327000046.97  
2016051400000500146000000003734545999001208.91  
2016051400000500201000000002991007074000384.98  
2016051400000500201000000002991007204001924.90  
2016051400000500201000000002991007302001924.90  
2016051400000500201000000002991007304000329.16  
2016051400000500201000000002991007306000096.25  
2016051400000500201000000002991007308000329.16  
2016051400000500201000000002991007312000096.25  
2016051400000500201000000002991007328000062.49  
2016051400000500201000000002991007999003458.95  
2016051400000500202000000000953021001000686.66  
2016051400000500202000000000953021074000807.65  
2016051400000500202000000000953021204004038.24  
2016051400000500202000000000953021302004038.24  
2016051400000500202000000000953021304000690.54  
2016051400000500202000000000953021306000201.91  
2016051400000500202000000000953021308000690.54  
2016051400000500202000000000953021312000201.91  
2016051400000500202000000000953021328001581.18  
2016051400000500202000000000953021999008057.26  
2016051400000500203000000001069089074000770.40  
2016051400000500203000000001069089204003852.00  
2016051400000500203000000001069089302003852.00  
2016051400000500203000000001069089304000658.69  
2016051400000500203000000001069089306000192.60  
2016051400000500203000000001069089308000658.69  
2016051400000500203000000001069089312000192.60  
2016051400000500203000000001069089328001283.20  
2016051400000500203000000001069089999003875.59  
2016051400000500204000000003017631074000786.25  
2016051400000500204000000003017631204003931.24  
2016051400000500204000000003017631302003931.24  
2016051400000500204000000003017631304000672.24  
2016051400000500204000000003017631306000196.56  
2016051400000500204000000003017631308000672.24  
2016051400000500204000000003017631312000196.56  
2016051400000500204000000003017631328001409.98  
2016051400000500204000000003017631999001409.98  
2016051400000500205000000001893812074000775.82  
2016051400000500205000000001893812204003879.08  
2016051400000500205000000001893812301003879.08  
2016051400000500205000000001893812303000663.32  
2016051400000500205000000001893812305000193.95  
2016051400000500205000000001893812307000663.32  
2016051400000500205000000001893812311000193.95  
2016051400000500205000000001893812327001326.53  
2016051400000500205000000001893812999004687.41  
2016051400000500206000000003025505074000796.33  
2016051400000500206000000003025505204003981.66  
2016051400000500206000000003025505302003981.66  
2016051400000500206000000003025505304000680.86  
2016051400000500206000000003025505306000199.08  
2016051400000500206000000003025505308000680.86  
2016051400000500206000000003025505312000199.08  
2016051400000500206000000003025505328001490.66  
2016051400000500206000000003025505999006052.93  
2016051400000500207000000005198940074000519.49  
2016051400000500207000000005198940204002597.44  
2016051400000500207000000005198940301002597.44  
2016051400000500207000000005198940303000444.16  
2016051400000500207000000005198940305000129.87  
2016051400000500207000000005198940307000444.16  
2016051400000500207000000005198940311000129.87  
2016051400000500207000000005198940327000178.46  
2016051400000500207000000005198940999007771.47  
2016051400000500209000000004901227001000010.99  
2016051400000500209000000004901227074000510.84  
2016051400000500209000000004901227204002554.22  
2016051400000500209000000004901227301002554.22  
2016051400000500209000000004901227303000436.77  
2016051400000500209000000004901227305000127.71  
2016051400000500209000000004901227307000436.77  
2016051400000500209000000004901227311000127.71  
2016051400000500209000000004901227327000152.53  
2016051400000500209000000004901227999000152.53  
2016051400000500210000000003621269074000552.62  
2016051400000500210000000003621269204002763.12  
2016051400000500210000000003621269301002763.12  
2016051400000500210000000003621269303000472.49  
2016051400000500210000000003621269305000138.16  
2016051400000500210000000003621269307000472.49  
2016051400000500210000000003621269311000138.16  
2016051400000500210000000003621269327000277.87  
2016051400000500210000000003621269999012482.19  
2016051400000500211000000004414796074000510.84  
2016051400000500211000000004414796204002554.22  
2016051400000500211000000004414796301002554.22  
2016051400000500211000000004414796303000436.77  
2016051400000500211000000004414796305000127.71  
2016051400000500211000000004414796307000436.77  
2016051400000500211000000004414796311000127.71  
2016051400000500211000000004414796327000152.53  
2016051400000500211000000004414796999005431.29  
2016051400000500212000000004411903074000503.64  
2016051400000500212000000004411903204002518.20  
2016051400000500212000000004411903302002518.20  
2016051400000500212000000004411903304000430.61  
2016051400000500212000000004411903306000125.91  
2016051400000500212000000004411903308000430.61  
2016051400000500212000000004411903312000125.91  
2016051400000500212000000004411903328000130.92  
2016051400000500212000000004411903999001207.80  
2016051400000500213000000005213524074000353.94  
2016051400000500213000000005213524204001769.72  
2016051400000500213000000005213524302001769.72  
2016051400000500213000000005213524304000302.62  
2016051400000500213000000005213524306000088.49  
2016051400000500213000000005213524308000302.62  
2016051400000500213000000005213524312000088.49  
2016051400000500213000000005213524328000046.97  
2016051400000500213000000005213524999006851.84  
2016051400000500217000000003778798074000358.34  
2016051400000500217000000003778798204001791.72  
2016051400000500217000000003778798301001791.72  
2016051400000500217000000003778798303000306.38  
2016051400000500217000000003778798305000089.59  
2016051400000500217000000003778798307000306.38  
2016051400000500217000000003778798311000089.59  
2016051400000500217000000003778798327000049.17  
2016051400000500217000000003778798999008157.45  
2016051400000500218000000002406485074000308.45  
2016051400000500218000000002406485204001542.24  
2016051400000500218000000002406485301001542.24  
2016051400000500218000000002406485303000263.72  
2016051400000500218000000002406485305000077.11  
2016051400000500218000000002406485307000263.72  
2016051400000500218000000002406485311000077.11  
2016051400000500218000000002406485327000024.22  
2016051400000500218000000002406485999001195.52  
2016051400000500219000000000810986001000054.21  
2016051400000500219000000000810986074000330.06  
2016051400000500219000000000810986204001650.29  
2016051400000500219000000000810986302001650.29  
2016051400000500219000000000810986304000282.20  
2016051400000500219000000000810986306000082.51  
2016051400000500219000000000810986308000282.20  
2016051400000500219000000000810986312000082.51  
2016051400000500219000000000810986328000035.03  
2016051400000500219000000000810986999001156.06  
2016051400000500221000000002900854074000503.64  
2016051400000500221000000002900854204002518.20  
2016051400000500221000000002900854302002518.20  
2016051400000500221000000002900854304000430.61  
2016051400000500221000000002900854306000125.91  
2016051400000500221000000002900854308000430.61  
2016051400000500221000000002900854312000125.91  
2016051400000500221000000002900854328000130.92  
2016051400000500221000000002900854999004255.18  
2016051400000500222000000002862575074000503.64  
2016051400000500222000000002862575204002518.20  
2016051400000500222000000002862575301002518.20  
2016051400000500222000000002862575303000430.61  
2016051400000500222000000002862575305000125.91  
2016051400000500222000000002862575307000430.61  
2016051400000500222000000002862575311000125.91  
2016051400000500222000000002862575327000130.92  
2016051400000500222000000002862575999000130.92  
2016051400000500225000000003314456074000234.97  
2016051400000500225000000003314456204001174.84  
2016051400000500225000000003314456301001174.84  
2016051400000500225000000003314456303000200.90  
2016051400000500225000000003314456305000058.74  
2016051400000500225000000003314456307000200.90  
2016051400000500225000000003314456311000058.74  
2016051400000500225000000003314456999003999.68  
2016051400000500226000000001930623074000255.96  
2016051400000500226000000001930623204001279.82  
2016051400000500226000000001930623302001279.82  
2016051400000500226000000001930623304000218.85  
2016051400000500226000000001930623306000063.99  
2016051400000500226000000001930623308000218.85  
2016051400000500226000000001930623312000063.99  
2016051400000500226000000001930623999000871.77  
2016051400000500227000000000936305074000297.74  
2016051400000500227000000000936305204001488.72  
2016051400000500227000000000936305301001488.72  
2016051400000500227000000000936305303000254.57  
2016051400000500227000000000936305305000074.44  
2016051400000500227000000000936305307000254.57  
2016051400000500227000000000936305311000074.44  
2016051400000500227000000000936305327000018.87  
2016051400000500227000000000936305999005218.55  
2016051400000500228000000005193215074000226.32  
2016051400000500228000000005193215204001131.62  
2016051400000500228000000005193215301001131.62  
2016051400000500228000000005193215303000193.51  
2016051400000500228000000005193215305000056.58  
2016051400000500228000000005193215307000193.51  
2016051400000500228000000005193215311000056.58  
2016051400000500228000000005193215999003602.32  
2016051400000500229000000004502182074000146.40  
2016051400000500229000000004502182204000732.02  
2016051400000500229000000004502182301000732.02  
2016051400000500229000000004502182303000125.17  
2016051400000500229000000004502182305000036.60  
2016051400000500229000000004502182307000125.17  
2016051400000500229000000004502182311000036.60  
2016051400000500229000000004502182999000455.01  
2016051400000500230000000003757088074000296.61  
2016051400000500230000000003757088204001483.06  
2016051400000500230000000003757088301001483.06  
2016051400000500230000000003757088303000253.60  
2016051400000500230000000003757088305000074.15  
2016051400000500230000000003757088307000253.60  
2016051400000500230000000003757088311000074.15  
2016051400000500230000000003757088327000018.31  
2016051400000500230000000003757088999005528.22  
2016051400000500231000000003131710074000369.87  
2016051400000500231000000003131710204001849.35  
2016051400000500231000000003131710301001849.35  
2016051400000500231000000003131710303000316.24  
2016051400000500231000000003131710305000092.47  
2016051400000500231000000003131710307000316.24  
2016051400000500231000000003131710311000092.47  
2016051400000500231000000003131710327000054.93  
2016051400000500231000000003131710999008270.00  
2016051400000500232000000002875093074000299.80  
2016051400000500232000000002875093204001499.02  
2016051400000500232000000002875093302001499.02  
2016051400000500232000000002875093304000256.33  
2016051400000500232000000002875093306000074.95  
2016051400000500232000000002875093308000256.33  
2016051400000500232000000002875093312000074.95  
2016051400000500232000000002875093328000019.90  
2016051400000500232000000002875093999000711.21  
2016051400000500233000000003622065074000341.58  
2016051400000500233000000003622065204001707.92  
2016051400000500233000000003622065301001707.92  
2016051400000500233000000003622065303000292.05  
2016051400000500233000000003622065305000085.40  
2016051400000500233000000003622065307000292.05  
2016051400000500233000000003622065311000085.40  
2016051400000500233000000003622065327000040.79  
2016051400000500233000000003622065999006121.11  
2016051400000500234000000004076151074000146.40  
2016051400000500234000000004076151204000732.02  
2016051400000500234000000004076151301000732.02  
2016051400000500234000000004076151303000125.17  
2016051400000500234000000004076151305000036.60  
2016051400000500234000000004076151307000125.17  
2016051400000500234000000004076151311000036.60  
2016051400000500234000000004076151999000963.94  
2016051400000500235000000003623123074000407.25  
2016051400000500235000000003623123204002036.25  
2016051400000500235000000003623123302002036.25  
2016051400000500235000000003623123304000348.20  
2016051400000500235000000003623123306000101.81  
2016051400000500235000000003623123308000348.20  
2016051400000500235000000003623123312000101.81  
2016051400000500235000000003623123328000073.62  
2016051400000500235000000003623123999003626.69  
2016051400000500236000000003742365074000185.99  
2016051400000500236000000003742365204000929.94  
2016051400000500236000000003742365301000929.94  
2016051400000500236000000003742365303000159.02  
2016051400000500236000000003742365305000046.50  
2016051400000500236000000003742365307000159.02  
2016051400000500236000000003742365311000046.50  
2016051400000500236000000003742365999001106.08  
2016051400000500237000000003596872074000139.20  
2016051400000500237000000003596872204000696.00  
2016051400000500237000000003596872301000696.00  
2016051400000500237000000003596872303000119.02  
2016051400000500237000000003596872305000034.80  
2016051400000500237000000003596872307000119.02  
2016051400000500237000000003596872311000034.80  
2016051400000500237000000003596872999000056.56  
2016051400000500238000000000998945074000157.26  
2016051400000500238000000000998945204000786.30  
2016051400000500238000000000998945301000786.30  
2016051400000500238000000000998945303000134.46  
2016051400000500238000000000998945305000039.32  
2016051400000500238000000000998945307000134.46  
2016051400000500238000000000998945311000039.32  
2016051400000500238000000000998945999000525.14  
2016051400000500239000000003124516074000346.74  
2016051400000500239000000003124516204001733.70  
2016051400000500239000000003124516302001733.70  
2016051400000500239000000003124516304000296.46  
2016051400000500239000000003124516306000086.69  
2016051400000500239000000003124516308000296.46  
2016051400000500239000000003124516312000086.69  
2016051400000500239000000003124516328000043.37  
2016051400000500239000000003124516999000075.57  
2016051400000500240000000002632315074000085.06  
2016051400000500240000000002632315204000425.30  
2016051400000500240000000002632315301000425.30  
2016051400000500240000000002632315303000072.73  
2016051400000500240000000002632315305000021.27  
2016051400000500240000000002632315307000072.73  
2016051400000500240000000002632315311000021.27  
2016051400000500240000000002632315999000431.00  
2016051400000500242000000006782273074000151.58  
2016051400000500242000000006782273204000757.92  
2016051400000500242000000006782273301000757.92  
2016051400000500242000000006782273303000129.60  
2016051400000500242000000006782273305000037.90  
2016051400000500242000000006782273307000129.60  
2016051400000500242000000006782273311000037.90  
2016051400000500243000000006096339074000144.87  
2016051400000500243000000006096339204000724.34  
2016051400000500243000000006096339302000724.34  
2016051400000500243000000006096339304000123.86  
2016051400000500243000000006096339306000036.22  
2016051400000500243000000006096339308000123.86  
2016051400000500243000000006096339312000036.22  
2016051400000500243000000006096339999000403.41  
2016051400000500244000000007962862074000144.87  
2016051400000500244000000007962862204000724.34  
2016051400000500244000000007962862301000724.34  
2016051400000500244000000007962862303000123.86  
2016051400000500244000000007962862305000036.22  
2016051400000500244000000007962862307000123.86  
2016051400000500244000000007962862311000036.22  
2016051400000500244000000007962862999000492.27  
2016051400000500245000000004200223074000158.89  
2016051400000500245000000004200223204000794.47  
2016051400000500245000000004200223302000794.47  
2016051400000500245000000004200223304000135.85  
2016051400000500245000000004200223306000039.72  
2016051400000500245000000004200223308000135.85  
2016051400000500245000000004200223312000039.72  
2016051400000500245000000004200223999003855.74  
2016051400000500246000000004181581074000128.13  
2016051400000500246000000004181581204000640.63  
2016051400000500246000000004181581302000640.63  
2016051400000500246000000004181581304000109.55  
2016051400000500246000000004181581306000032.03  
2016051400000500246000000004181581308000109.55  
2016051400000500246000000004181581312000032.03  
2016051400000500247000000010810697074000133.70  
2016051400000500247000000010810697204000668.49  
2016051400000500247000000010810697302000668.49  
2016051400000500247000000010810697304000114.31  
2016051400000500247000000010810697306000033.42  
2016051400000500247000000010810697308000114.31  
2016051400000500247000000010810697312000033.42  
2016051400000500248000000009267511074000126.99  
2016051400000500248000000009267511204000634.97  
2016051400000500248000000009267511302000634.97  
2016051400000500248000000009267511304000108.58  
2016051400000500248000000009267511306000031.75  
2016051400000500248000000009267511308000108.58  
2016051400000500248000000009267511312000031.75  
2016051400000500249000000004202022074000130.64  
2016051400000500249000000004202022204000653.20  
2016051400000500249000000004202022302000653.20  
2016051400000500249000000004202022304000111.70  
2016051400000500249000000004202022306000032.66  
2016051400000500249000000004202022308000111.70  
2016051400000500249000000004202022312000032.66  
2016051400000500250000000007596741074000101.38  
2016051400000500250000000007596741204000506.89  
2016051400000500250000000007596741302000506.89  
2016051400000500250000000007596741304000086.68  
2016051400000500250000000007596741306000025.34  
2016051400000500250000000007596741308000086.68  
2016051400000500250000000007596741312000025.34  
2016051400000500252000000004215029074000105.05  
2016051400000500252000000004215029204000525.25  
2016051400000500252000000004215029301000525.25  
2016051400000500252000000004215029303000089.82  
2016051400000500252000000004215029305000026.26  
2016051400000500252000000004215029307000089.82  
2016051400000500252000000004215029311000026.26  
2016051400000500253000000004213033074000110.40  
2016051400000500253000000004213033204000552.01  
2016051400000500253000000004213033301000552.01  
2016051400000500253000000004213033303000094.39  
2016051400000500253000000004213033305000027.60  
2016051400000500253000000004213033307000094.39  
2016051400000500253000000004213033311000027.60  
2016051400000500253000000004213033999000016.68  
2016051400000500254000000005476332074000105.90  
2016051400000500254000000005476332204000529.50  
2016051400000500254000000005476332301000529.50  
2016051400000500254000000005476332303000090.54  
2016051400000500254000000005476332305000026.47  
2016051400000500254000000005476332307000090.54  
2016051400000500254000000005476332311000026.47  
2016051400000500255000000007779101074000102.07  
2016051400000500255000000007779101204000510.36  
2016051400000500255000000007779101301000510.36  
2016051400000500255000000007779101303000087.27  
2016051400000500255000000007779101305000025.52  
2016051400000500255000000007779101307000087.27  
2016051400000500255000000007779101311000025.52  
2016051400000500255000000007779101999000053.15  
2016051400000500256000000004203445074000102.18  
2016051400000500256000000004203445204000510.89  
2016051400000500256000000004203445302000510.89  
2016051400000500256000000004203445304000087.36  
2016051400000500256000000004203445306000025.54  
2016051400000500256000000004203445308000087.36  
2016051400000500256000000004203445312000025.54  
2016051400000500257000000008401656074000102.07  
2016051400000500257000000008401656204000510.36  
2016051400000500257000000008401656301000510.36  
2016051400000500257000000008401656303000087.27  
2016051400000500257000000008401656305000025.52  
2016051400000500257000000008401656307000087.27  
2016051400000500257000000008401656311000025.52  
2016051400000500257000000008401656999000049.52  
2016051400000500258000000004417820074000118.16  
2016051400000500258000000004417820204000590.81  
2016051400000500258000000004417820302000590.81  
2016051400000500258000000004417820304000101.03  
2016051400000500258000000004417820306000029.54  
2016051400000500258000000004417820308000101.03  
2016051400000500258000000004417820312000029.54  
2016051400000500259000000004851683074000195.92  
2016051400000500259000000004851683204000979.60  
2016051400000500259000000004851683302000979.60  
2016051400000500259000000004851683304000167.51  
2016051400000500259000000004851683306000048.98  
2016051400000500259000000004851683308000167.51  
2016051400000500259000000004851683312000048.98  
2016051400000500261000000003023880074000207.52  
2016051400000500261000000003023880204001037.61  
2016051400000500261000000003023880302001037.61  
2016051400000500261000000003023880304000177.43  
2016051400000500261000000003023880306000051.88  
2016051400000500261000000003023880308000177.43  
2016051400000500261000000003023880312000051.88  
2016051400000500261000000003023880999000011.40  
