20160514000005002490000000042020221100000111400000544.33  
20160514000005002490000000042020221100000111700005027.00  
20160514000005002490000000042020221100000111910001504.96  
20160514000005002490000000042020221100000113110000653.20  
20160514000005002490000000042020221100000113120000111.70  
20160514000005002490000000042020221100000113131000195.96  
20160514000005002490000000042020221100000113200000130.64  
20160514000005000120000000044701020900000111220000360.17  
20160514000005000120000000044701020900000111400001474.76  
20160514000005000120000000044701020900000111600001656.00  
20160514000005000120000000044701020900000111700017337.00  
20160514000005000120000000044701020900000113110001769.72  
20160514000005000120000000044701020900000113120000302.62  
20160514000005000120000000044701020900000113131000530.92  
20160514000005000120000000044701020900000113200000353.94  
20160514000005000940000000061440980900000111400000580.00  
20160514000005000940000000061440980900000111600003312.00  
20160514000005000940000000061440980900000111700006960.00  
20160514000005000940000000061440980900000113110000696.00  
20160514000005000940000000061440980900000113120000119.02  
20160514000005000940000000061440980900000113131000208.80  
20160514000005000940000000061440980900000113200000139.20  
20160514000005000540000000030812510900000111220002449.18  
20160514000005000540000000030812510900000111400001117.10  
20160514000005000540000000030812510900000111700010956.00  
20160514000005000540000000030812510900000113110001340.52  
20160514000005000540000000030812510900000113120000229.23  
20160514000005000540000000030812510900000113131000402.16  
20160514000005000540000000030812510900000113200000268.10  
20160514000005002400000000026323150900000111400000354.42  
20160514000005002400000000026323150900000111700004253.00  
20160514000005002400000000026323150900000113110000425.30  
20160514000005002400000000026323150900000113120000072.73  
20160514000005002400000000026323150900000113131000127.59  
20160514000005002400000000026323150900000113200000085.06  
20160514000005000900000000045103950900000111220000360.17  
20160514000005000900000000045103950900000111400000610.01  
20160514000005000900000000045103950900000111700006960.00  
20160514000005000900000000045103950900000113110000732.02  
20160514000005000900000000045103950900000113120000125.17  
20160514000005000900000000045103950900000113131000219.61  
20160514000005000900000000045103950900000113200000146.40  
20160514000005000440000000009521341000000111220003025.46  
20160514000005000440000000009521341000000111400001379.96  
20160514000005000440000000009521341000000111700013534.00  
20160514000005000440000000009521341000000113110001655.95  
20160514000005000440000000009521341000000113120000283.17  
20160514000005000440000000009521341000000113131000496.78  
20160514000005000440000000009521341000000113200000331.19  
20160514000005000280000000030994141100000111220000792.38  
20160514000005000280000000030994141100000111310002926.00  
20160514000005000280000000030994141100000111400001529.03  
20160514000005000280000000030994141100000111700014630.00  
20160514000005000280000000030994141100000113110001834.84  
20160514000005000280000000030994141100000113120000313.76  
20160514000005000280000000030994141100000113131000550.45  
20160514000005000280000000030994141100000113200000366.97  
20160514000005002370000000035968720900000111400000580.00  
20160514000005002370000000035968720900000111700006960.00  
20160514000005002370000000035968720900000113110000696.00  
20160514000005002370000000035968720900000113120000119.02  
20160514000005002370000000035968720900000113131000208.80  
20160514000005002370000000035968720900000113200000139.20  
20160514000005002190000000008109860900000111220001872.90  
20160514000005002190000000008109860900000111400001375.24  
20160514000005002190000000008109860900000111700014630.00  
20160514000005002190000000008109860900000113110001650.29  
20160514000005002190000000008109860900000113120000282.20  
20160514000005002190000000008109860900000113131000495.09  
20160514000005002190000000008109860900000113200000330.06  
20160514000005001150000000043297891100000111220002449.18  
20160514000005001150000000043297891100000111310001147.20  
20160514000005001150000000043297891100000111400000942.01  
20160514000005001150000000043297891100000111600001656.00  
20160514000005001150000000043297891100000111700005736.00  
20160514000005001150000000043297891100000111910001971.75  
20160514000005001150000000043297891100000113110001130.41  
20160514000005001150000000043297891100000113120000193.30  
20160514000005001150000000043297891100000113131000339.12  
20160514000005001150000000043297891100000113200000226.08  
20160514000005002180000000024064850900000111220000792.38  
20160514000005002180000000024064850900000111400001285.20  
20160514000005002180000000024064850900000111700014630.00  
20160514000005002180000000024064850900000113110001542.24  
20160514000005002180000000024064850900000113120000263.72  
20160514000005002180000000024064850900000113131000462.67  
20160514000005002180000000024064850900000113200000308.45  
20160514000005002250000000033144560900000111220000792.38  
20160514000005002250000000033144560900000111400000979.03  
20160514000005002250000000033144560900000111700010956.00  
20160514000005002250000000033144560900000113110001174.84  
20160514000005002250000000033144560900000113120000200.90  
20160514000005002250000000033144560900000113131000352.45  
20160514000005002250000000033144560900000113200000234.97  
20160514000005002350000000036231231000000111220003025.46  
20160514000005002350000000036231231000000111400001696.87  
20160514000005002350000000036231231000000111700017337.00  
20160514000005002350000000036231231000000113110002036.25  
20160514000005002350000000036231231000000113120000348.20  
20160514000005002350000000036231231000000113131000610.87  
20160514000005002350000000036231231000000113200000407.25  
20160514000005002590000000048516830900000111400000816.33  
20160514000005002590000000048516830900000111700009796.00  
20160514000005002590000000048516830900000113110000979.60  
20160514000005002590000000048516830900000113120000167.51  
20160514000005002590000000048516830900000113131000293.88  
20160514000005002590000000048516830900000113200000195.92  
20160514000005001220000000017642751100000111220000792.38  
20160514000005001220000000017642751100000111310001005.40  
20160514000005001220000000017642751100000111400000598.67  
20160514000005001220000000017642751100000111700005027.00  
20160514000005001220000000017642751100000111910000359.23  
20160514000005001220000000017642751100000113110000718.40  
20160514000005001220000000017642751100000113120000122.85  
20160514000005001220000000017642751100000113131000215.52  
20160514000005001220000000017642751100000113200000143.68  
20160514000005000290000000037708311100000111220001872.90  
20160514000005000290000000037708311100000111310002926.00  
20160514000005000290000000037708311100000111400001619.08  
20160514000005000290000000037708311100000111700014630.00  
20160514000005000290000000037708311100000113110001942.89  
20160514000005000290000000037708311100000113120000332.23  
20160514000005000290000000037708311100000113131000582.87  
20160514000005000290000000037708311100000113200000388.58  
20160514000005000560000000051699641000000111220000360.17  
20160514000005000560000000051699641000000111400000943.01  
20160514000005000560000000051699641000000111700010956.00  
20160514000005000560000000051699641000000113110001131.62  
20160514000005000560000000051699641000000113120000193.51  
20160514000005000560000000051699641000000113131000339.49  
20160514000005000560000000051699641000000113200000226.32  
20160514000005002110000000044147960900000111220000360.17  
20160514000005002110000000044147960900000111400002128.51  
20160514000005002110000000044147960900000111700025182.00  
20160514000005002110000000044147960900000113110002554.22  
20160514000005002110000000044147960900000113120000436.77  
20160514000005002110000000044147960900000113131000766.27  
20160514000005002110000000044147960900000113200000510.84  
20160514000005002570000000084016561100000111310000850.60  
20160514000005002570000000084016561100000111400000425.30  
20160514000005002570000000084016561100000111700004253.00  
20160514000005002570000000084016561100000113110000510.36  
20160514000005002570000000084016561100000113120000087.27  
20160514000005002570000000084016561100000113131000153.11  
20160514000005002570000000084016561100000113200000102.07  
20160514000005001160000000035049721100000111220002449.18  
20160514000005001160000000035049721100000111310001147.20  
20160514000005001160000000035049721100000111400000813.55  
20160514000005001160000000035049721100000111700005736.00  
20160514000005001160000000035049721100000111910000430.20  
20160514000005001160000000035049721100000113110000976.26  
20160514000005001160000000035049721100000113120000166.94  
20160514000005001160000000035049721100000113131000292.88  
20160514000005001160000000035049721100000113200000195.25  
20160514000005000650000000044144611100000111220000792.38  
20160514000005000650000000044144611100000111310001959.20  
20160514000005000650000000044144611100000111400001045.63  
20160514000005000650000000044144611100000111700009796.00  
20160514000005000650000000044144611100000113110001254.76  
20160514000005000650000000044144611100000113120000214.56  
20160514000005000650000000044144611100000113131000376.43  
20160514000005000650000000044144611100000113200000250.95  
20160514000005000570000000030128040900000111220000360.17  
20160514000005000570000000030128040900000111400000943.01  
20160514000005000570000000030128040900000111700010956.00  
20160514000005000570000000030128040900000113110001131.62  
20160514000005000570000000030128040900000113120000193.51  
20160514000005000570000000030128040900000113131000339.49  
20160514000005000570000000030128040900000113200000226.32  
20160514000005001170000000037549901100000111220002449.18  
20160514000005001170000000037549901100000111310001147.20  
20160514000005001170000000037549901100000111400000915.42  
20160514000005001170000000037549901100000111700005736.00  
20160514000005001170000000037549901100000111910001652.69  
20160514000005001170000000037549901100000113110001098.51  
20160514000005001170000000037549901100000113120000187.84  
20160514000005001170000000037549901100000113131000329.55  
20160514000005001170000000037549901100000113200000219.70  
20160514000005000740000000052918901100000111220000360.17  
20160514000005000740000000052918901100000111310001701.40  
20160514000005000740000000052918901100000111400000880.71  
20160514000005000740000000052918901100000111700008507.00  
20160514000005000740000000052918901100000113110001056.86  
20160514000005000740000000052918901100000113120000180.72  
20160514000005000740000000052918901100000113131000317.06  
20160514000005000740000000052918901100000113200000211.37  
20160514000005002300000000037570881100000111220001296.63  
20160514000005002300000000037570881100000111400001235.89  
20160514000005002300000000037570881100000111700013534.00  
20160514000005002300000000037570881100000113110001483.06  
20160514000005002300000000037570881100000113120000253.60  
20160514000005002300000000037570881100000113131000444.92  
20160514000005002300000000037570881100000113200000296.61  
20160514000005000750000000040131221000000111220000360.17  
20160514000005000750000000040131221000000111400000738.93  
20160514000005000750000000040131221000000111700008507.00  
20160514000005000750000000040131221000000113110000886.72  
20160514000005000750000000040131221000000113120000151.63  
20160514000005000750000000040131221000000113131000266.02  
20160514000005000750000000040131221000000113200000177.34  
20160514000005002340000000040761511100000111220000360.17  
20160514000005002340000000040761511100000111400000610.01  
20160514000005002340000000040761511100000111700006960.00  
20160514000005002340000000040761511100000113110000732.02  
20160514000005002340000000040761511100000113120000125.17  
20160514000005002340000000040761511100000113131000219.61  
20160514000005002340000000040761511100000113200000146.40  
20160514000005001230000000034170501100000111220000792.38  
20160514000005001230000000034170501100000111310001005.40  
20160514000005001230000000034170501100000111400000676.95  
20160514000005001230000000034170501100000111700005027.00  
20160514000005001230000000034170501100000111910001298.65  
20160514000005001230000000034170501100000113110000812.34  
20160514000005001230000000034170501100000113120000138.91  
20160514000005001230000000034170501100000113131000243.70  
20160514000005001230000000034170501100000113200000162.47  
20160514000005000470000000035904831000000111220000792.38  
20160514000005000470000000035904831000000111400001193.87  
20160514000005000470000000035904831000000111700013534.00  
20160514000005000470000000035904831000000113110001432.64  
20160514000005000470000000035904831000000113120000244.98  
20160514000005000470000000035904831000000113131000429.79  
20160514000005000470000000035904831000000113200000286.53  
20160514000005000580000000044506571000000111220000360.17  
20160514000005000580000000044506571000000111400000943.01  
20160514000005000580000000044506571000000111700010956.00  
20160514000005000580000000044506571000000113110001131.62  
20160514000005000580000000044506571000000113120000193.51  
20160514000005000580000000044506571000000113131000339.49  
20160514000005000580000000044506571000000113200000226.32  
20160514000005001380000000036936201000000111220001872.90  
20160514000005001380000000036936201000000111310000850.60  
20160514000005001380000000036936201000000111400000581.38  
20160514000005001380000000036936201000000111700004253.00  
20160514000005001380000000036936201000000113110000697.65  
20160514000005001380000000036936201000000113120000119.30  
20160514000005001380000000036936201000000113131000209.30  
20160514000005001380000000036936201000000113200000139.53  
20160514000005001010000000013705021100000111220003025.46  
20160514000005001010000000013705021100000111310001263.20  
20160514000005001010000000013705021100000111400000883.72  
20160514000005001010000000013705021100000111700006316.00  
20160514000005001010000000013705021100000113110001060.47  
20160514000005001010000000013705021100000113120000181.34  
20160514000005001010000000013705021100000113131000318.14  
20160514000005001010000000013705021100000113200000212.09  
20160514000005001020000000026926041100000111220002449.18  
20160514000005001020000000026926041100000111310001263.20  
20160514000005001020000000026926041100000111400000875.17  
20160514000005001020000000026926041100000111700006316.00  
20160514000005001020000000026926041100000111910000473.70  
20160514000005001020000000026926041100000113110001050.21  
20160514000005001020000000026926041100000113120000179.59  
20160514000005001020000000026926041100000113131000315.06  
20160514000005001020000000026926041100000113200000210.04  
20160514000005001310000000073198331100000111310001005.40  
20160514000005001310000000073198331100000111400000548.61  
20160514000005001310000000073198331100000111700005027.00  
20160514000005001310000000073198331100000111910000550.88  
20160514000005001310000000073198331100000113110000658.33  
20160514000005001310000000073198331100000113120000112.57  
20160514000005001310000000073198331100000113131000197.50  
20160514000005001310000000073198331100000113200000131.67  
20160514000005000920000000029143441100000111220003025.46  
20160514000005000920000000029143441100000111310001392.00  
20160514000005000920000000029143441100000111400000991.62  
20160514000005000920000000029143441100000111700006960.00  
20160514000005000920000000029143441100000111910000522.00  
20160514000005000920000000029143441100000113110001189.95  
20160514000005000920000000029143441100000113120000203.48  
20160514000005000920000000029143441100000113131000356.98  
20160514000005000920000000029143441100000113200000237.99  
20160514000005002130000000052135240900000111220000360.17  
20160514000005002130000000052135240900000111400001474.76  
20160514000005002130000000052135240900000111700017337.00  
20160514000005002130000000052135240900000113110001769.72  
20160514000005002130000000052135240900000113120000302.62  
20160514000005002130000000052135240900000113131000530.92  
20160514000005002130000000052135240900000113200000353.94  
20160514000005002530000000042130331100000111310000850.60  
20160514000005002530000000042130331100000111400000460.00  
20160514000005002530000000042130331100000111700004253.00  
20160514000005002530000000042130331100000111910000416.45  
20160514000005002530000000042130331100000113110000552.01  
20160514000005002530000000042130331100000113120000094.39  
20160514000005002530000000042130331100000113131000165.60  
20160514000005002530000000042130331100000113200000110.40  
20160514000005001030000000009599340900000111220003601.74  
20160514000005001030000000009599340900000111400000826.48  
20160514000005001030000000009599340900000111700006316.00  
20160514000005001030000000009599340900000113110000991.77  
20160514000005001030000000009599340900000113120000169.59  
20160514000005001030000000009599340900000113131000297.53  
20160514000005001030000000009599340900000113200000198.35  
20160514000005002580000000044178201100000111310000850.60  
20160514000005002580000000044178201100000111400000492.34  
20160514000005002580000000044178201100000111700004253.00  
20160514000005002580000000044178201100000111910000804.53  
20160514000005002580000000044178201100000113110000590.81  
20160514000005002580000000044178201100000113120000101.03  
20160514000005002580000000044178201100000113131000177.24  
20160514000005002580000000044178201100000113200000118.16  
20160514000005001240000000037862621100000111220001872.90  
20160514000005001240000000037862621100000111310001005.40  
20160514000005001240000000037862621100000111400000673.44  
20160514000005001240000000037862621100000111700005027.00  
20160514000005001240000000037862621100000111910000175.95  
20160514000005001240000000037862621100000113110000808.13  
20160514000005001240000000037862621100000113120000138.19  
20160514000005001240000000037862621100000113131000242.44  
20160514000005001240000000037862621100000113200000161.63  
20160514000005000090000000028683471000000111220001296.63  
20160514000005000090000000028683471000000111400001552.80  
20160514000005000090000000028683471000000111700017337.00  
20160514000005000090000000028683471000000113110001863.36  
20160514000005000090000000028683471000000113120000318.64  
20160514000005000090000000028683471000000113131000559.01  
20160514000005000090000000028683471000000113200000372.67  
20160514000005000100000000031374600900000111220002449.18  
20160514000005000100000000031374600900000111400001648.85  
20160514000005000100000000031374600900000111700017337.00  
20160514000005000100000000031374600900000113110001978.62  
20160514000005000100000000031374600900000113120000338.34  
20160514000005000100000000031374600900000113131000593.59  
20160514000005000100000000031374600900000113200000395.72  
20160514000005000760000000064666681100000111220000360.17  
20160514000005000760000000064666681100000111310001701.40  
20160514000005000760000000064666681100000111400000880.71  
20160514000005000760000000064666681100000111700008507.00  
20160514000005000760000000064666681100000113110001056.86  
20160514000005000760000000064666681100000113120000180.72  
20160514000005000760000000064666681100000113131000317.06  
20160514000005000760000000064666681100000113200000211.37  
20160514000005000930000000030781101100000111220002449.18  
20160514000005000930000000030781101100000111310001392.00  
20160514000005000930000000030781101100000111400000943.60  
20160514000005000930000000030781101100000111700006960.00  
20160514000005000930000000030781101100000111910000522.00  
20160514000005000930000000030781101100000113110001132.32  
20160514000005000930000000030781101100000113120000193.63  
20160514000005000930000000030781101100000113131000339.70  
20160514000005000930000000030781101100000113200000226.46  
20160514000005001250000000088545261100000111220000360.17  
20160514000005001250000000088545261100000111310001005.40  
20160514000005001250000000088545261100000111400000576.09  
20160514000005001250000000088545261100000111600001656.00  
20160514000005001250000000088545261100000111700005027.00  
20160514000005001250000000088545261100000111910000520.51  
20160514000005001250000000088545261100000113110000691.31  
20160514000005001250000000088545261100000113120000118.21  
20160514000005001250000000088545261100000113131000207.39  
20160514000005001250000000088545261100000113200000138.26  
20160514000005002270000000009363050900000111220002449.18  
20160514000005002270000000009363050900000111400001240.60  
20160514000005002270000000009363050900000111700012438.00  
20160514000005002270000000009363050900000113110001488.72  
20160514000005002270000000009363050900000113120000254.57  
20160514000005002270000000009363050900000113131000446.62  
20160514000005002270000000009363050900000113200000297.74  
20160514000005001260000000051518861100000111220000792.38  
20160514000005001260000000051518861100000111310001005.40  
20160514000005001260000000051518861100000111400000674.94  
20160514000005001260000000051518861100000111700005027.00  
20160514000005001260000000051518861100000111910001274.55  
20160514000005001260000000051518861100000113110000809.93  
20160514000005001260000000051518861100000113120000138.50  
20160514000005001260000000051518861100000113131000242.98  
20160514000005001260000000051518861100000113200000161.99  
20160514000005000820000000028997750900000111220000360.17  
20160514000005000820000000028997750900000111400000685.26  
20160514000005000820000000028997750900000111700007863.00  
20160514000005000820000000028997750900000113110000822.32  
20160514000005000820000000028997750900000113120000140.62  
20160514000005000820000000028997750900000113131000246.70  
20160514000005000820000000028997750900000113200000164.46  
20160514000005002330000000036220651200000111220002449.18  
20160514000005002330000000036220651200000111400001423.27  
20160514000005002330000000036220651200000111700014630.00  
20160514000005002330000000036220651200000113110001707.92  
20160514000005002330000000036220651200000113120000292.05  
20160514000005002330000000036220651200000113131000512.38  
20160514000005002330000000036220651200000113200000341.58  
20160514000005000660000000051617001100000111220000360.17  
20160514000005000660000000051617001100000111310001959.20  
20160514000005000660000000051617001100000111400001009.61  
20160514000005000660000000051617001100000111700009796.00  
20160514000005000660000000051617001100000113110001211.54  
20160514000005000660000000051617001100000113120000207.17  
20160514000005000660000000051617001100000113131000363.46  
20160514000005000660000000051617001100000113200000242.31  
20160514000005001270000000045380110900000111220000360.17  
20160514000005001270000000045380110900000111400000448.93  
20160514000005001270000000045380110900000111700005027.00  
20160514000005001270000000045380110900000113110000538.72  
20160514000005001270000000045380110900000113120000092.12  
20160514000005001270000000045380110900000113131000161.62  
20160514000005001270000000045380110900000113200000107.74  
20160514000005002260000000019306230900000111220000360.17  
20160514000005002260000000019306230900000111400001066.51  
20160514000005002260000000019306230900000111700012438.00  
20160514000005002260000000019306230900000113110001279.82  
20160514000005002260000000019306230900000113120000218.85  
20160514000005002260000000019306230900000113131000383.95  
20160514000005002260000000019306230900000113200000255.96  
20160514000005000950000000064310240900000111220000360.17  
20160514000005000950000000064310240900000111400000610.01  
20160514000005000950000000064310240900000111700006960.00  
20160514000005000950000000064310240900000113110000732.02  
20160514000005000950000000064310240900000113120000125.17  
20160514000005000950000000064310240900000113131000219.61  
20160514000005000950000000064310240900000113200000146.40  
20160514000005001040000000017606861100000111220001872.90  
20160514000005001040000000017606861100000111310001263.20  
20160514000005001040000000017606861100000111400000787.68  
20160514000005001040000000017606861100000111700006316.00  
20160514000005001040000000017606861100000113110000945.21  
20160514000005001040000000017606861100000113120000161.63  
20160514000005001040000000017606861100000113131000283.56  
20160514000005001040000000017606861100000113200000189.04  
20160514000005001180000000034820631100000111220002953.92  
20160514000005001180000000034820631100000111310001147.20  
20160514000005001180000000034820631100000111400000967.84  
20160514000005001180000000034820631100000111700005736.00  
20160514000005001180000000034820631100000111910001776.97  
20160514000005001180000000034820631100000113110001161.41  
20160514000005001180000000034820631100000113120000198.60  
20160514000005001180000000034820631100000113131000348.42  
20160514000005001180000000034820631100000113200000232.28  
20160514000005002560000000042034451100000111310000850.60  
20160514000005002560000000042034451100000111400000425.74  
20160514000005002560000000042034451100000111700004253.00  
20160514000005002560000000042034451100000111910000005.32  
20160514000005002560000000042034451100000113110000510.89  
20160514000005002560000000042034451100000113120000087.36  
20160514000005002560000000042034451100000113131000153.27  
20160514000005002560000000042034451100000113200000102.18  
20160514000005002420000000067822731100000111310001263.20  
20160514000005002420000000067822731100000111400000631.60  
20160514000005002420000000067822731100000111700006316.00  
20160514000005002420000000067822731100000113110000757.92  
20160514000005002420000000067822731100000113120000129.60  
20160514000005002420000000067822731100000113131000227.38  
20160514000005002420000000067822731100000113200000151.58  
20160514000005001190000000048000591100000111220001296.63  
20160514000005001190000000048000591100000111310001147.20  
20160514000005001190000000048000591100000111400000686.43  
20160514000005001190000000048000591100000111700005736.00  
20160514000005001190000000048000591100000111910000057.36  
20160514000005001190000000048000591100000113110000823.72  
20160514000005001190000000048000591100000113120000140.86  
20160514000005001190000000048000591100000113131000247.12  
20160514000005001190000000048000591100000113200000164.74  
20160514000005000960000000030993041100000111220000360.17  
20160514000005000960000000030993041100000111310001392.00  
20160514000005000960000000030993041100000111400000726.01  
20160514000005000960000000030993041100000111700006960.00  
20160514000005000960000000030993041100000113110000871.22  
20160514000005000960000000030993041100000113120000148.98  
20160514000005000960000000030993041100000113131000261.37  
20160514000005000960000000030993041100000113200000174.24  
20160514000005001050000000008031310900000111220003601.74  
20160514000005001050000000008031310900000111400000826.48  
20160514000005001050000000008031310900000111700006316.00  
20160514000005001050000000008031310900000113110000991.77  
20160514000005001050000000008031310900000113131000297.53  
20160514000005001050000000008031310900000113200000198.35  
20160514000005002500000000075967411100000111400000422.41  
20160514000005002500000000075967411100000111700005027.00  
20160514000005002500000000075967411100000111910000041.89  
20160514000005002500000000075967411100000113110000506.89  
20160514000005002500000000075967411100000113120000086.68  
20160514000005002500000000075967411100000113131000152.07  
20160514000005002500000000075967411100000113200000101.38  
20160514000005002090000000049012270900000111220000360.17  
20160514000005002090000000049012270900000111400002128.51  
20160514000005002090000000049012270900000111700025182.00  
20160514000005002090000000049012270900000113110002554.22  
20160514000005002090000000049012270900000113120000436.77  
20160514000005002090000000049012270900000113131000766.27  
20160514000005002090000000049012270900000113200000510.84  
20160514000005002470000000108106971100000111400000557.07  
20160514000005002470000000108106971100000111700005027.00  
20160514000005002470000000108106971100000111910001657.86  
20160514000005002470000000108106971100000113110000668.49  
20160514000005002470000000108106971100000113120000114.31  
20160514000005002470000000108106971100000113131000200.55  
20160514000005002470000000108106971100000113200000133.70  
20160514000005000680000000048841640900000111220000792.38  
20160514000005000680000000048841640900000111400000882.37  
20160514000005000680000000048841640900000111600001656.00  
20160514000005000680000000048841640900000111700009796.00  
20160514000005000680000000048841640900000113110001058.84  
20160514000005000680000000048841640900000113120000181.06  
20160514000005000680000000048841640900000113131000317.65  
20160514000005000680000000048841640900000113200000211.77  
20160514000005000840000000028792790900000111220002449.18  
20160514000005000840000000028792790900000111400000859.35  
20160514000005000840000000028792790900000111700007863.00  
20160514000005000840000000028792790900000113110001031.22  
20160514000005000840000000028792790900000113120000176.34  
20160514000005000840000000028792790900000113131000309.37  
20160514000005000840000000028792790900000113200000206.24  
20160514000005000850000000064730211000000111220000360.17  
20160514000005000850000000064730211000000111400000685.26  
20160514000005000850000000064730211000000111700007863.00  
20160514000005000850000000064730211000000113110000822.32  
20160514000005000850000000064730211000000113120000140.62  
20160514000005000850000000064730211000000113131000246.70  
20160514000005000850000000064730211000000113200000164.46  
20160514000005001390000000048977811100000111220000360.17  
20160514000005001390000000048977811100000111310000850.60  
20160514000005001390000000048977811100000111400000509.22  
20160514000005001390000000048977811100000111700004253.00  
20160514000005001390000000048977811100000111910000646.81  
20160514000005001390000000048977811100000113110000611.06  
20160514000005001390000000048977811100000113120000104.49  
20160514000005001390000000048977811100000113131000183.32  
20160514000005001390000000048977811100000113200000122.21  
20160514000005000320000000037688620900000111220000792.38  
20160514000005000320000000037688620900000111400001285.20  
20160514000005000320000000037688620900000111700014630.00  
20160514000005000320000000037688620900000113110001542.24  
20160514000005000320000000037688620900000113120000263.72  
20160514000005000320000000037688620900000113131000462.67  
20160514000005000320000000037688620900000113200000308.45  
20160514000005001060000000020457010900000111220003601.74  
20160514000005001060000000020457010900000111400000826.48  
20160514000005001060000000020457010900000111700006316.00  
20160514000005001060000000020457010900000113110000991.77  
20160514000005001060000000020457010900000113120000169.59  
20160514000005001060000000020457010900000113131000297.53  
20160514000005001060000000020457010900000113200000198.35  
20160514000005001460000000037345451000000111220000360.17  
20160514000005001460000000037345451000000111400001474.76  
20160514000005001460000000037345451000000111700017337.00  
20160514000005001460000000037345451000000113110001769.72  
20160514000005001460000000037345451000000113120000302.62  
20160514000005001460000000037345451000000113131000530.92  
20160514000005001460000000037345451000000113200000353.94  
20160514000005000340000000052702481200000111220000360.17  
20160514000005000340000000052702481200000111400001249.18  
20160514000005000340000000052702481200000111700014630.00  
20160514000005000340000000052702481200000113110001499.02  
20160514000005000340000000052702481200000113120000256.33  
20160514000005000340000000052702481200000113131000449.71  
20160514000005000340000000052702481200000113200000299.80  
20160514000005001400000000048869720900000111220000360.17  
20160514000005001400000000048869720900000111400000384.43  
20160514000005001400000000048869720900000111700004253.00  
20160514000005001400000000048869720900000113110000461.32  
20160514000005001400000000048869720900000113120000078.89  
20160514000005001400000000048869720900000113131000138.40  
20160514000005001400000000048869720900000113200000092.26  
20160514000005000080000000044334130900000111220000360.17  
20160514000005000080000000044334130900000111400001474.76  
20160514000005000080000000044334130900000111700017337.00  
20160514000005000080000000044334130900000113110001769.72  
20160514000005000080000000044334130900000113120000302.62  
20160514000005000080000000044334130900000113131000530.92  
20160514000005000080000000044334130900000113200000353.94  
20160514000005001070000000038318380900000111220001872.90  
20160514000005001070000000038318380900000111400000682.41  
20160514000005001070000000038318380900000111700006316.00  
20160514000005001070000000038318380900000113110000818.89  
20160514000005001070000000038318380900000113120000140.03  
20160514000005001070000000038318380900000113131000245.67  
20160514000005001070000000038318380900000113200000163.78  
20160514000005002050000000018938121100000111220000270.75  
20160514000005002050000000018938121100000111400003232.56  
20160514000005002050000000018938121100000111700038520.00  
20160514000005002050000000018938121100000113110003879.08  
20160514000005002050000000018938121100000113120000663.32  
20160514000005002050000000018938121100000113131001163.72  
20160514000005002050000000018938121100000113200000775.82  
20160514000005001080000000008552790900000111220003601.74  
20160514000005001080000000008552790900000111400000826.48  
20160514000005001080000000008552790900000111700006316.00  
20160514000005001080000000008552790900000113110000991.77  
20160514000005001080000000008552790900000113120000169.59  
20160514000005001080000000008552790900000113131000297.53  
20160514000005001080000000008552790900000113200000198.35  
20160514000005000690000000034593161200000111220000360.17  
20160514000005000690000000034593161200000111400000846.35  
20160514000005000690000000034593161200000111700009796.00  
20160514000005000690000000034593161200000113110001015.62  
20160514000005000690000000034593161200000113120000173.67  
20160514000005000690000000034593161200000113131000304.69  
20160514000005000690000000034593161200000113200000203.12  
20160514000005002430000000060963391100000111220000360.17  
20160514000005002430000000060963391100000111310001147.20  
20160514000005002430000000060963391100000111400000603.61  
20160514000005002430000000060963391100000111700005736.00  
20160514000005002430000000060963391100000113110000724.34  
20160514000005002430000000060963391100000113120000123.86  
20160514000005002430000000060963391100000113131000217.30  
20160514000005002430000000060963391100000113200000144.87  
20160514000005002610000000030238800900000111400000864.67  
20160514000005002610000000030238800900000111700010376.07  
20160514000005002610000000030238800900000113110001037.61  
20160514000005002610000000030238800900000113120000177.43  
20160514000005002610000000030238800900000113131000311.28  
20160514000005002610000000030238800900000113200000207.52  
20160514000005000770000000057712600900000111400000708.92  
20160514000005000770000000057712600900000111700008507.00  
20160514000005000770000000057712600900000113110000850.70  
20160514000005000770000000057712600900000113120000145.47  
20160514000005000770000000057712600900000113131000255.21  
20160514000005000770000000057712600900000113200000170.14  
20160514000005000700000000037290380900000111220002449.18  
20160514000005000700000000037290380900000111400001020.43  
20160514000005000700000000037290380900000111700009796.00  
20160514000005000700000000037290380900000113110001224.52  
20160514000005000700000000037290380900000113120000209.39  
20160514000005000700000000037290380900000113131000367.36  
20160514000005000700000000037290380900000113200000244.90  
20160514000005000710000000037205221100000111220002449.18  
20160514000005000710000000037205221100000111310001959.20  
20160514000005000710000000037205221100000111400001183.70  
20160514000005000710000000037205221100000111700009796.00  
20160514000005000710000000037205221100000113110001420.44  
20160514000005000710000000037205221100000113120000242.89  
20160514000005000710000000037205221100000113131000426.13  
20160514000005000710000000037205221100000113200000284.09  
20160514000005000050000000092693871100000111310001005.40  
20160514000005000050000000092693871100000111400000502.70  
20160514000005000050000000092693871100000112100005027.00  
20160514000005000050000000092693871100000113110000603.24  
20160514000005000050000000092693871100000113120000103.15  
20160514000005000050000000092693871100000113131000180.97  
20160514000005000050000000092693871100000113200000120.65  
20160514000005001290000000051794601100000111220001171.43  
20160514000005001290000000051794601100000111310001005.40  
20160514000005001290000000051794601100000111400000646.23  
20160514000005001290000000051794601100000111700005027.00  
20160514000005001290000000051794601100000111910000550.88  
20160514000005001290000000051794601100000113110000775.47  
20160514000005001290000000051794601100000113120000132.61  
20160514000005001290000000051794601100000113131000232.64  
20160514000005001290000000051794601100000113200000155.09  
20160514000005001300000000044107891100000111220001872.90  
20160514000005001300000000044107891100000111310001005.40  
20160514000005001300000000044107891100000111400000741.16  
20160514000005001300000000044107891100000111700005027.00  
20160514000005001300000000044107891100000111910000988.65  
20160514000005001300000000044107891100000113110000889.40  
20160514000005001300000000044107891100000113120000152.09  
20160514000005001300000000044107891100000113131000266.82  
20160514000005001300000000044107891100000113200000177.88  
20160514000005000480000000036173220900000111220000360.17  
20160514000005000480000000036173220900000111400001157.85  
20160514000005000480000000036173220900000111700013534.00  
20160514000005000480000000036173220900000113110001389.42  
20160514000005000480000000036173220900000113120000237.59  
20160514000005000480000000036173220900000113131000416.83  
20160514000005000480000000036173220900000113200000277.88  
20160514000005002060000000030255050900000111220001296.63  
20160514000005002060000000030255050900000111400003318.05  
20160514000005002060000000030255050900000111700038520.00  
20160514000005002060000000030255050900000113110003981.66  
20160514000005002060000000030255050900000113120000680.86  
20160514000005002060000000030255050900000113131001194.50  
20160514000005002060000000030255050900000113200000796.33  
20160514000005001090000000037827311100000111220003025.46  
20160514000005001090000000037827311100000111310001263.20  
20160514000005001090000000037827311100000111400000931.53  
20160514000005001090000000037827311100000111700006316.00  
20160514000005001090000000037827311100000111910000573.70  
20160514000005001090000000037827311100000113110001117.84  
20160514000005001090000000037827311100000113120000191.15  
20160514000005001090000000037827311100000113131000335.35  
20160514000005001090000000037827311100000113200000223.57  
20160514000005002010000000029910070900000111400001604.08  
20160514000005002010000000029910070900000111700019249.00  
20160514000005002010000000029910070900000113110001924.90  
20160514000005002010000000029910070900000113120000329.16  
20160514000005002010000000029910070900000113131000577.47  
20160514000005002010000000029910070900000113200000384.98  
20160514000005002030000000010690891000000111400003210.00  
20160514000005002030000000010690891000000111700038520.00  
20160514000005002030000000010690891000000113110003852.00  
20160514000005002030000000010690891000000113120000658.69  
20160514000005002030000000010690891000000113131001155.60  
20160514000005002030000000010690891000000113200000770.40  
20160514000005000130000000031378190900000111220002449.18  
20160514000005000130000000031378190900000111400001648.85  
20160514000005000130000000031378190900000111700017337.00  
20160514000005000130000000031378190900000113110001978.62  
20160514000005000130000000031378190900000113120000338.34  
20160514000005000130000000031378190900000113131000593.59  
20160514000005000130000000031378190900000113200000395.72  
20160514000005000790000000052259660900000111220000360.17  
20160514000005000790000000052259660900000111400000738.93  
20160514000005000790000000052259660900000111700008507.00  
20160514000005000790000000052259660900000113110000886.72  
20160514000005000790000000052259660900000113120000151.63  
20160514000005000790000000052259660900000113131000266.02  
20160514000005000790000000052259660900000113200000177.34  
20160514000005000860000000044618940900000111220000792.38  
20160514000005000860000000044618940900000111400000721.28  
20160514000005000860000000044618940900000111700007863.00  
20160514000005000860000000044618940900000113110000865.54  
20160514000005000860000000044618940900000113120000148.01  
20160514000005000860000000044618940900000113131000259.66  
20160514000005000860000000044618940900000113200000173.11  
20160514000005001410000000048709620900000111220000792.38  
20160514000005001410000000048709620900000111400000420.45  
20160514000005001410000000048709620900000111700004253.00  
20160514000005001410000000048709620900000113110000504.54  
20160514000005001410000000048709620900000113120000086.28  
20160514000005001410000000048709620900000113131000151.36  
20160514000005001410000000048709620900000113200000100.91  
20160514000005002520000000042150291100000111310000850.60  
20160514000005002520000000042150291100000111400000437.71  
20160514000005002520000000042150291100000111700004253.00  
20160514000005002520000000042150291100000111910000148.86  
20160514000005002520000000042150291100000113110000525.25  
20160514000005002520000000042150291100000113120000089.82  
20160514000005002520000000042150291100000113131000157.57  
20160514000005002520000000042150291100000113200000105.05  
20160514000005002380000000009989450900000111400000655.25  
20160514000005002380000000009989450900000111700007863.00  
20160514000005002380000000009989450900000113110000786.30  
20160514000005002380000000009989450900000113120000134.46  
20160514000005002380000000009989450900000113131000235.89  
20160514000005002380000000009989450900000113200000157.26  
20160514000005002280000000051932150900000111220000360.17  
20160514000005002280000000051932150900000111400000943.01  
20160514000005002280000000051932150900000111700010956.00  
20160514000005002280000000051932150900000113110001131.62  
20160514000005002280000000051932150900000113120000193.51  
20160514000005002280000000051932150900000113131000339.49  
20160514000005002280000000051932150900000113200000226.32  
20160514000005002540000000054763321100000111310000850.60  
20160514000005002540000000054763321100000111400000441.25  
20160514000005002540000000054763321100000111700004253.00  
20160514000005002540000000054763321100000111910000191.38  
20160514000005002540000000054763321100000113110000529.50  
20160514000005002540000000054763321100000113120000090.54  
20160514000005002540000000054763321100000113131000158.85  
20160514000005002540000000054763321100000113200000105.90  
20160514000005000190000000005681381200000111220003601.74  
20160514000005000190000000005681381200000111400001642.81  
20160514000005000190000000005681381200000111700016112.00  
20160514000005000190000000005681381200000113110001971.37  
20160514000005000190000000005681381200000113131000591.41  
20160514000005000190000000005681381200000113200000394.27  
20160514000005000610000000035181171000000111220000792.38  
20160514000005000610000000035181171000000111400000979.03  
20160514000005000610000000035181171000000111700010956.00  
20160514000005000610000000035181171000000113110001174.84  
20160514000005000610000000035181171000000113120000200.90  
20160514000005000610000000035181171000000113131000352.45  
20160514000005000610000000035181171000000113200000234.97  
20160514000005002480000000092675111100000111400000529.14  
20160514000005002480000000092675111100000111700005027.00  
20160514000005002480000000092675111100000111910001322.73  
20160514000005002480000000092675111100000113110000634.97  
20160514000005002480000000092675111100000113120000108.58  
20160514000005002480000000092675111100000113131000190.49  
20160514000005002480000000092675111100000113200000126.99  
20160514000005002390000000031245160900000111400001444.75  
20160514000005002390000000031245160900000111700017337.00  
20160514000005002390000000031245160900000113110001733.70  
20160514000005002390000000031245160900000113120000296.46  
20160514000005002390000000031245160900000113131000520.11  
20160514000005002390000000031245160900000113200000346.74  
20160514000005001420000000030640161000000111220001872.90  
20160514000005001420000000030640161000000111310000850.60  
20160514000005001420000000030640161000000111400000581.38  
20160514000005001420000000030640161000000111700004253.00  
20160514000005001420000000030640161000000113110000697.65  
20160514000005001420000000030640161000000113120000119.30  
20160514000005001420000000030640161000000113131000209.30  
20160514000005001420000000030640161000000113200000139.53  
20160514000005002290000000045021820900000111220000360.17  
20160514000005002290000000045021820900000111400000610.01  
20160514000005002290000000045021820900000111700006960.00  
20160514000005002290000000045021820900000113110000732.02  
20160514000005002290000000045021820900000113120000125.17  
20160514000005002290000000045021820900000113131000219.61  
20160514000005002290000000045021820900000113200000146.40  
20160514000005002220000000028625750900000111400002098.50  
20160514000005002220000000028625750900000111700025182.00  
20160514000005002220000000028625750900000113110002518.20  
20160514000005002220000000028625750900000113120000430.61  
20160514000005002220000000028625750900000113131000755.46  
20160514000005002220000000028625750900000113200000503.64  
20160514000005000980000000040225151100000111220000792.38  
20160514000005000980000000040225151100000111310001392.00  
20160514000005000980000000040225151100000111400000762.03  
20160514000005000980000000040225151100000111700006960.00  
20160514000005000980000000040225151100000113110000914.44  
20160514000005000980000000040225151100000113120000156.37  
20160514000005000980000000040225151100000113131000274.33  
20160514000005000980000000040225151100000113200000182.89  
20160514000005001320000000044154021100000111220000792.38  
20160514000005001320000000044154021100000111310001005.40  
20160514000005001320000000044154021100000111400000625.37  
20160514000005001320000000044154021100000111700005027.00  
20160514000005001320000000044154021100000111910000679.70  
20160514000005001320000000044154021100000113110000750.45  
20160514000005001320000000044154021100000113120000128.33  
20160514000005001320000000044154021100000113131000225.13  
20160514000005001320000000044154021100000113200000150.09  
20160514000005002210000000029008541100000111400002098.50  
20160514000005002210000000029008541100000111700025182.00  
20160514000005002210000000029008541100000113110002518.20  
20160514000005002210000000029008541100000113120000430.61  
20160514000005002210000000029008541100000113131000755.46  
20160514000005002210000000029008541100000113200000503.64  
20160514000005002450000000042002231100000111220000360.17  
20160514000005002450000000042002231100000111310001005.40  
20160514000005002450000000042002231100000111400000662.06  
20160514000005002450000000042002231100000111700005027.00  
20160514000005002450000000042002231100000111910001552.09  
20160514000005002450000000042002231100000113110000794.47  
20160514000005002450000000042002231100000113120000135.85  
20160514000005002450000000042002231100000113131000238.34  
20160514000005002450000000042002231100000113200000158.89  
20160514000005002070000000051989401000000111220000792.38  
20160514000005002070000000051989401000000111400002164.53  
20160514000005002070000000051989401000000111700025182.00  
20160514000005002070000000051989401000000113110002597.44  
20160514000005002070000000051989401000000113120000444.16  
20160514000005002070000000051989401000000113131000779.23  
20160514000005002070000000051989401000000113200000519.49  
20160514000005000990000000056485771100000111220000360.17  
20160514000005000990000000056485771100000111310001392.00  
20160514000005000990000000056485771100000111400000726.01  
20160514000005000990000000056485771100000111700006960.00  
20160514000005000990000000056485771100000113110000871.22  
20160514000005000990000000056485771100000113120000148.98  
20160514000005000990000000056485771100000113131000261.37  
20160514000005000990000000056485771100000113200000174.24  
20160514000005000380000000044249661000000111220000360.17  
20160514000005000380000000044249661000000111400001249.18  
20160514000005000380000000044249661000000111700014630.00  
20160514000005000380000000044249661000000113110001499.02  
20160514000005000380000000044249661000000113120000256.33  
20160514000005000380000000044249661000000113131000449.71  
20160514000005000380000000044249661000000113200000299.80  
20160514000005001340000000036055810900000111220000360.17  
20160514000005001340000000036055810900000111400000448.93  
20160514000005001340000000036055810900000111700005027.00  
20160514000005001340000000036055810900000113110000538.72  
20160514000005001340000000036055810900000113120000092.12  
20160514000005001340000000036055810900000113131000161.62  
20160514000005001340000000036055810900000113200000107.74  
20160514000005001430000000037530270900000111220001872.90  
20160514000005001430000000037530270900000111400000510.49  
20160514000005001430000000037530270900000111700004253.00  
20160514000005001430000000037530270900000113110000612.59  
20160514000005001430000000037530270900000113120000104.75  
20160514000005001430000000037530270900000113131000183.78  
20160514000005001430000000037530270900000113200000122.52  
20160514000005002100000000036212690900000111220002449.18  
20160514000005002100000000036212690900000111400002302.60  
20160514000005002100000000036212690900000111700025182.00  
20160514000005002100000000036212690900000113110002763.12  
20160514000005002100000000036212690900000113120000472.49  
20160514000005002100000000036212690900000113131000828.94  
20160514000005002100000000036212690900000113200000552.62  
20160514000005000150000000035888920900000111220000360.17  
20160514000005000150000000035888920900000111400001474.76  
20160514000005000150000000035888920900000111700017337.00  
20160514000005000150000000035888920900000113110001769.72  
20160514000005000150000000035888920900000113120000302.62  
20160514000005000150000000035888920900000113131000530.92  
20160514000005000150000000035888920900000113200000353.94  
20160514000005001350000000059031341100000111220001171.43  
20160514000005001350000000059031341100000111310001005.40  
20160514000005001350000000059031341100000111400000646.84  
20160514000005001350000000059031341100000111700005027.00  
20160514000005001350000000059031341100000111910000558.21  
20160514000005001350000000059031341100000113110000776.20  
20160514000005001350000000059031341100000113120000132.73  
20160514000005001350000000059031341100000113131000232.86  
20160514000005001350000000059031341100000113200000155.24  
20160514000005000620000000044678691200000111220000360.17  
20160514000005000620000000044678691200000111400000943.01  
20160514000005000620000000044678691200000111700010956.00  
20160514000005000620000000044678691200000113110001131.62  
20160514000005000620000000044678691200000113120000193.51  
20160514000005000620000000044678691200000113131000339.49  
20160514000005000620000000044678691200000113200000226.32  
20160514000005002120000000044119031000000111400002098.50  
20160514000005002120000000044119031000000111700025182.00  
20160514000005002120000000044119031000000113110002518.20  
20160514000005002120000000044119031000000113120000430.61  
20160514000005002120000000044119031000000113131000755.46  
20160514000005002120000000044119031000000113200000503.64  
20160514000005002360000000037423650900000111220000792.38  
20160514000005002360000000037423650900000111400000774.95  
20160514000005002360000000037423650900000111700008507.00  
20160514000005002360000000037423650900000113110000929.94  
20160514000005002360000000037423650900000113120000159.02  
20160514000005002360000000037423650900000113131000278.98  
20160514000005002360000000037423650900000113200000185.99  
20160514000005001100000000037206271100000111220003025.46  
20160514000005001100000000037206271100000111310001263.20  
20160514000005001100000000037206271100000111400000925.83  
20160514000005001100000000037206271100000111700006316.00  
20160514000005001100000000037206271100000111910000505.28  
20160514000005001100000000037206271100000113110001110.99  
20160514000005001100000000037206271100000113120000189.98  
20160514000005001100000000037206271100000113131000333.30  
20160514000005001100000000037206271100000113200000222.20  
20160514000005001110000000028941011100000111220002953.92  
20160514000005001110000000028941011100000111400000772.49  
20160514000005001110000000028941011100000111700006316.00  
20160514000005001110000000028941011100000113110000926.99  
20160514000005001110000000028941011100000113120000158.52  
20160514000005001110000000028941011100000113131000278.10  
20160514000005001110000000028941011100000113200000185.40  
20160514000005002320000000028750931100000111220000360.17  
20160514000005002320000000028750931100000111400001249.18  
20160514000005002320000000028750931100000111700014630.00  
20160514000005002320000000028750931100000113110001499.02  
20160514000005002320000000028750931100000113120000256.33  
20160514000005002320000000028750931100000113131000449.71  
20160514000005002320000000028750931100000113200000299.80  
20160514000005002550000000077791011100000111310000850.60  
20160514000005002550000000077791011100000111400000425.30  
20160514000005002550000000077791011100000111700004253.00  
20160514000005002550000000077791011100000113110000510.36  
20160514000005002550000000077791011100000113120000087.27  
20160514000005002550000000077791011100000113131000153.11  
20160514000005002550000000077791011100000113200000102.07  
20160514000005002020000000009530210900000111220000792.38  
20160514000005002020000000009530210900000111400003365.20  
20160514000005002020000000009530210900000111700039590.00  
20160514000005002020000000009530210900000113110004038.24  
20160514000005002020000000009530210900000113120000690.54  
20160514000005002020000000009530210900000113131001211.47  
20160514000005002020000000009530210900000113200000807.65  
20160514000005002460000000041815811100000111400000533.86  
20160514000005002460000000041815811100000111700005027.00  
20160514000005002460000000041815811100000111910001379.29  
20160514000005002460000000041815811100000113110000640.63  
20160514000005002460000000041815811100000113120000109.55  
20160514000005002460000000041815811100000113131000192.19  
20160514000005002460000000041815811100000113200000128.13  
20160514000005002170000000037787980900000111220002449.18  
20160514000005002170000000037787980900000111400001493.10  
20160514000005002170000000037787980900000111700015468.00  
20160514000005002170000000037787980900000113110001791.72  
20160514000005002170000000037787980900000113120000306.38  
20160514000005002170000000037787980900000113131000537.52  
20160514000005002170000000037787980900000113200000358.34  
20160514000005000800000000037686630900000111220000360.17  
20160514000005000800000000037686630900000111400000738.93  
20160514000005000800000000037686630900000111700008507.00  
20160514000005000800000000037686630900000113110000886.72  
20160514000005000800000000037686630900000113120000151.63  
20160514000005000800000000037686630900000113131000266.02  
20160514000005000800000000037686630900000113200000177.34  
20160514000005000200000000042889520900000111220000360.17  
20160514000005000200000000042889520900000111400001372.68  
20160514000005000200000000042889520900000111700016112.00  
20160514000005000200000000042889520900000113110001647.22  
20160514000005000200000000042889520900000113120000281.67  
20160514000005000200000000042889520900000113131000494.17  
20160514000005000200000000042889520900000113200000329.44  
20160514000005001360000000047023491100000111220001171.43  
20160514000005001360000000047023491100000111310001005.40  
20160514000005001360000000047023491100000111400000629.73  
20160514000005001360000000047023491100000111700005027.00  
20160514000005001360000000047023491100000111910000352.94  
20160514000005001360000000047023491100000113110000755.68  
20160514000005001360000000047023491100000113120000129.22  
20160514000005001360000000047023491100000113131000226.70  
20160514000005001360000000047023491100000113200000151.14  
20160514000005002040000000030176310900000111220000792.38  
20160514000005002040000000030176310900000111400003276.03  
20160514000005002040000000030176310900000111700038520.00  
20160514000005002040000000030176310900000113110003931.24  
20160514000005002040000000030176310900000113120000672.24  
20160514000005002040000000030176310900000113131001179.37  
20160514000005002040000000030176310900000113200000786.25  
20160514000005002310000000031317101100000111220003025.46  
20160514000005002310000000031317101100000111400001541.12  
20160514000005002310000000031317101100000111700015468.00  
20160514000005002310000000031317101100000113110001849.35  
20160514000005002310000000031317101100000113120000316.24  
20160514000005002310000000031317101100000113131000554.80  
20160514000005002310000000031317101100000113200000369.87  
20160514000005001130000000059166500900000111220000360.17  
20160514000005001130000000059166500900000111400000556.35  
20160514000005001130000000059166500900000111700006316.00  
20160514000005001130000000059166500900000113110000667.62  
20160514000005001130000000059166500900000113120000114.16  
20160514000005001130000000059166500900000113131000200.29  
20160514000005001130000000059166500900000113200000133.52  
20160514000005001370000000025513140900000111220002449.18  
20160514000005001370000000025513140900000111400000623.02  
20160514000005001370000000025513140900000111700005027.00  
20160514000005001370000000025513140900000113110000747.62  
20160514000005001370000000025513140900000113120000127.84  
20160514000005001370000000025513140900000113131000224.29  
20160514000005001370000000025513140900000113200000149.52  
20160514000005000600000000041272230900000111400000913.00  
20160514000005000600000000041272230900000111700010956.00  
20160514000005000600000000041272230900000113110001095.60  
20160514000005000600000000041272230900000113120000187.35  
20160514000005000600000000041272230900000113131000328.68  
20160514000005000600000000041272230900000113200000219.12  
20160514000005002440000000079628621100000111220000360.17  
20160514000005002440000000079628621100000111310001147.20  
20160514000005002440000000079628621100000111400000603.61  
20160514000005002440000000079628621100000111700005736.00  
20160514000005002440000000079628621100000113110000724.34  
20160514000005002440000000079628621100000113120000123.86  
20160514000005002440000000079628621100000113131000217.30  
20160514000005002440000000079628621100000113200000144.87  
20160514000005000260000000013206271000000111220000360.17  
20160514000005000260000000013206271000000111400001319.01  
20160514000005000260000000013206271000000111700015468.00  
20160514000005000260000000013206271000000113110001582.82  
20160514000005000260000000013206271000000113120000270.66  
20160514000005000260000000013206271000000113131000474.85  
20160514000005000260000000013206271000000113200000316.56  
20160514000005000270000000013847920900000111220000360.17  
20160514000005000270000000013847920900000111400001319.01  
20160514000005000270000000013847920900000111700015468.00  
20160514000005000270000000013847920900000113110001582.82  
20160514000005000270000000013847920900000113120000270.66  
20160514000005000270000000013847920900000113131000474.85  
20160514000005000270000000013847920900000113200000316.56  
20160514000005000430000000021398970900000111220003025.46  
20160514000005000430000000021398970900000111400001471.29  
20160514000005000430000000021398970900000111700014630.00  
20160514000005000430000000021398970900000113110001765.55  
20160514000005000430000000021398970900000113120000301.91  
20160514000005000430000000021398970900000113131000529.66  
20160514000005000430000000021398970900000113200000353.11  
20160514000005000160000000037321240900000111220001872.90  
20160514000005000160000000037321240900000111400001600.83  
20160514000005000160000000037321240900000111700017337.00  
20160514000005000160000000037321240900000113110001920.99  
20160514000005000160000000037321240900000113120000328.49  
20160514000005000160000000037321240900000113131000576.30  
20160514000005000160000000037321240900000113200000384.20  
20160514000005001000000000073493141000000111220003601.74  
20160514000005001000000000073493141000000111400000880.15  
20160514000005001000000000073493141000000111700006960.00  
20160514000005001000000000073493141000000113110001056.17  
20160514000005001000000000073493141000000113131000316.85  
20160514000005001000000000073493141000000113200000211.23  
20160514000005001140000000009602780900000111220002449.18  
20160514000005001140000000009602780900000111400000730.43  
20160514000005001140000000009602780900000111700006316.00  
20160514000005001140000000009602780900000113110000876.52  
20160514000005001140000000009602780900000113120000149.88  
20160514000005001140000000009602780900000113131000262.96  
20160514000005001140000000009602780900000113200000175.30  
20160514000005000640000000044674200900000111220001872.90  
20160514000005000640000000044674200900000111400001069.08  
20160514000005000640000000044674200900000111700010956.00  
20160514000005000640000000044674200900000113110001282.89  
20160514000005000640000000044674200900000113120000219.37  
20160514000005000640000000044674200900000113131000384.87  
20160514000005000640000000044674200900000113200000256.58  
TOTAL A BORRAR: 2263111.69
