20160514000006000000000000001301010000000000005237.5100000000
20160514000006000000000000002901010000000000004175.3300000000
20160514000006000000000855279301010000000000000550.0000000000
20160514000006000000004800059201010000000000000500.0000000000
20160514000006000000005179460301010000000000000350.0000000000
20160514000006000000160130029301010000000000003312.0000000000
20160514000006000000168206024201010000000000001656.0000000000
20160514000006000000168206024901010000000000003312.0000000000
20160514000006000001006803028301010000000000002856.0400000000
20160514000006000001006803028301010000000000210639.4100000000
20160514000006000001022913028301010000000000209282.9100000000
20160514000006000001023013022301010000000000175305.8800000000
20160514000006000001028339025301010000000000006346.3200000000
20160514000006000001028339025301010000000000128212.5100000000
20160514000006000001028415020301010000000000066940.0000000000
20160514000006000001028415020301010000000000119682.7700000000
