20160514000006002490000000042020221100000111400000532.64  
20160514000006002490000000042020221100000111700005027.00  
20160514000006002490000000042020221100000111910001364.62  
20160514000006002490000000042020221100000113110000639.16  
20160514000006002490000000042020221100000113120000109.30  
20160514000006002490000000042020221100000113131000191.75  
20160514000006002490000000042020221100000113200000127.83  
20160514000006000040000000030076030900000111400001127.83  
20160514000006000040000000030076030900000112100013534.00  
20160514000006000040000000030076030900000113110001353.40  
20160514000006000040000000030076030900000113120000231.43  
20160514000006000040000000030076030900000113131000406.02  
20160514000006000040000000030076030900000113200000270.68  
20160514000006000120000000044701020900000111220000270.75  
20160514000006000120000000044701020900000111400001467.31  
20160514000006000120000000044701020900000111600001656.00  
20160514000006000120000000044701020900000111700017337.00  
20160514000006000120000000044701020900000113110001760.78  
20160514000006000120000000044701020900000113120000301.09  
20160514000006000120000000044701020900000113131000528.23  
20160514000006000120000000044701020900000113200000352.16  
20160514000006000940000000061440980900000111400000580.00  
20160514000006000940000000061440980900000111600001656.00  
20160514000006000940000000061440980900000111700006960.00  
20160514000006000940000000061440980900000113110000696.00  
20160514000006000940000000061440980900000113120000119.02  
20160514000006000940000000061440980900000113131000208.80  
20160514000006000940000000061440980900000113200000139.20  
20160514000006000540000000030812510900000111220001841.10  
20160514000006000540000000030812510900000111400001066.43  
20160514000006000540000000030812510900000111700010956.00  
20160514000006000540000000030812510900000113110001279.71  
20160514000006000540000000030812510900000113120000218.83  
20160514000006000540000000030812510900000113131000383.91  
20160514000006000540000000030812510900000113200000255.94  
20160514000006002400000000026323150900000111400000354.42  
20160514000006002400000000026323150900000111700004253.00  
20160514000006002400000000026323150900000113110000425.30  
20160514000006002400000000026323150900000113120000072.73  
20160514000006002400000000026323150900000113131000127.59  
20160514000006002400000000026323150900000113200000085.06  
20160514000006000900000000045103950900000111220000270.75  
20160514000006000900000000045103950900000111400000602.56  
20160514000006000900000000045103950900000111700006960.00  
20160514000006000900000000045103950900000113110000723.08  
20160514000006000900000000045103950900000113120000123.65  
20160514000006000900000000045103950900000113131000216.92  
20160514000006000900000000045103950900000113200000144.62  
20160514000006000440000000009521341000000111220002274.30  
20160514000006000440000000009521341000000111400001317.36  
20160514000006000440000000009521341000000111700013534.00  
20160514000006000440000000009521341000000113110001580.83  
20160514000006000440000000009521341000000113120000270.32  
20160514000006000440000000009521341000000113131000474.25  
20160514000006000440000000009521341000000113200000316.17  
20160514000006000280000000030994141100000111220000595.65  
20160514000006000280000000030994141100000111310002926.00  
20160514000006000280000000030994141100000111400001512.64  
20160514000006000280000000030994141100000111700014630.00  
20160514000006000280000000030994141100000113110001815.17  
20160514000006000280000000030994141100000113120000310.39  
20160514000006000280000000030994141100000113131000544.55  
20160514000006000280000000030994141100000113200000363.03  
20160514000006002370000000035968720900000111400000580.00  
20160514000006002370000000035968720900000111700006960.00  
20160514000006002370000000035968720900000113110000696.00  
20160514000006002370000000035968720900000113120000119.02  
20160514000006002370000000035968720900000113131000208.80  
20160514000006002370000000035968720900000113200000139.20  
20160514000006002190000000008109860900000111220001407.90  
20160514000006002190000000008109860900000111400001336.49  
20160514000006002190000000008109860900000111700014630.00  
20160514000006002190000000008109860900000113110001603.79  
20160514000006002190000000008109860900000113120000274.25  
20160514000006002190000000008109860900000113131000481.14  
20160514000006002190000000008109860900000113200000320.76  
20160514000006001150000000043297891100000111220001841.10  
20160514000006001150000000043297891100000111310001147.20  
20160514000006001150000000043297891100000111400000791.95  
20160514000006001150000000043297891100000111600001656.00  
20160514000006001150000000043297891100000111700005736.00  
20160514000006001150000000043297891100000111910000779.14  
20160514000006001150000000043297891100000113110000950.34  
20160514000006001150000000043297891100000113120000162.51  
20160514000006001150000000043297891100000113131000285.10  
20160514000006001150000000043297891100000113200000190.07  
20160514000006002180000000024064850900000111220000595.65  
20160514000006002180000000024064850900000111400001268.80  
20160514000006002180000000024064850900000111700014630.00  
20160514000006002180000000024064850900000113110001522.57  
20160514000006002180000000024064850900000113120000260.36  
20160514000006002180000000024064850900000113131000456.77  
20160514000006002180000000024064850900000113200000304.51  
20160514000006002250000000033144560900000111220000595.65  
20160514000006002250000000033144560900000111400000962.64  
20160514000006002250000000033144560900000111700010956.00  
20160514000006002250000000033144560900000113110001155.17  
20160514000006002250000000033144560900000113120000197.53  
20160514000006002250000000033144560900000113131000346.55  
20160514000006002250000000033144560900000113200000231.03  
20160514000006002350000000036231231000000111220002274.30  
20160514000006002350000000036231231000000111400001634.28  
20160514000006002350000000036231231000000111700017337.00  
20160514000006002350000000036231231000000113110001961.13  
20160514000006002350000000036231231000000113120000335.35  
20160514000006002350000000036231231000000113131000588.34  
20160514000006002350000000036231231000000113200000392.23  
20160514000006002590000000048516830900000111400000816.33  
20160514000006002590000000048516830900000111700009796.00  
20160514000006002590000000048516830900000113110000979.60  
20160514000006002590000000048516830900000113120000167.51  
20160514000006002590000000048516830900000113131000293.88  
20160514000006002590000000048516830900000113200000195.92  
20160514000006001220000000017642751100000111220000595.65  
20160514000006001220000000017642751100000111310001005.40  
20160514000006001220000000017642751100000111400000610.29  
20160514000006001220000000017642751100000111700005027.00  
20160514000006001220000000017642751100000111910000695.40  
20160514000006001220000000017642751100000113110000732.35  
20160514000006001220000000017642751100000113120000125.23  
20160514000006001220000000017642751100000113131000219.70  
20160514000006001220000000017642751100000113200000146.47  
20160514000006000290000000037708311100000111220001407.90  
20160514000006000290000000037708311100000111310002926.00  
20160514000006000290000000037708311100000111400001580.33  
20160514000006000290000000037708311100000111700014630.00  
20160514000006000290000000037708311100000113110001896.39  
20160514000006000290000000037708311100000113120000324.28  
20160514000006000290000000037708311100000113131000568.92  
20160514000006000290000000037708311100000113200000379.28  
20160514000006000560000000051699641000000111220000270.75  
20160514000006000560000000051699641000000111400000935.56  
20160514000006000560000000051699641000000111700010956.00  
20160514000006000560000000051699641000000113110001122.68  
20160514000006000560000000051699641000000113120000191.98  
20160514000006000560000000051699641000000113131000336.80  
20160514000006000560000000051699641000000113200000224.54  
20160514000006002110000000044147960900000111220000270.75  
20160514000006002110000000044147960900000111400002121.06  
20160514000006002110000000044147960900000111700025182.00  
20160514000006002110000000044147960900000113110002545.28  
20160514000006002110000000044147960900000113120000435.24  
20160514000006002110000000044147960900000113131000763.58  
20160514000006002110000000044147960900000113200000509.06  
20160514000006002570000000084016561100000111310000850.60  
20160514000006002570000000084016561100000111400000425.30  
20160514000006002570000000084016561100000111700004253.00  
20160514000006002570000000084016561100000113110000510.36  
20160514000006002570000000084016561100000113120000087.27  
20160514000006002570000000084016561100000113131000153.11  
20160514000006002570000000084016561100000113200000102.07  
20160514000006001160000000035049721100000111220002274.30  
20160514000006001160000000035049721100000111310001147.20  
20160514000006001160000000035049721100000111400000909.51  
20160514000006001160000000035049721100000111700005736.00  
20160514000006001160000000035049721100000111910001756.65  
20160514000006001160000000035049721100000113110001091.42  
20160514000006001160000000035049721100000113120000186.63  
20160514000006001160000000035049721100000113131000327.42  
20160514000006001160000000035049721100000113200000218.28  
20160514000006000650000000044144611100000111220000595.65  
20160514000006000650000000044144611100000111310001959.20  
20160514000006000650000000044144611100000111400001029.24  
20160514000006000650000000044144611100000111700009796.00  
20160514000006000650000000044144611100000113110001235.09  
20160514000006000650000000044144611100000113120000211.20  
20160514000006000650000000044144611100000113131000370.53  
20160514000006000650000000044144611100000113200000247.02  
20160514000006000570000000030128040900000111220000270.75  
20160514000006000570000000030128040900000111400000935.56  
20160514000006000570000000030128040900000111700010956.00  
20160514000006000570000000030128040900000113110001122.68  
20160514000006000570000000030128040900000113120000191.98  
20160514000006000570000000030128040900000113131000336.80  
20160514000006000570000000030128040900000113200000224.54  
20160514000006001170000000037549901100000111220001841.10  
20160514000006001170000000037549901100000111310001147.20  
20160514000006001170000000037549901100000111400000808.39  
20160514000006001170000000037549901100000111700005736.00  
20160514000006001170000000037549901100000111910000976.32  
20160514000006001170000000037549901100000113110000970.06  
20160514000006001170000000037549901100000113120000165.88  
20160514000006001170000000037549901100000113131000291.02  
20160514000006001170000000037549901100000113200000194.01  
20160514000006000740000000052918901100000111220000270.75  
20160514000006000740000000052918901100000111310001701.40  
20160514000006000740000000052918901100000111400000873.26  
20160514000006000740000000052918901100000111700008507.00  
20160514000006000740000000052918901100000113110001047.92  
20160514000006000740000000052918901100000113120000179.19  
20160514000006000740000000052918901100000113131000314.37  
20160514000006000740000000052918901100000113200000209.58  
20160514000006002300000000037570881100000111220000974.70  
20160514000006002300000000037570881100000111400001209.06  
20160514000006002300000000037570881100000111700013534.00  
20160514000006002300000000037570881100000113110001450.87  
20160514000006002300000000037570881100000113120000248.10  
20160514000006002300000000037570881100000113131000435.26  
20160514000006002300000000037570881100000113200000290.17  
20160514000006000750000000040131221000000111220000270.75  
20160514000006000750000000040131221000000111400000731.48  
20160514000006000750000000040131221000000111700008507.00  
20160514000006000750000000040131221000000113110000877.78  
20160514000006000750000000040131221000000113120000150.10  
20160514000006000750000000040131221000000113131000263.33  
20160514000006000750000000040131221000000113200000175.56  
20160514000006002340000000040761511100000111220000270.75  
20160514000006002340000000040761511100000111400000602.56  
20160514000006002340000000040761511100000111700006960.00  
20160514000006002340000000040761511100000113110000723.08  
20160514000006002340000000040761511100000113120000123.65  
20160514000006002340000000040761511100000113131000216.92  
20160514000006002340000000040761511100000113200000144.62  
20160514000006001230000000034170501100000111220000595.65  
20160514000006001230000000034170501100000111310001005.40  
20160514000006001230000000034170501100000111400000704.98  
20160514000006001230000000034170501100000111700005027.00  
20160514000006001230000000034170501100000111910001831.71  
20160514000006001230000000034170501100000113110000845.98  
20160514000006001230000000034170501100000113120000144.66  
20160514000006001230000000034170501100000113131000253.79  
20160514000006001230000000034170501100000113200000169.20  
20160514000006000470000000035904831000000111220000595.65  
20160514000006000470000000035904831000000111400001177.47  
20160514000006000470000000035904831000000111700013534.00  
20160514000006000470000000035904831000000113110001412.97  
20160514000006000470000000035904831000000113120000241.62  
20160514000006000470000000035904831000000113131000423.89  
20160514000006000470000000035904831000000113200000282.59  
20160514000006000580000000044506571000000111220000270.75  
20160514000006000580000000044506571000000111400000935.56  
20160514000006000580000000044506571000000111700010956.00  
20160514000006000580000000044506571000000113110001122.68  
20160514000006000580000000044506571000000113120000191.98  
20160514000006000580000000044506571000000113131000336.80  
20160514000006000580000000044506571000000113200000224.54  
20160514000006001380000000036936201000000111220001407.90  
20160514000006001380000000036936201000000111310000850.60  
20160514000006001380000000036936201000000111400000542.63  
20160514000006001380000000036936201000000111700004253.00  
20160514000006001380000000036936201000000113110000651.15  
20160514000006001380000000036936201000000113120000111.35  
20160514000006001380000000036936201000000113131000195.35  
20160514000006001380000000036936201000000113200000130.23  
20160514000006001010000000013705021100000111220002274.30  
20160514000006001010000000013705021100000111310001263.20  
20160514000006001010000000013705021100000111400000839.55  
20160514000006001010000000013705021100000111700006316.00  
20160514000006001010000000013705021100000111910000221.06  
20160514000006001010000000013705021100000113110001007.46  
20160514000006001010000000013705021100000113120000172.27  
20160514000006001010000000013705021100000113131000302.24  
20160514000006001010000000013705021100000113200000201.49  
20160514000006001020000000026926041100000111220001841.10  
20160514000006001020000000026926041100000111310001263.20  
20160514000006001020000000026926041100000111400000824.50  
20160514000006001020000000026926041100000111700006316.00  
20160514000006001020000000026926041100000111910000473.70  
20160514000006001020000000026926041100000113110000989.40  
20160514000006001020000000026926041100000113120000169.19  
20160514000006001020000000026926041100000113131000296.82  
20160514000006001020000000026926041100000113200000197.88  
20160514000006001310000000073198331100000111310001005.40  
20160514000006001310000000073198331100000111400000546.34  
20160514000006001310000000073198331100000111700005027.00  
20160514000006001310000000073198331100000111910000523.66  
20160514000006001310000000073198331100000113110000655.61  
20160514000006001310000000073198331100000113120000112.11  
20160514000006001310000000073198331100000113131000196.68  
20160514000006001310000000073198331100000113200000131.12  
20160514000006000920000000029143441100000111220002274.30  
20160514000006000920000000029143441100000111310001392.00  
20160514000006000920000000029143441100000111400000931.93  
20160514000006000920000000029143441100000111700006960.00  
20160514000006000920000000029143441100000111910000556.80  
20160514000006000920000000029143441100000113110001118.31  
20160514000006000920000000029143441100000113120000191.23  
20160514000006000920000000029143441100000113131000335.49  
20160514000006000920000000029143441100000113200000223.66  
20160514000006002130000000052135240900000111220000270.75  
20160514000006002130000000052135240900000111400001467.31  
20160514000006002130000000052135240900000111700017337.00  
20160514000006002130000000052135240900000113110001760.78  
20160514000006002130000000052135240900000113120000301.09  
20160514000006002130000000052135240900000113131000528.23  
20160514000006002130000000052135240900000113200000352.16  
20160514000006002530000000042130331100000111310000850.60  
20160514000006002530000000042130331100000111400000437.71  
20160514000006002530000000042130331100000111700004253.00  
20160514000006002530000000042130331100000111910000148.86  
20160514000006002530000000042130331100000113110000525.25  
20160514000006002530000000042130331100000113120000089.82  
20160514000006002530000000042130331100000113131000157.57  
20160514000006002530000000042130331100000113200000105.05  
20160514000006001030000000009599340900000111220002707.50  
20160514000006001030000000009599340900000111400000751.96  
20160514000006001030000000009599340900000111700006316.00  
20160514000006001030000000009599340900000113110000902.35  
20160514000006001030000000009599340900000113131000270.71  
20160514000006001030000000009599340900000113200000180.47  
20160514000006002580000000044178201100000111310000850.60  
20160514000006002580000000044178201100000111400000444.50  
20160514000006002580000000044178201100000111700004253.00  
20160514000006002580000000044178201100000111910000230.37  
20160514000006002580000000044178201100000113110000533.40  
20160514000006002580000000044178201100000113120000091.21  
20160514000006002580000000044178201100000113131000160.02  
20160514000006002580000000044178201100000113200000106.68  
20160514000006001240000000037862621100000111220001407.90  
20160514000006001240000000037862621100000111310001005.40  
20160514000006001240000000037862621100000111400000636.78  
20160514000006001240000000037862621100000111700005027.00  
20160514000006001240000000037862621100000111910000201.08  
20160514000006001240000000037862621100000113110000764.14  
20160514000006001240000000037862621100000113120000130.67  
20160514000006001240000000037862621100000113131000229.24  
20160514000006001240000000037862621100000113200000152.83  
20160514000006000090000000028683471000000111220000974.70  
20160514000006000090000000028683471000000111400001525.98  
20160514000006000090000000028683471000000111700017337.00  
20160514000006000090000000028683471000000113110001831.17  
20160514000006000090000000028683471000000113120000313.13  
20160514000006000090000000028683471000000113131000549.35  
20160514000006000090000000028683471000000113200000366.23  
20160514000006000100000000031374600900000111220001841.10  
20160514000006000100000000031374600900000111400001598.18  
20160514000006000100000000031374600900000111700017337.00  
20160514000006000100000000031374600900000113110001917.81  
20160514000006000100000000031374600900000113120000327.95  
20160514000006000100000000031374600900000113131000575.34  
20160514000006000100000000031374600900000113200000383.56  
20160514000006000760000000064666681100000111220000270.75  
20160514000006000760000000064666681100000111310001701.40  
20160514000006000760000000064666681100000111400000873.26  
20160514000006000760000000064666681100000111700008507.00  
20160514000006000760000000064666681100000113110001047.92  
20160514000006000760000000064666681100000113120000179.19  
20160514000006000760000000064666681100000113131000314.37  
20160514000006000760000000064666681100000113200000209.58  
20160514000006000930000000030781101100000111220001841.10  
20160514000006000930000000030781101100000111310001392.00  
20160514000006000930000000030781101100000111400001024.15  
20160514000006000930000000030781101100000111700006960.00  
20160514000006000930000000030781101100000111910002096.70  
20160514000006000930000000030781101100000113110001228.98  
20160514000006000930000000030781101100000113120000210.16  
20160514000006000930000000030781101100000113131000368.69  
20160514000006000930000000030781101100000113200000245.80  
20160514000006001250000000088545261100000111220000270.75  
20160514000006001250000000088545261100000111310001005.40  
20160514000006001250000000088545261100000111400000605.21  
20160514000006001250000000088545261100000111600001656.00  
20160514000006001250000000088545261100000111700005027.00  
20160514000006001250000000088545261100000111910000959.32  
20160514000006001250000000088545261100000113110000726.25  
20160514000006001250000000088545261100000113120000124.19  
20160514000006001250000000088545261100000113131000217.87  
20160514000006001250000000088545261100000113200000145.25  
20160514000006002270000000009363050900000111220001841.10  
20160514000006002270000000009363050900000111400001189.93  
20160514000006002270000000009363050900000111700012438.00  
20160514000006002270000000009363050900000113110001427.91  
20160514000006002270000000009363050900000113120000244.17  
20160514000006002270000000009363050900000113131000428.37  
20160514000006002270000000009363050900000113200000285.58  
20160514000006001260000000051518861100000111220000595.65  
20160514000006001260000000051518861100000111310001005.40  
20160514000006001260000000051518861100000111400000612.99  
20160514000006001260000000051518861100000111700005027.00  
20160514000006001260000000051518861100000111910000727.88  
20160514000006001260000000051518861100000113110000735.59  
20160514000006001260000000051518861100000113120000125.79  
20160514000006001260000000051518861100000113131000220.68  
20160514000006001260000000051518861100000113200000147.12  
20160514000006000820000000028997750900000111220000270.75  
20160514000006000820000000028997750900000111400000677.81  
20160514000006000820000000028997750900000111700007863.00  
20160514000006000820000000028997750900000113110000813.38  
20160514000006000820000000028997750900000113120000139.09  
20160514000006000820000000028997750900000113131000244.01  
20160514000006000820000000028997750900000113200000162.68  
20160514000006002330000000036220651200000111220001841.10  
20160514000006002330000000036220651200000111400001372.59  
20160514000006002330000000036220651200000111700014630.00  
20160514000006002330000000036220651200000113110001647.11  
20160514000006002330000000036220651200000113120000281.66  
20160514000006002330000000036220651200000113131000494.13  
20160514000006002330000000036220651200000113200000329.42  
20160514000006000660000000051617001100000111220000270.75  
20160514000006000660000000051617001100000111310001959.20  
20160514000006000660000000051617001100000111400001002.16  
20160514000006000660000000051617001100000111700009796.00  
20160514000006000660000000051617001100000113110001202.60  
20160514000006000660000000051617001100000113120000205.64  
20160514000006000660000000051617001100000113131000360.78  
20160514000006000660000000051617001100000113200000240.52  
20160514000006001270000000045380110900000111220000270.75  
20160514000006001270000000045380110900000111400000441.48  
20160514000006001270000000045380110900000111700005027.00  
20160514000006001270000000045380110900000113110000529.78  
20160514000006001270000000045380110900000113120000090.59  
20160514000006001270000000045380110900000113131000158.93  
20160514000006001270000000045380110900000113200000105.96  
20160514000006002260000000019306230900000111220000270.75  
20160514000006002260000000019306230900000111400001059.06  
20160514000006002260000000019306230900000111700012438.00  
20160514000006002260000000019306230900000113110001270.88  
20160514000006002260000000019306230900000113120000217.32  
20160514000006002260000000019306230900000113131000381.26  
20160514000006002260000000019306230900000113200000254.18  
20160514000006000950000000064310240900000111220000270.75  
20160514000006000950000000064310240900000111400000602.56  
20160514000006000950000000064310240900000111700006960.00  
20160514000006000950000000064310240900000113110000723.08  
20160514000006000950000000064310240900000113120000123.65  
20160514000006000950000000064310240900000113131000216.92  
20160514000006000950000000064310240900000113200000144.62  
20160514000006001040000000017606861100000111220001407.90  
20160514000006001040000000017606861100000111310001263.20  
20160514000006001040000000017606861100000111400000748.93  
20160514000006001040000000017606861100000111700006316.00  
20160514000006001040000000017606861100000113110000898.71  
20160514000006001040000000017606861100000113120000153.68  
20160514000006001040000000017606861100000113131000269.61  
20160514000006001040000000017606861100000113200000179.74  
20160514000006001180000000034820631100000111220002274.30  
20160514000006001180000000034820631100000111310001147.20  
20160514000006001180000000034820631100000111400000903.34  
20160514000006001180000000034820631100000111700005736.00  
20160514000006001180000000034820631100000111910001682.56  
20160514000006001180000000034820631100000113110001084.01  
20160514000006001180000000034820631100000113120000185.37  
20160514000006001180000000034820631100000113131000325.20  
20160514000006001180000000034820631100000113200000216.80  
20160514000006002560000000042034451100000111310000850.60  
20160514000006002560000000042034451100000111400000437.71  
20160514000006002560000000042034451100000111700004253.00  
20160514000006002560000000042034451100000111910000148.86  
20160514000006002560000000042034451100000113110000525.25  
20160514000006002560000000042034451100000113120000089.82  
20160514000006002560000000042034451100000113131000157.57  
20160514000006002560000000042034451100000113200000105.05  
20160514000006002420000000067822731100000111310001263.20  
20160514000006002420000000067822731100000111400000631.60  
20160514000006002420000000067822731100000111700006316.00  
20160514000006002420000000067822731100000113110000757.92  
20160514000006002420000000067822731100000113120000129.60  
20160514000006002420000000067822731100000113131000227.38  
20160514000006002420000000067822731100000113200000151.58  
20160514000006001190000000048000591100000111220000974.70  
20160514000006001190000000048000591100000111310001147.20  
20160514000006001190000000048000591100000111400000662.00  
20160514000006001190000000048000591100000111700005736.00  
20160514000006001190000000048000591100000111910000086.04  
20160514000006001190000000048000591100000113110000794.39  
20160514000006001190000000048000591100000113120000135.84  
20160514000006001190000000048000591100000113131000238.32  
20160514000006001190000000048000591100000113200000158.88  
20160514000006000960000000030993041100000111220000270.75  
20160514000006000960000000030993041100000111310001392.00  
20160514000006000960000000030993041100000111400000718.56  
20160514000006000960000000030993041100000111700006960.00  
20160514000006000960000000030993041100000113110000862.28  
20160514000006000960000000030993041100000113120000147.45  
20160514000006000960000000030993041100000113131000258.68  
20160514000006000960000000030993041100000113200000172.46  
20160514000006001050000000008031310900000111220002707.50  
20160514000006001050000000008031310900000111400000751.96  
20160514000006001050000000008031310900000111700006316.00  
20160514000006001050000000008031310900000113110000902.35  
20160514000006001050000000008031310900000113131000270.71  
20160514000006001050000000008031310900000113200000180.47  
20160514000006002500000000075967411100000111400000427.64  
20160514000006002500000000075967411100000111700005027.00  
20160514000006002500000000075967411100000111910000104.73  
20160514000006002500000000075967411100000113110000513.17  
20160514000006002500000000075967411100000113120000087.75  
20160514000006002500000000075967411100000113131000153.95  
20160514000006002500000000075967411100000113200000102.63  
20160514000006002090000000049012270900000111220000135.38  
20160514000006002090000000049012270900000111400001060.53  
20160514000006002090000000049012270900000111700012591.00  
20160514000006002090000000049012270900000113110001272.64  
20160514000006002090000000049012270900000113120000217.62  
20160514000006002090000000049012270900000113131000381.79  
20160514000006002090000000049012270900000113200000254.53  
20160514000006002470000000108106971100000111400000539.18  
20160514000006002470000000108106971100000111700005027.00  
20160514000006002470000000108106971100000111910001443.17  
20160514000006002470000000108106971100000113110000647.02  
20160514000006002470000000108106971100000113120000110.64  
20160514000006002470000000108106971100000113131000194.11  
20160514000006002470000000108106971100000113200000129.40  
20160514000006000680000000048841640900000111220000595.65  
20160514000006000680000000048841640900000111400000865.97  
20160514000006000680000000048841640900000111600003461.00  
20160514000006000680000000048841640900000111700009796.00  
20160514000006000680000000048841640900000113110001039.17  
20160514000006000680000000048841640900000113120000177.70  
20160514000006000680000000048841640900000113131000311.75  
20160514000006000680000000048841640900000113200000207.83  
20160514000006000840000000028792790900000111220001841.10  
20160514000006000840000000028792790900000111400000808.68  
20160514000006000840000000028792790900000111700007863.00  
20160514000006000840000000028792790900000113110000970.41  
20160514000006000840000000028792790900000113120000165.94  
20160514000006000840000000028792790900000113131000291.12  
20160514000006000840000000028792790900000113200000194.08  
20160514000006000850000000064730211000000111220000270.75  
20160514000006000850000000064730211000000111400000677.81  
20160514000006000850000000064730211000000111700007863.00  
20160514000006000850000000064730211000000113110000813.38  
20160514000006000850000000064730211000000113120000139.09  
20160514000006000850000000064730211000000113131000244.01  
20160514000006000850000000064730211000000113200000162.68  
20160514000006001390000000048977811100000111220000270.75  
20160514000006001390000000048977811100000111310000850.60  
20160514000006001390000000048977811100000111400000495.12  
20160514000006001390000000048977811100000111700004253.00  
20160514000006001390000000048977811100000111910000567.07  
20160514000006001390000000048977811100000113110000594.14  
20160514000006001390000000048977811100000113120000101.60  
20160514000006001390000000048977811100000113131000178.24  
20160514000006001390000000048977811100000113200000118.83  
20160514000006000320000000037688620900000111220000595.65  
20160514000006000320000000037688620900000111400001268.80  
20160514000006000320000000037688620900000111700014630.00  
20160514000006000320000000037688620900000113110001522.57  
20160514000006000320000000037688620900000113120000260.36  
20160514000006000320000000037688620900000113131000456.77  
20160514000006000320000000037688620900000113200000304.51  
20160514000006001060000000020457010900000111220002707.50  
20160514000006001060000000020457010900000111400000751.96  
20160514000006001060000000020457010900000111700006316.00  
20160514000006001060000000020457010900000113110000902.35  
20160514000006001060000000020457010900000113120000154.30  
20160514000006001060000000020457010900000113131000270.71  
20160514000006001060000000020457010900000113200000180.47  
20160514000006001460000000037345451000000111220000270.75  
20160514000006001460000000037345451000000111400001467.31  
20160514000006001460000000037345451000000111700017337.00  
20160514000006001460000000037345451000000113110001760.78  
20160514000006001460000000037345451000000113120000301.09  
20160514000006001460000000037345451000000113131000528.23  
20160514000006001460000000037345451000000113200000352.16  
20160514000006000340000000052702481200000111220000270.75  
20160514000006000340000000052702481200000111400001241.73  
20160514000006000340000000052702481200000111700014630.00  
20160514000006000340000000052702481200000113110001490.08  
20160514000006000340000000052702481200000113120000254.80  
20160514000006000340000000052702481200000113131000447.02  
20160514000006000340000000052702481200000113200000298.02  
20160514000006001400000000048869720900000111220000270.75  
20160514000006001400000000048869720900000111400000376.98  
20160514000006001400000000048869720900000111700004253.00  
20160514000006001400000000048869720900000113110000452.38  
20160514000006001400000000048869720900000113120000077.36  
20160514000006001400000000048869720900000113131000135.71  
20160514000006001400000000048869720900000113200000090.48  
20160514000006000080000000044334130900000111220000270.75  
20160514000006000080000000044334130900000111400001467.31  
20160514000006000080000000044334130900000111700017337.00  
20160514000006000080000000044334130900000113110001760.78  
20160514000006000080000000044334130900000113120000301.09  
20160514000006000080000000044334130900000113131000528.23  
20160514000006000080000000044334130900000113200000352.16  
20160514000006001070000000038318380900000111220001407.90  
20160514000006001070000000038318380900000111400000643.66  
20160514000006001070000000038318380900000111700006316.00  
20160514000006001070000000038318380900000113110000772.39  
20160514000006001070000000038318380900000113120000132.08  
20160514000006001070000000038318380900000113131000231.72  
20160514000006001070000000038318380900000113200000154.48  
20160514000006002050000000018938121100000111220000270.75  
20160514000006002050000000018938121100000111400003232.56  
20160514000006002050000000018938121100000111700038520.00  
20160514000006002050000000018938121100000113110003879.08  
20160514000006002050000000018938121100000113120000663.32  
20160514000006002050000000018938121100000113131001163.72  
20160514000006002050000000018938121100000113200000775.82  
20160514000006001080000000008552790900000111220002707.50  
20160514000006001080000000008552790900000111400000751.96  
20160514000006001080000000008552790900000111700006316.00  
20160514000006001080000000008552790900000113110000902.35  
20160514000006001080000000008552790900000113120000154.30  
20160514000006001080000000008552790900000113131000270.71  
20160514000006001080000000008552790900000113200000180.47  
20160514000006000690000000034593161200000111220000270.75  
20160514000006000690000000034593161200000111400000838.90  
20160514000006000690000000034593161200000111700009796.00  
20160514000006000690000000034593161200000113110001006.68  
20160514000006000690000000034593161200000113120000172.14  
20160514000006000690000000034593161200000113131000302.00  
20160514000006000690000000034593161200000113200000201.34  
20160514000006002430000000060963391100000111220000270.75  
20160514000006002430000000060963391100000111310001147.20  
20160514000006002430000000060963391100000111400000596.16  
20160514000006002430000000060963391100000111700005736.00  
20160514000006002430000000060963391100000113110000715.40  
20160514000006002430000000060963391100000113120000122.33  
20160514000006002430000000060963391100000113131000214.62  
20160514000006002430000000060963391100000113200000143.08  
20160514000006000770000000057712600900000111400000708.92  
20160514000006000770000000057712600900000111700008507.00  
20160514000006000770000000057712600900000113110000850.70  
20160514000006000770000000057712600900000113120000145.47  
20160514000006000770000000057712600900000113131000255.21  
20160514000006000770000000057712600900000113200000170.14  
20160514000006000700000000037290380900000111220001841.10  
20160514000006000700000000037290380900000111400000969.76  
20160514000006000700000000037290380900000111700009796.00  
20160514000006000700000000037290380900000113110001163.71  
20160514000006000700000000037290380900000113120000198.99  
20160514000006000700000000037290380900000113131000349.11  
20160514000006000700000000037290380900000113200000232.74  
20160514000006000710000000037205221100000111220001841.10  
20160514000006000710000000037205221100000111310001959.20  
20160514000006000710000000037205221100000111400001133.03  
20160514000006000710000000037205221100000111700009796.00  
20160514000006000710000000037205221100000113110001359.63  
20160514000006000710000000037205221100000113120000232.50  
20160514000006000710000000037205221100000113131000407.89  
20160514000006000710000000037205221100000113200000271.93  
20160514000006000050000000092693871100000111310000100.54  
20160514000006000050000000092693871100000111400000124.10  
20160514000006000050000000092693871100000111910000886.01  
20160514000006000050000000092693871100000112100000502.70  
20160514000006000050000000092693871100000113110000148.93  
20160514000006000050000000092693871100000113120000025.47  
20160514000006000050000000092693871100000113131000044.68  
20160514000006000050000000092693871100000113200000029.79  
20160514000006001290000000051794601100000111220000974.70  
20160514000006001290000000051794601100000111310001005.40  
20160514000006001290000000051794601100000111400000621.28  
20160514000006001290000000051794601100000111700005027.00  
20160514000006001290000000051794601100000111910000448.24  
20160514000006001290000000051794601100000113110000745.53  
20160514000006001290000000051794601100000113120000127.49  
20160514000006001290000000051794601100000113131000223.66  
20160514000006001290000000051794601100000113200000149.11  
20160514000006001300000000044107891100000111220001407.90  
20160514000006001300000000044107891100000111310001005.40  
20160514000006001300000000044107891100000111400000712.27  
20160514000006001300000000044107891100000111700005027.00  
20160514000006001300000000044107891100000111910001106.99  
20160514000006001300000000044107891100000113110000854.73  
20160514000006001300000000044107891100000113120000146.16  
20160514000006001300000000044107891100000113131000256.42  
20160514000006001300000000044107891100000113200000170.95  
20160514000006000480000000036173220900000111220000270.75  
20160514000006000480000000036173220900000111400001150.40  
20160514000006000480000000036173220900000111700013534.00  
20160514000006000480000000036173220900000113110001380.48  
20160514000006000480000000036173220900000113120000236.06  
20160514000006000480000000036173220900000113131000414.14  
20160514000006000480000000036173220900000113200000276.10  
20160514000006002060000000030255050900000111220000974.70  
20160514000006002060000000030255050900000111400003291.23  
20160514000006002060000000030255050900000111700038520.00  
20160514000006002060000000030255050900000113110003949.47  
20160514000006002060000000030255050900000113120000675.36  
20160514000006002060000000030255050900000113131001184.84  
20160514000006002060000000030255050900000113200000789.89  
20160514000006001090000000037827311100000111220002274.30  
20160514000006001090000000037827311100000111310001263.20  
20160514000006001090000000037827311100000111400000933.63  
20160514000006001090000000037827311100000111700006316.00  
20160514000006001090000000037827311100000111910001350.05  
20160514000006001090000000037827311100000113110001120.36  
20160514000006001090000000037827311100000113120000191.58  
20160514000006001090000000037827311100000113131000336.11  
20160514000006001090000000037827311100000113200000224.07  
20160514000006002010000000029910070900000111400001604.08  
20160514000006002010000000029910070900000111700019249.00  
20160514000006002010000000029910070900000113110001924.90  
20160514000006002010000000029910070900000113120000329.16  
20160514000006002010000000029910070900000113131000577.47  
20160514000006002010000000029910070900000113200000384.98  
20160514000006002030000000010690891000000111400003210.00  
20160514000006002030000000010690891000000111700038520.00  
20160514000006002030000000010690891000000113110003852.00  
20160514000006002030000000010690891000000113120000658.69  
20160514000006002030000000010690891000000113131001155.60  
20160514000006002030000000010690891000000113200000770.40  
20160514000006000130000000031378190900000111220001841.10  
20160514000006000130000000031378190900000111400001598.18  
20160514000006000130000000031378190900000111700017337.00  
20160514000006000130000000031378190900000113110001917.81  
20160514000006000130000000031378190900000113120000327.95  
20160514000006000130000000031378190900000113131000575.34  
20160514000006000130000000031378190900000113200000383.56  
20160514000006000790000000052259660900000111220000270.75  
20160514000006000790000000052259660900000111400000731.48  
20160514000006000790000000052259660900000111700008507.00  
20160514000006000790000000052259660900000113110000877.78  
20160514000006000790000000052259660900000113120000150.10  
20160514000006000790000000052259660900000113131000263.33  
20160514000006000790000000052259660900000113200000175.56  
20160514000006000860000000044618940900000111220000595.65  
20160514000006000860000000044618940900000111400000704.89  
20160514000006000860000000044618940900000111700007863.00  
20160514000006000860000000044618940900000113110000845.87  
20160514000006000860000000044618940900000113120000144.64  
20160514000006000860000000044618940900000113131000253.76  
20160514000006000860000000044618940900000113200000169.17  
20160514000006001410000000048709620900000111220000595.65  
20160514000006001410000000048709620900000111400000404.05  
20160514000006001410000000048709620900000111700004253.00  
20160514000006001410000000048709620900000113110000484.87  
20160514000006001410000000048709620900000113120000082.91  
20160514000006001410000000048709620900000113131000145.46  
20160514000006001410000000048709620900000113200000096.97  
20160514000006002520000000042150291100000111310000850.60  
20160514000006002520000000042150291100000111400000437.71  
20160514000006002520000000042150291100000111700004253.00  
20160514000006002520000000042150291100000111910000148.86  
20160514000006002520000000042150291100000113110000525.25  
20160514000006002520000000042150291100000113120000089.82  
20160514000006002520000000042150291100000113131000157.57  
20160514000006002520000000042150291100000113200000105.05  
20160514000006002380000000009989450900000111400000655.25  
20160514000006002380000000009989450900000111700007863.00  
20160514000006002380000000009989450900000113110000786.30  
20160514000006002380000000009989450900000113120000134.46  
20160514000006002380000000009989450900000113131000235.89  
20160514000006002380000000009989450900000113200000157.26  
20160514000006002280000000051932150900000111220000270.75  
20160514000006002280000000051932150900000111400000935.56  
20160514000006002280000000051932150900000111700010956.00  
20160514000006002280000000051932150900000113110001122.68  
20160514000006002280000000051932150900000113120000191.98  
20160514000006002280000000051932150900000113131000336.80  
20160514000006002280000000051932150900000113200000224.54  
20160514000006002540000000054763321100000111310000850.60  
20160514000006002540000000054763321100000111400000427.07  
20160514000006002540000000054763321100000111700004253.00  
20160514000006002540000000054763321100000111910000021.27  
20160514000006002540000000054763321100000113110000512.49  
20160514000006002540000000054763321100000113120000087.64  
20160514000006002540000000054763321100000113131000153.75  
20160514000006002540000000054763321100000113200000102.50  
20160514000006000190000000005681381200000111220002707.50  
20160514000006000190000000005681381200000111400001568.29  
20160514000006000190000000005681381200000111700016112.00  
20160514000006000190000000005681381200000113110001881.95  
20160514000006000190000000005681381200000113131000564.59  
20160514000006000190000000005681381200000113200000376.39  
20160514000006000610000000035181171000000111220000595.65  
20160514000006000610000000035181171000000111400000962.64  
20160514000006000610000000035181171000000111700010956.00  
20160514000006000610000000035181171000000113110001155.17  
20160514000006000610000000035181171000000113120000197.53  
20160514000006000610000000035181171000000113131000346.55  
20160514000006000610000000035181171000000113200000231.03  
20160514000006002480000000092675111100000111400000544.33  
20160514000006002480000000092675111100000111700005027.00  
20160514000006002480000000092675111100000111910001504.96  
20160514000006002480000000092675111100000113110000653.20  
20160514000006002480000000092675111100000113120000111.70  
20160514000006002480000000092675111100000113131000195.96  
20160514000006002480000000092675111100000113200000130.64  
20160514000006002390000000031245160900000111400001444.75  
20160514000006002390000000031245160900000111700017337.00  
20160514000006002390000000031245160900000113110001733.70  
20160514000006002390000000031245160900000113120000296.46  
20160514000006002390000000031245160900000113131000520.11  
20160514000006002390000000031245160900000113200000346.74  
20160514000006001420000000030640161000000111220001407.90  
20160514000006001420000000030640161000000111310000850.60  
20160514000006001420000000030640161000000111400000542.63  
20160514000006001420000000030640161000000111700004253.00  
20160514000006001420000000030640161000000113110000651.15  
20160514000006001420000000030640161000000113120000111.35  
20160514000006001420000000030640161000000113131000195.35  
20160514000006001420000000030640161000000113200000130.23  
20160514000006002290000000045021820900000111220000270.75  
20160514000006002290000000045021820900000111400000602.56  
20160514000006002290000000045021820900000111700006960.00  
20160514000006002290000000045021820900000113110000723.08  
20160514000006002290000000045021820900000113120000123.65  
20160514000006002290000000045021820900000113131000216.92  
20160514000006002290000000045021820900000113200000144.62  
20160514000006002220000000028625750900000111400002098.50  
20160514000006002220000000028625750900000111700025182.00  
20160514000006002220000000028625750900000113110002518.20  
20160514000006002220000000028625750900000113120000430.61  
20160514000006002220000000028625750900000113131000755.46  
20160514000006002220000000028625750900000113200000503.64  
20160514000006000980000000040225151100000111220000595.65  
20160514000006000980000000040225151100000111310001392.00  
20160514000006000980000000040225151100000111400000745.64  
20160514000006000980000000040225151100000111700006960.00  
20160514000006000980000000040225151100000113110000894.77  
20160514000006000980000000040225151100000113120000153.00  
20160514000006000980000000040225151100000113131000268.43  
20160514000006000980000000040225151100000113200000178.95  
20160514000006001320000000044154021100000111220000595.65  
20160514000006001320000000044154021100000111310001005.40  
20160514000006001320000000044154021100000111400000623.38  
20160514000006001320000000044154021100000111700005027.00  
20160514000006001320000000044154021100000111910000852.50  
20160514000006001320000000044154021100000113110000748.06  
20160514000006001320000000044154021100000113120000127.92  
20160514000006001320000000044154021100000113131000224.42  
20160514000006001320000000044154021100000113200000149.61  
20160514000006002210000000029008541100000111400002098.50  
20160514000006002210000000029008541100000111700025182.00  
20160514000006002210000000029008541100000113110002518.20  
20160514000006002210000000029008541100000113120000430.61  
20160514000006002210000000029008541100000113131000755.46  
20160514000006002210000000029008541100000113200000503.64  
20160514000006002450000000042002231100000111220000270.75  
20160514000006002450000000042002231100000111310001005.40  
20160514000006002450000000042002231100000111400000651.29  
20160514000006002450000000042002231100000111700005027.00  
20160514000006002450000000042002231100000111910001512.29  
20160514000006002450000000042002231100000113110000781.54  
20160514000006002450000000042002231100000113120000133.64  
20160514000006002450000000042002231100000113131000234.46  
20160514000006002450000000042002231100000113200000156.31  
20160514000006002070000000051989401000000111220000595.65  
20160514000006002070000000051989401000000111400002148.14  
20160514000006002070000000051989401000000111700025182.00  
20160514000006002070000000051989401000000113110002577.77  
20160514000006002070000000051989401000000113120000440.80  
20160514000006002070000000051989401000000113131000773.33  
20160514000006002070000000051989401000000113200000515.55  
20160514000006000990000000056485771100000111220000270.75  
20160514000006000990000000056485771100000111310001392.00  
20160514000006000990000000056485771100000111400000718.56  
20160514000006000990000000056485771100000111700006960.00  
20160514000006000990000000056485771100000113110000862.28  
20160514000006000990000000056485771100000113120000147.45  
20160514000006000990000000056485771100000113131000258.68  
20160514000006000990000000056485771100000113200000172.46  
20160514000006000380000000044249661000000111220000270.75  
20160514000006000380000000044249661000000111400001241.73  
20160514000006000380000000044249661000000111700014630.00  
20160514000006000380000000044249661000000113110001490.08  
20160514000006000380000000044249661000000113120000254.80  
20160514000006000380000000044249661000000113131000447.02  
20160514000006000380000000044249661000000113200000298.02  
20160514000006001340000000036055810900000111220000270.75  
20160514000006001340000000036055810900000111400000441.48  
20160514000006001340000000036055810900000111700005027.00  
20160514000006001340000000036055810900000113110000529.78  
20160514000006001340000000036055810900000113120000090.59  
20160514000006001340000000036055810900000113131000158.93  
20160514000006001340000000036055810900000113200000105.96  
20160514000006001430000000037530270900000111220001407.90  
20160514000006001430000000037530270900000111400000471.74  
20160514000006001430000000037530270900000111700004253.00  
20160514000006001430000000037530270900000113110000566.09  
20160514000006001430000000037530270900000113120000096.80  
20160514000006001430000000037530270900000113131000169.83  
20160514000006001430000000037530270900000113200000113.22  
20160514000006002100000000036212690900000111220001841.10  
20160514000006002100000000036212690900000111400002251.93  
20160514000006002100000000036212690900000111700025182.00  
20160514000006002100000000036212690900000113110002702.31  
20160514000006002100000000036212690900000113120000462.10  
20160514000006002100000000036212690900000113131000810.69  
20160514000006002100000000036212690900000113200000540.46  
20160514000006000150000000035888920900000111220000270.75  
20160514000006000150000000035888920900000111400001467.31  
20160514000006000150000000035888920900000111700017337.00  
20160514000006000150000000035888920900000113110001760.78  
20160514000006000150000000035888920900000113120000301.09  
20160514000006000150000000035888920900000113131000528.23  
20160514000006000150000000035888920900000113200000352.16  
20160514000006001350000000059031341100000111220000974.70  
20160514000006001350000000059031341100000111310001005.40  
20160514000006001350000000059031341100000111400000598.59  
20160514000006001350000000059031341100000111700005027.00  
20160514000006001350000000059031341100000111910000175.95  
20160514000006001350000000059031341100000113110000718.31  
20160514000006001350000000059031341100000113120000122.83  
20160514000006001350000000059031341100000113131000215.49  
20160514000006001350000000059031341100000113200000143.66  
20160514000006000620000000044678691200000111220000270.75  
20160514000006000620000000044678691200000111400000935.56  
20160514000006000620000000044678691200000111700010956.00  
20160514000006000620000000044678691200000113110001122.68  
20160514000006000620000000044678691200000113120000191.98  
20160514000006000620000000044678691200000113131000336.80  
20160514000006000620000000044678691200000113200000224.54  
20160514000006002120000000044119031000000111400002098.50  
20160514000006002120000000044119031000000111700025182.00  
20160514000006002120000000044119031000000113110002518.20  
20160514000006002120000000044119031000000113120000430.61  
20160514000006002120000000044119031000000113131000755.46  
20160514000006002120000000044119031000000113200000503.64  
20160514000006002360000000037423650900000111220000595.65  
20160514000006002360000000037423650900000111400000758.55  
20160514000006002360000000037423650900000111700008507.00  
20160514000006002360000000037423650900000113110000910.27  
20160514000006002360000000037423650900000113120000155.66  
20160514000006002360000000037423650900000113131000273.08  
20160514000006002360000000037423650900000113200000182.05  
20160514000006001100000000037206271100000111220002274.30  
20160514000006001100000000037206271100000111310001263.20  
20160514000006001100000000037206271100000111400000866.41  
20160514000006001100000000037206271100000111700006316.00  
20160514000006001100000000037206271100000111910000543.44  
20160514000006001100000000037206271100000113110001039.69  
20160514000006001100000000037206271100000113120000177.79  
20160514000006001100000000037206271100000113131000311.91  
20160514000006001100000000037206271100000113200000207.94  
20160514000006001110000000028941011100000111220002274.30  
20160514000006001110000000028941011100000111400000715.86  
20160514000006001110000000028941011100000111700006316.00  
20160514000006001110000000028941011100000113110000859.03  
20160514000006001110000000028941011100000113120000146.89  
20160514000006001110000000028941011100000113131000257.71  
20160514000006001110000000028941011100000113200000171.81  
20160514000006002320000000028750931100000111220000270.75  
20160514000006002320000000028750931100000111400001241.73  
20160514000006002320000000028750931100000111700014630.00  
20160514000006002320000000028750931100000113110001490.08  
20160514000006002320000000028750931100000113120000254.80  
20160514000006002320000000028750931100000113131000447.02  
20160514000006002320000000028750931100000113200000298.02  
20160514000006002550000000077791011100000111310000850.60  
20160514000006002550000000077791011100000111400000425.30  
20160514000006002550000000077791011100000111700004253.00  
20160514000006002550000000077791011100000113110000510.36  
20160514000006002550000000077791011100000113120000087.27  
20160514000006002550000000077791011100000113131000153.11  
20160514000006002550000000077791011100000113200000102.07  
20160514000006002020000000009530210900000111220000595.65  
20160514000006002020000000009530210900000111400003348.80  
20160514000006002020000000009530210900000111700039590.00  
20160514000006002020000000009530210900000113110004018.57  
20160514000006002020000000009530210900000113120000687.17  
20160514000006002020000000009530210900000113131001205.57  
20160514000006002020000000009530210900000113200000803.71  
20160514000006002460000000041815811100000111400000546.51  
20160514000006002460000000041815811100000111700005027.00  
20160514000006002460000000041815811100000111910001531.14  
20160514000006002460000000041815811100000113110000655.81  
20160514000006002460000000041815811100000113120000112.14  
20160514000006002460000000041815811100000113131000196.74  
20160514000006002460000000041815811100000113200000131.16  
20160514000006002170000000037787980900000111220001841.10  
20160514000006002170000000037787980900000111400001442.43  
20160514000006002170000000037787980900000111700015468.00  
20160514000006002170000000037787980900000113110001730.91  
20160514000006002170000000037787980900000113120000295.99  
20160514000006002170000000037787980900000113131000519.27  
20160514000006002170000000037787980900000113200000346.18  
20160514000006000800000000037686630900000111220000270.75  
20160514000006000800000000037686630900000111400000731.48  
20160514000006000800000000037686630900000111700008507.00  
20160514000006000800000000037686630900000113110000877.78  
20160514000006000800000000037686630900000113120000150.10  
20160514000006000800000000037686630900000113131000263.33  
20160514000006000800000000037686630900000113200000175.56  
20160514000006000200000000042889520900000111220000270.75  
20160514000006000200000000042889520900000111400001365.23  
20160514000006000200000000042889520900000111700016112.00  
20160514000006000200000000042889520900000113110001638.28  
20160514000006000200000000042889520900000113120000280.15  
20160514000006000200000000042889520900000113131000491.48  
20160514000006000200000000042889520900000113200000327.66  
20160514000006001360000000047023491100000111220000974.70  
20160514000006001360000000047023491100000111310001005.40  
20160514000006001360000000047023491100000111400000642.40  
20160514000006001360000000047023491100000111700005027.00  
20160514000006001360000000047023491100000111910000701.69  
20160514000006001360000000047023491100000113110000770.88  
20160514000006001360000000047023491100000113120000131.82  
20160514000006001360000000047023491100000113131000231.26  
20160514000006001360000000047023491100000113200000154.18  
20160514000006002040000000030176310900000111220000595.65  
20160514000006002040000000030176310900000111400003259.64  
20160514000006002040000000030176310900000111700038520.00  
20160514000006002040000000030176310900000113110003911.57  
20160514000006002040000000030176310900000113120000668.88  
20160514000006002040000000030176310900000113131001173.47  
20160514000006002040000000030176310900000113200000782.31  
20160514000006002310000000031317101100000111220002274.30  
20160514000006002310000000031317101100000111400001478.53  
20160514000006002310000000031317101100000111700015468.00  
20160514000006002310000000031317101100000113110001774.23  
20160514000006002310000000031317101100000113120000303.39  
20160514000006002310000000031317101100000113131000532.27  
20160514000006002310000000031317101100000113200000354.85  
20160514000006001130000000059166500900000111220000270.75  
20160514000006001130000000059166500900000111400000548.90  
20160514000006001130000000059166500900000111700006316.00  
20160514000006001130000000059166500900000113110000658.68  
20160514000006001130000000059166500900000113120000112.63  
20160514000006001130000000059166500900000113131000197.60  
20160514000006001130000000059166500900000113200000131.74  
20160514000006001370000000025513140900000111220001841.10  
20160514000006001370000000025513140900000111400000572.34  
20160514000006001370000000025513140900000111700005027.00  
20160514000006001370000000025513140900000113110000686.81  
20160514000006001370000000025513140900000113120000117.44  
20160514000006001370000000025513140900000113131000206.04  
20160514000006001370000000025513140900000113200000137.36  
20160514000006000600000000041272230900000111400000913.00  
20160514000006000600000000041272230900000111700010956.00  
20160514000006000600000000041272230900000113110001095.60  
20160514000006000600000000041272230900000113120000187.35  
20160514000006000600000000041272230900000113131000328.68  
20160514000006000600000000041272230900000113200000219.12  
20160514000006002440000000079628621100000111220000270.75  
20160514000006002440000000079628621100000111310001147.20  
20160514000006002440000000079628621100000111400000596.16  
20160514000006002440000000079628621100000111700005736.00  
20160514000006002440000000079628621100000113110000715.40  
20160514000006002440000000079628621100000113120000122.33  
20160514000006002440000000079628621100000113131000214.62  
20160514000006002440000000079628621100000113200000143.08  
20160514000006000260000000013206271000000111220000270.75  
20160514000006000260000000013206271000000111400001311.56  
20160514000006000260000000013206271000000111700015468.00  
20160514000006000260000000013206271000000113110001573.88  
20160514000006000260000000013206271000000113120000269.13  
20160514000006000260000000013206271000000113131000472.16  
20160514000006000260000000013206271000000113200000314.78  
20160514000006000270000000013847920900000111220000270.75  
20160514000006000270000000013847920900000111400001311.56  
20160514000006000270000000013847920900000111700015468.00  
20160514000006000270000000013847920900000113110001573.88  
20160514000006000270000000013847920900000113120000269.13  
20160514000006000270000000013847920900000113131000472.16  
20160514000006000270000000013847920900000113200000314.78  
20160514000006000430000000021398970900000111220002274.30  
20160514000006000430000000021398970900000111400001408.69  
20160514000006000430000000021398970900000111700014630.00  
20160514000006000430000000021398970900000113110001690.43  
20160514000006000430000000021398970900000113120000289.06  
20160514000006000430000000021398970900000113131000507.13  
20160514000006000430000000021398970900000113200000338.09  
20160514000006000160000000037321240900000111220001407.90  
20160514000006000160000000037321240900000111400001562.08  
20160514000006000160000000037321240900000111700017337.00  
20160514000006000160000000037321240900000113110001874.49  
20160514000006000160000000037321240900000113120000320.54  
20160514000006000160000000037321240900000113131000562.35  
20160514000006000160000000037321240900000113200000374.90  
20160514000006001000000000073493141000000111220002707.50  
20160514000006001000000000073493141000000111400000805.63  
20160514000006001000000000073493141000000111700006960.00  
20160514000006001000000000073493141000000113110000966.75  
20160514000006001000000000073493141000000113131000290.03  
20160514000006001000000000073493141000000113200000193.35  
20160514000006001140000000009602780900000111220001841.10  
20160514000006001140000000009602780900000111400000679.76  
20160514000006001140000000009602780900000111700006316.00  
20160514000006001140000000009602780900000113110000815.71  
20160514000006001140000000009602780900000113120000139.49  
20160514000006001140000000009602780900000113131000244.71  
20160514000006001140000000009602780900000113200000163.14  
20160514000006000640000000044674200900000111220001407.90  
20160514000006000640000000044674200900000111400001030.33  
20160514000006000640000000044674200900000111700010956.00  
20160514000006000640000000044674200900000113110001236.39  
20160514000006000640000000044674200900000113120000211.42  
20160514000006000640000000044674200900000113131000370.92  
20160514000006000640000000044674200900000113200000247.28  
TOTAL A BORRAR: 2201368.87
