20160514000007002490000000042020221100000111400000556.64  
20160514000007002490000000042020221100000111700005027.00  
20160514000007002490000000042020221100000111910001652.63  
20160514000007002490000000042020221100000113110000667.96  
20160514000007002490000000042020221100000113120000114.22  
20160514000007002490000000042020221100000113131000200.39  
20160514000007002490000000042020221100000113200000133.59  
20160514000007000040000000030076030900000111400001127.83  
20160514000007000040000000030076030900000112100013534.00  
20160514000007000040000000030076030900000113110001353.40  
20160514000007000040000000030076030900000113120000231.43  
20160514000007000040000000030076030900000113131000406.02  
20160514000007000040000000030076030900000113200000270.68  
20160514000007000120000000044701020900000111220000270.75  
20160514000007000120000000044701020900000111400001467.31  
20160514000007000120000000044701020900000111600001656.00  
20160514000007000120000000044701020900000111700017337.00  
20160514000007000120000000044701020900000113110001760.78  
20160514000007000120000000044701020900000113120000301.09  
20160514000007000120000000044701020900000113131000528.23  
20160514000007000120000000044701020900000113200000352.16  
20160514000007000940000000061440980900000111400000580.00  
20160514000007000940000000061440980900000111600001656.00  
20160514000007000940000000061440980900000111700006960.00  
20160514000007000940000000061440980900000113110000696.00  
20160514000007000940000000061440980900000113120000119.02  
20160514000007000940000000061440980900000113131000208.80  
20160514000007000940000000061440980900000113200000139.20  
20160514000007000540000000030812510900000111220001841.10  
20160514000007000540000000030812510900000111400001066.43  
20160514000007000540000000030812510900000111700010956.00  
20160514000007000540000000030812510900000113110001279.71  
20160514000007000540000000030812510900000113120000218.83  
20160514000007000540000000030812510900000113131000383.91  
20160514000007000540000000030812510900000113200000255.94  
20160514000007002400000000026323150900000111400000354.42  
20160514000007002400000000026323150900000111700004253.00  
20160514000007002400000000026323150900000113110000425.30  
20160514000007002400000000026323150900000113120000072.73  
20160514000007002400000000026323150900000113131000127.59  
20160514000007002400000000026323150900000113200000085.06  
20160514000007000900000000045103950900000111220000270.75  
20160514000007000900000000045103950900000111400000602.56  
20160514000007000900000000045103950900000111700006960.00  
20160514000007000900000000045103950900000113110000723.08  
20160514000007000900000000045103950900000113120000123.65  
20160514000007000900000000045103950900000113131000216.92  
20160514000007000900000000045103950900000113200000144.62  
20160514000007000440000000009521341000000111220002274.30  
20160514000007000440000000009521341000000111400001317.36  
20160514000007000440000000009521341000000111700013534.00  
20160514000007000440000000009521341000000113110001580.83  
20160514000007000440000000009521341000000113120000270.32  
20160514000007000440000000009521341000000113131000474.25  
20160514000007000440000000009521341000000113200000316.17  
20160514000007000280000000030994141100000111220000595.65  
20160514000007000280000000030994141100000111310002926.00  
20160514000007000280000000030994141100000111400001512.64  
20160514000007000280000000030994141100000111700014630.00  
20160514000007000280000000030994141100000113110001815.17  
20160514000007000280000000030994141100000113120000310.39  
20160514000007000280000000030994141100000113131000544.55  
20160514000007000280000000030994141100000113200000363.03  
20160514000007002370000000035968720900000111400000580.00  
20160514000007002370000000035968720900000111700006960.00  
20160514000007002370000000035968720900000113110000696.00  
20160514000007002370000000035968720900000113120000119.02  
20160514000007002370000000035968720900000113131000208.80  
20160514000007002370000000035968720900000113200000139.20  
20160514000007002190000000008109860900000111220001407.90  
20160514000007002190000000008109860900000111400001336.49  
20160514000007002190000000008109860900000111700014630.00  
20160514000007002190000000008109860900000113110001603.79  
20160514000007002190000000008109860900000113131000481.14  
20160514000007002190000000008109860900000113200000320.76  
20160514000007001150000000043297891100000111220001841.10  
20160514000007001150000000043297891100000111310001147.20  
20160514000007001150000000043297891100000111400000782.49  
20160514000007001150000000043297891100000111600001656.00  
20160514000007001150000000043297891100000111700005736.00  
20160514000007001150000000043297891100000111910000665.62  
20160514000007001150000000043297891100000113110000938.99  
20160514000007001150000000043297891100000113120000160.57  
20160514000007001150000000043297891100000113131000281.70  
20160514000007001150000000043297891100000113200000187.80  
20160514000007002180000000024064850900000111220000595.65  
20160514000007002180000000024064850900000111400001268.80  
20160514000007002180000000024064850900000111700014630.00  
20160514000007002180000000024064850900000113110001522.57  
20160514000007002180000000024064850900000113120000260.36  
20160514000007002180000000024064850900000113131000456.77  
20160514000007002180000000024064850900000113200000304.51  
20160514000007002250000000033144560900000111220000595.65  
20160514000007002250000000033144560900000111400000962.64  
20160514000007002250000000033144560900000111700010956.00  
20160514000007002250000000033144560900000113110001155.17  
20160514000007002250000000033144560900000113120000197.53  
20160514000007002250000000033144560900000113131000346.55  
20160514000007002250000000033144560900000113200000231.03  
20160514000007002350000000036231231000000111220002274.30  
20160514000007002350000000036231231000000111400001634.28  
20160514000007002350000000036231231000000111700017337.00  
20160514000007002350000000036231231000000113110001961.13  
20160514000007002350000000036231231000000113120000335.35  
20160514000007002350000000036231231000000113131000588.34  
20160514000007002350000000036231231000000113200000392.23  
20160514000007002590000000048516830900000111400000816.33  
20160514000007002590000000048516830900000111700009796.00  
20160514000007002590000000048516830900000113110000979.60  
20160514000007002590000000048516830900000113120000167.51  
20160514000007002590000000048516830900000113131000293.88  
20160514000007002590000000048516830900000113200000195.92  
20160514000007001220000000017642751100000111220000595.65  
20160514000007001220000000017642751100000111310001005.40  
20160514000007001220000000017642751100000111400000628.97  
20160514000007001220000000017642751100000111700005027.00  
20160514000007001220000000017642751100000111910000919.53  
20160514000007001220000000017642751100000113110000754.76  
20160514000007001220000000017642751100000113120000129.06  
20160514000007001220000000017642751100000113131000226.43  
20160514000007001220000000017642751100000113200000150.95  
20160514000007000290000000037708311100000111220001407.90  
20160514000007000290000000037708311100000111310002926.00  
20160514000007000290000000037708311100000111400001580.33  
20160514000007000290000000037708311100000111700014630.00  
20160514000007000290000000037708311100000113110001896.39  
20160514000007000290000000037708311100000113120000324.28  
20160514000007000290000000037708311100000113131000568.92  
20160514000007000290000000037708311100000113200000379.28  
20160514000007000560000000051699641000000111220000270.75  
20160514000007000560000000051699641000000111400000935.56  
20160514000007000560000000051699641000000111700010956.00  
20160514000007000560000000051699641000000113110001122.68  
20160514000007000560000000051699641000000113120000191.98  
20160514000007000560000000051699641000000113131000336.80  
20160514000007000560000000051699641000000113200000224.54  
20160514000007002110000000044147960900000111220000270.75  
20160514000007002110000000044147960900000111400002121.06  
20160514000007002110000000044147960900000111700025182.00  
20160514000007002110000000044147960900000113110002545.28  
20160514000007002110000000044147960900000113120000435.24  
20160514000007002110000000044147960900000113131000763.58  
20160514000007002110000000044147960900000113200000509.06  
20160514000007002570000000084016561100000111310000850.60  
20160514000007002570000000084016561100000111400000425.30  
20160514000007002570000000084016561100000111700004253.00  
20160514000007002570000000084016561100000113110000510.36  
20160514000007002570000000084016561100000113120000087.27  
20160514000007002570000000084016561100000113131000153.11  
20160514000007002570000000084016561100000113200000102.07  
20160514000007001160000000035049721100000111220002274.30  
20160514000007001160000000035049721100000111310001147.20  
20160514000007001160000000035049721100000111400000789.42  
20160514000007001160000000035049721100000111700005736.00  
20160514000007001160000000035049721100000111910000315.48  
20160514000007001160000000035049721100000113110000947.30  
20160514000007001160000000035049721100000113120000161.99  
20160514000007001160000000035049721100000113131000284.19  
20160514000007001160000000035049721100000113200000189.46  
20160514000007000650000000044144611100000111220000974.70  
20160514000007000650000000044144611100000111310001959.20  
20160514000007000650000000044144611100000111400001060.83  
20160514000007000650000000044144611100000111700009796.00  
20160514000007000650000000044144611100000113110001272.99  
20160514000007000650000000044144611100000113120000217.68  
20160514000007000650000000044144611100000113131000381.90  
20160514000007000650000000044144611100000113200000254.60  
20160514000007000570000000030128040900000111220000270.75  
20160514000007000570000000030128040900000111400000935.56  
20160514000007000570000000030128040900000111700010956.00  
20160514000007000570000000030128040900000113110001122.68  
20160514000007000570000000030128040900000113120000191.98  
20160514000007000570000000030128040900000113131000336.80  
20160514000007000570000000030128040900000113200000224.54  
20160514000007001170000000037549901100000111220001841.10  
20160514000007001170000000037549901100000111310001147.20  
20160514000007001170000000037549901100000111400000780.80  
20160514000007001170000000037549901100000111700005736.00  
20160514000007001170000000037549901100000111910000645.30  
20160514000007001170000000037549901100000113110000936.96  
20160514000007001170000000037549901100000113120000160.22  
20160514000007001170000000037549901100000113131000281.09  
20160514000007001170000000037549901100000113200000187.39  
20160514000007000740000000052918901100000111220000270.75  
20160514000007000740000000052918901100000111310001701.40  
20160514000007000740000000052918901100000111400000873.26  
20160514000007000740000000052918901100000111700008507.00  
20160514000007000740000000052918901100000113110001047.92  
20160514000007000740000000052918901100000113120000179.19  
20160514000007000740000000052918901100000113131000314.37  
20160514000007000740000000052918901100000113200000209.58  
20160514000007002300000000037570881100000111220000974.70  
20160514000007002300000000037570881100000111400001209.06  
20160514000007002300000000037570881100000111700013534.00  
20160514000007002300000000037570881100000113110001450.87  
20160514000007002300000000037570881100000113120000248.10  
20160514000007002300000000037570881100000113131000435.26  
20160514000007002300000000037570881100000113200000290.17  
20160514000007000750000000040131221000000111220000270.75  
20160514000007000750000000040131221000000111400000731.48  
20160514000007000750000000040131221000000111700008507.00  
20160514000007000750000000040131221000000113110000877.78  
20160514000007000750000000040131221000000113120000150.10  
20160514000007000750000000040131221000000113131000263.33  
20160514000007000750000000040131221000000113200000175.56  
20160514000007002340000000040761511100000111220000270.75  
20160514000007002340000000040761511100000111400000602.56  
20160514000007002340000000040761511100000111700006960.00  
20160514000007002340000000040761511100000113110000723.08  
20160514000007002340000000040761511100000113120000123.65  
20160514000007002340000000040761511100000113131000216.92  
20160514000007002340000000040761511100000113200000144.62  
20160514000007001230000000034170501100000111220000595.65  
20160514000007001230000000034170501100000111310001005.40  
20160514000007001230000000034170501100000111400000641.88  
20160514000007001230000000034170501100000111700005027.00  
20160514000007001230000000034170501100000111910001074.52  
20160514000007001230000000034170501100000113110000770.26  
20160514000007001230000000034170501100000113120000131.71  
20160514000007001230000000034170501100000113131000231.08  
20160514000007001230000000034170501100000113200000154.05  
20160514000007000470000000035904831000000111220000595.65  
20160514000007000470000000035904831000000111400001177.47  
20160514000007000470000000035904831000000111700013534.00  
20160514000007000470000000035904831000000113110001412.97  
20160514000007000470000000035904831000000113120000241.62  
20160514000007000470000000035904831000000113131000423.89  
20160514000007000470000000035904831000000113200000282.59  
20160514000007000580000000044506571000000111220000270.75  
20160514000007000580000000044506571000000111400000935.56  
20160514000007000580000000044506571000000111700010956.00  
20160514000007000580000000044506571000000113110001122.68  
20160514000007000580000000044506571000000113120000191.98  
20160514000007000580000000044506571000000113131000336.80  
20160514000007000580000000044506571000000113200000224.54  
20160514000007001380000000036936201000000111220001407.90  
20160514000007001380000000036936201000000111310000850.60  
20160514000007001380000000036936201000000111400000542.63  
20160514000007001380000000036936201000000111700004253.00  
20160514000007001380000000036936201000000113110000651.15  
20160514000007001380000000036936201000000113120000111.35  
20160514000007001380000000036936201000000113131000195.35  
20160514000007001380000000036936201000000113200000130.23  
20160514000007001010000000013705021100000111220002274.30  
20160514000007001010000000013705021100000111310001263.20  
20160514000007001010000000013705021100000111400000851.39  
20160514000007001010000000013705021100000111700006316.00  
20160514000007001010000000013705021100000111910000363.17  
20160514000007001010000000013705021100000113110001021.67  
20160514000007001010000000013705021100000113120000174.71  
20160514000007001010000000013705021100000113131000306.50  
20160514000007001010000000013705021100000113200000204.33  
20160514000007001020000000026926041100000111220001841.10  
20160514000007001020000000026926041100000111310001263.20  
20160514000007001020000000026926041100000111400000824.50  
20160514000007001020000000026926041100000111700006316.00  
20160514000007001020000000026926041100000111910000473.70  
20160514000007001020000000026926041100000113110000989.40  
20160514000007001020000000026926041100000113120000169.19  
20160514000007001020000000026926041100000113131000296.82  
20160514000007001020000000026926041100000113200000197.88  
20160514000007001310000000073198331100000111310001005.40  
20160514000007001310000000073198331100000111400000513.70  
20160514000007001310000000073198331100000111700005027.00  
20160514000007001310000000073198331100000111910000131.96  
20160514000007001310000000073198331100000113110000616.44  
20160514000007001310000000073198331100000113120000105.41  
20160514000007001310000000073198331100000113131000184.93  
20160514000007001310000000073198331100000113200000123.29  
20160514000007000920000000029143441100000111220002274.30  
20160514000007000920000000029143441100000111310001392.00  
20160514000007000920000000029143441100000111400000929.03  
20160514000007000920000000029143441100000111700006960.00  
20160514000007000920000000029143441100000111910000522.00  
20160514000007000920000000029143441100000113110001114.83  
20160514000007000920000000029143441100000113120000190.64  
20160514000007000920000000029143441100000113131000334.45  
20160514000007000920000000029143441100000113200000222.97  
20160514000007002130000000052135240900000111220000270.75  
20160514000007002130000000052135240900000111400001467.31  
20160514000007002130000000052135240900000111700017337.00  
20160514000007002130000000052135240900000113110001760.78  
20160514000007002130000000052135240900000113120000301.09  
20160514000007002130000000052135240900000113131000528.23  
20160514000007002130000000052135240900000113200000352.16  
20160514000007002530000000042130331100000111310000850.60  
20160514000007002530000000042130331100000111400000432.39  
20160514000007002530000000042130331100000111700004253.00  
20160514000007002530000000042130331100000111910000085.06  
20160514000007002530000000042130331100000113110000518.87  
20160514000007002530000000042130331100000113120000088.73  
20160514000007002530000000042130331100000113131000155.66  
20160514000007002530000000042130331100000113200000103.77  
20160514000007001030000000009599340900000111220002707.50  
20160514000007001030000000009599340900000111400000751.96  
20160514000007001030000000009599340900000111700006316.00  
20160514000007001030000000009599340900000113110000902.35  
20160514000007001030000000009599340900000113131000270.71  
20160514000007001030000000009599340900000113200000180.47  
20160514000007002580000000044178201100000111310000850.60  
20160514000007002580000000044178201100000111400000458.38  
20160514000007002580000000044178201100000111700004253.00  
20160514000007002580000000044178201100000111910000396.95  
20160514000007002580000000044178201100000113110000550.06  
20160514000007002580000000044178201100000113120000094.06  
20160514000007002580000000044178201100000113131000165.02  
20160514000007002580000000044178201100000113200000110.01  
20160514000007001240000000037862621100000111220001407.90  
20160514000007001240000000037862621100000111310001005.40  
20160514000007001240000000037862621100000111400000634.69  
20160514000007001240000000037862621100000111700005027.00  
20160514000007001240000000037862621100000111910000175.95  
20160514000007001240000000037862621100000113110000761.63  
20160514000007001240000000037862621100000113120000130.24  
20160514000007001240000000037862621100000113131000228.49  
20160514000007001240000000037862621100000113200000152.33  
20160514000007000090000000028683471000000111220000974.70  
20160514000007000090000000028683471000000111400001525.98  
20160514000007000090000000028683471000000111700017337.00  
20160514000007000090000000028683471000000113110001831.17  
20160514000007000090000000028683471000000113120000313.13  
20160514000007000090000000028683471000000113131000549.35  
20160514000007000090000000028683471000000113200000366.23  
20160514000007000100000000031374600900000111220001841.10  
20160514000007000100000000031374600900000111400001598.18  
20160514000007000100000000031374600900000111700017337.00  
20160514000007000100000000031374600900000113110001917.81  
20160514000007000100000000031374600900000113120000327.95  
20160514000007000100000000031374600900000113131000575.34  
20160514000007000100000000031374600900000113200000383.56  
20160514000007000760000000064666681100000111220000270.75  
20160514000007000760000000064666681100000111310001701.40  
20160514000007000760000000064666681100000111400000873.26  
20160514000007000760000000064666681100000111700008507.00  
20160514000007000760000000064666681100000113110001047.92  
20160514000007000760000000064666681100000113120000179.19  
20160514000007000760000000064666681100000113131000314.37  
20160514000007000760000000064666681100000113200000209.58  
20160514000007000930000000030781101100000111220001841.10  
20160514000007000930000000030781101100000111310001392.00  
20160514000007000930000000030781101100000111400000892.93  
20160514000007000930000000030781101100000111700006960.00  
20160514000007000930000000030781101100000111910000522.00  
20160514000007000930000000030781101100000113110001071.51  
20160514000007000930000000030781101100000113120000183.23  
20160514000007000930000000030781101100000113131000321.45  
20160514000007000930000000030781101100000113200000214.30  
20160514000007001250000000088545261100000111220000270.75  
20160514000007001250000000088545261100000111310001005.40  
20160514000007001250000000088545261100000111400000539.93  
20160514000007001250000000088545261100000111600001656.00  
20160514000007001250000000088545261100000111700005027.00  
20160514000007001250000000088545261100000111910000175.95  
20160514000007001250000000088545261100000113110000647.91  
20160514000007001250000000088545261100000113120000110.79  
20160514000007001250000000088545261100000113131000194.37  
20160514000007001250000000088545261100000113200000129.58  
20160514000007002270000000009363050900000111220001841.10  
20160514000007002270000000009363050900000111400001189.93  
20160514000007002270000000009363050900000111700012438.00  
20160514000007002270000000009363050900000113110001427.91  
20160514000007002270000000009363050900000113120000244.17  
20160514000007002270000000009363050900000113131000428.37  
20160514000007002270000000009363050900000113200000285.58  
20160514000007001260000000051518861100000111220000595.65  
20160514000007001260000000051518861100000111310001005.40  
20160514000007001260000000051518861100000111400000591.44  
20160514000007001260000000051518861100000111700005027.00  
20160514000007001260000000051518861100000111910000469.20  
20160514000007001260000000051518861100000113110000709.73  
20160514000007001260000000051518861100000113120000121.36  
20160514000007001260000000051518861100000113131000212.92  
20160514000007001260000000051518861100000113200000141.95  
20160514000007000820000000028997750900000111220000270.75  
20160514000007000820000000028997750900000111400000677.81  
20160514000007000820000000028997750900000111700007863.00  
20160514000007000820000000028997750900000113110000813.38  
20160514000007000820000000028997750900000113120000139.09  
20160514000007000820000000028997750900000113131000244.01  
20160514000007000820000000028997750900000113200000162.68  
20160514000007002330000000036220651200000111220001841.10  
20160514000007002330000000036220651200000111400001372.59  
20160514000007002330000000036220651200000111700014630.00  
20160514000007002330000000036220651200000113110001647.11  
20160514000007002330000000036220651200000113120000281.66  
20160514000007002330000000036220651200000113131000494.13  
20160514000007002330000000036220651200000113200000329.42  
20160514000007000660000000051617001100000111220000270.75  
20160514000007000660000000051617001100000111310001959.20  
20160514000007000660000000051617001100000111400001002.16  
20160514000007000660000000051617001100000111700009796.00  
20160514000007000660000000051617001100000113110001202.60  
20160514000007000660000000051617001100000113120000205.64  
20160514000007000660000000051617001100000113131000360.78  
20160514000007000660000000051617001100000113200000240.52  
20160514000007001270000000045380110900000111220000270.75  
20160514000007001270000000045380110900000111400000441.48  
20160514000007001270000000045380110900000111700005027.00  
20160514000007001270000000045380110900000113110000529.78  
20160514000007001270000000045380110900000113120000090.59  
20160514000007001270000000045380110900000113131000158.93  
20160514000007001270000000045380110900000113200000105.96  
20160514000007002260000000019306230900000111220000270.75  
20160514000007002260000000019306230900000111400001059.06  
20160514000007002260000000019306230900000111700012438.00  
20160514000007002260000000019306230900000113110001270.88  
20160514000007002260000000019306230900000113120000217.32  
20160514000007002260000000019306230900000113131000381.26  
20160514000007002260000000019306230900000113200000254.18  
20160514000007000950000000064310240900000111220000270.75  
20160514000007000950000000064310240900000111400000602.56  
20160514000007000950000000064310240900000111700006960.00  
20160514000007000950000000064310240900000113110000723.08  
20160514000007000950000000064310240900000113120000123.65  
20160514000007000950000000064310240900000113131000216.92  
20160514000007000950000000064310240900000113200000144.62  
20160514000007001040000000017606861100000111220001407.90  
20160514000007001040000000017606861100000111310001263.20  
20160514000007001040000000017606861100000111400000748.93  
20160514000007001040000000017606861100000111700006316.00  
20160514000007001040000000017606861100000113110000898.71  
20160514000007001040000000017606861100000113120000153.68  
20160514000007001040000000017606861100000113131000269.61  
20160514000007001040000000017606861100000113200000179.74  
20160514000007001180000000034820631100000111220002274.30  
20160514000007001180000000034820631100000111310001147.20  
20160514000007001180000000034820631100000111400000898.76  
20160514000007001180000000034820631100000111700005736.00  
20160514000007001180000000034820631100000111910001627.59  
20160514000007001180000000034820631100000113110001078.51  
20160514000007001180000000034820631100000113120000184.43  
20160514000007001180000000034820631100000113131000323.55  
20160514000007001180000000034820631100000113200000215.70  
20160514000007002560000000042034451100000111310000850.60  
20160514000007002560000000042034451100000111400000437.71  
20160514000007002560000000042034451100000111700004253.00  
20160514000007002560000000042034451100000111910000148.86  
20160514000007002560000000042034451100000113110000525.25  
20160514000007002560000000042034451100000113120000089.82  
20160514000007002560000000042034451100000113131000157.57  
20160514000007002560000000042034451100000113200000105.05  
20160514000007002420000000067822731100000111310001263.20  
20160514000007002420000000067822731100000111400000631.60  
20160514000007002420000000067822731100000111700006316.00  
20160514000007002420000000067822731100000113110000757.92  
20160514000007002420000000067822731100000113120000129.60  
20160514000007002420000000067822731100000113131000227.38  
20160514000007002420000000067822731100000113200000151.58  
20160514000007001190000000048000591100000111220000974.70  
20160514000007001190000000048000591100000111310001147.20  
20160514000007001190000000048000591100000111400000659.61  
20160514000007001190000000048000591100000111700005736.00  
20160514000007001190000000048000591100000111910000057.36  
20160514000007001190000000048000591100000113110000791.53  
20160514000007001190000000048000591100000113120000135.35  
20160514000007001190000000048000591100000113131000237.46  
20160514000007001190000000048000591100000113200000158.31  
20160514000007000960000000030993041100000111220000270.75  
20160514000007000960000000030993041100000111310001392.00  
20160514000007000960000000030993041100000111400000718.56  
20160514000007000960000000030993041100000111700006960.00  
20160514000007000960000000030993041100000113110000862.28  
20160514000007000960000000030993041100000113120000147.45  
20160514000007000960000000030993041100000113131000258.68  
20160514000007000960000000030993041100000113200000172.46  
20160514000007001050000000008031310900000111220002707.50  
20160514000007001050000000008031310900000111400000751.96  
20160514000007001050000000008031310900000111700006316.00  
20160514000007001050000000008031310900000113110000902.35  
20160514000007001050000000008031310900000113131000270.71  
20160514000007001050000000008031310900000113200000180.47  
20160514000007002500000000075967411100000111400000436.37  
20160514000007002500000000075967411100000111700005027.00  
20160514000007002500000000075967411100000111910000209.46  
20160514000007002500000000075967411100000113110000523.65  
20160514000007002500000000075967411100000113120000089.54  
20160514000007002500000000075967411100000113131000157.09  
20160514000007002500000000075967411100000113200000104.73  
20160514000007002470000000108106971100000111400000551.66  
20160514000007002470000000108106971100000111700005027.00  
20160514000007002470000000108106971100000111910001592.94  
20160514000007002470000000108106971100000113110000661.99  
20160514000007002470000000108106971100000113120000113.20  
20160514000007002470000000108106971100000113131000198.60  
20160514000007002470000000108106971100000113200000132.40  
20160514000007000680000000048841640900000111220000595.65  
20160514000007000680000000048841640900000111400000865.97  
20160514000007000680000000048841640900000111600001656.00  
20160514000007000680000000048841640900000111700009796.00  
20160514000007000680000000048841640900000113110001039.17  
20160514000007000680000000048841640900000113120000177.70  
20160514000007000680000000048841640900000113131000311.75  
20160514000007000680000000048841640900000113200000207.83  
20160514000007000840000000028792790900000111220001841.10  
20160514000007000840000000028792790900000111400000808.68  
20160514000007000840000000028792790900000111700007863.00  
20160514000007000840000000028792790900000113110000970.41  
20160514000007000840000000028792790900000113120000165.94  
20160514000007000840000000028792790900000113131000291.12  
20160514000007000840000000028792790900000113200000194.08  
20160514000007000850000000064730211000000111220000270.75  
20160514000007000850000000064730211000000111400000677.81  
20160514000007000850000000064730211000000111700007863.00  
20160514000007000850000000064730211000000113110000813.38  
20160514000007000850000000064730211000000113120000139.09  
20160514000007000850000000064730211000000113131000244.01  
20160514000007000850000000064730211000000113200000162.68  
20160514000007001390000000048977811100000111220000270.75  
20160514000007001390000000048977811100000111310000850.60  
20160514000007001390000000048977811100000111400000468.54  
20160514000007001390000000048977811100000111700004253.00  
20160514000007001390000000048977811100000111910000248.10  
20160514000007001390000000048977811100000113110000562.25  
20160514000007001390000000048977811100000113120000096.14  
20160514000007001390000000048977811100000113131000168.67  
20160514000007001390000000048977811100000113200000112.45  
20160514000007000320000000037688620900000111220000595.65  
20160514000007000320000000037688620900000111400001268.80  
20160514000007000320000000037688620900000111700014630.00  
20160514000007000320000000037688620900000113110001522.57  
20160514000007000320000000037688620900000113120000260.36  
20160514000007000320000000037688620900000113131000456.77  
20160514000007000320000000037688620900000113200000304.51  
20160514000007001060000000020457010900000111220002707.50  
20160514000007001060000000020457010900000111400000751.96  
20160514000007001060000000020457010900000111700006316.00  
20160514000007001060000000020457010900000113110000902.35  
20160514000007001060000000020457010900000113120000154.30  
20160514000007001060000000020457010900000113131000270.71  
20160514000007001060000000020457010900000113200000180.47  
20160514000007001460000000037345451000000111220000270.75  
20160514000007001460000000037345451000000111400001467.31  
20160514000007001460000000037345451000000111700017337.00  
20160514000007001460000000037345451000000113110001760.78  
20160514000007001460000000037345451000000113120000301.09  
20160514000007001460000000037345451000000113131000528.23  
20160514000007001460000000037345451000000113200000352.16  
20160514000007000340000000052702481200000111220000270.75  
20160514000007000340000000052702481200000111400001241.73  
20160514000007000340000000052702481200000111700014630.00  
20160514000007000340000000052702481200000113110001490.08  
20160514000007000340000000052702481200000113120000254.80  
20160514000007000340000000052702481200000113131000447.02  
20160514000007000340000000052702481200000113200000298.02  
20160514000007001400000000048869720900000111220000270.75  
20160514000007001400000000048869720900000111400000376.98  
20160514000007001400000000048869720900000111700004253.00  
20160514000007001400000000048869720900000113110000452.38  
20160514000007001400000000048869720900000113120000077.36  
20160514000007001400000000048869720900000113131000135.71  
20160514000007001400000000048869720900000113200000090.48  
20160514000007000080000000044334130900000111220000270.75  
20160514000007000080000000044334130900000111400001467.31  
20160514000007000080000000044334130900000111700017337.00  
20160514000007000080000000044334130900000113110001760.78  
20160514000007000080000000044334130900000113120000301.09  
20160514000007000080000000044334130900000113131000528.23  
20160514000007000080000000044334130900000113200000352.16  
20160514000007001070000000038318380900000111220001407.90  
20160514000007001070000000038318380900000111400000643.66  
20160514000007001070000000038318380900000111700006316.00  
20160514000007001070000000038318380900000113110000772.39  
20160514000007001070000000038318380900000113120000132.08  
20160514000007001070000000038318380900000113131000231.72  
20160514000007001070000000038318380900000113200000154.48  
20160514000007002050000000018938121100000111220000270.75  
20160514000007002050000000018938121100000111400003232.56  
20160514000007002050000000018938121100000111700038520.00  
20160514000007002050000000018938121100000113110003879.08  
20160514000007002050000000018938121100000113120000663.32  
20160514000007002050000000018938121100000113131001163.72  
20160514000007002050000000018938121100000113200000775.82  
20160514000007001080000000008552790900000111220002707.50  
20160514000007001080000000008552790900000111400000751.96  
20160514000007001080000000008552790900000111700006316.00  
20160514000007001080000000008552790900000113110000902.35  
20160514000007001080000000008552790900000113120000154.30  
20160514000007001080000000008552790900000113131000270.71  
20160514000007001080000000008552790900000113200000180.47  
20160514000007000690000000034593161200000111220000270.75  
20160514000007000690000000034593161200000111400000838.90  
20160514000007000690000000034593161200000111700009796.00  
20160514000007000690000000034593161200000113110001006.68  
20160514000007000690000000034593161200000113120000172.14  
20160514000007000690000000034593161200000113131000302.00  
20160514000007000690000000034593161200000113200000201.34  
20160514000007002430000000060963391100000111220000270.75  
20160514000007002430000000060963391100000111310001147.20  
20160514000007002430000000060963391100000111400000596.16  
20160514000007002430000000060963391100000111700005736.00  
20160514000007002430000000060963391100000113110000715.40  
20160514000007002430000000060963391100000113120000122.33  
20160514000007002430000000060963391100000113131000214.62  
20160514000007002430000000060963391100000113200000143.08  
20160514000007000770000000057712600900000111400000708.92  
20160514000007000770000000057712600900000111700008507.00  
20160514000007000770000000057712600900000113110000850.70  
20160514000007000770000000057712600900000113120000145.47  
20160514000007000770000000057712600900000113131000255.21  
20160514000007000770000000057712600900000113200000170.14  
20160514000007000700000000037290380900000111220001841.10  
20160514000007000700000000037290380900000111400000969.76  
20160514000007000700000000037290380900000111700009796.00  
20160514000007000700000000037290380900000113110001163.71  
20160514000007000700000000037290380900000113120000198.99  
20160514000007000700000000037290380900000113131000349.11  
20160514000007000700000000037290380900000113200000232.74  
20160514000007000710000000037205221100000111220001841.10  
20160514000007000710000000037205221100000111310001959.20  
20160514000007000710000000037205221100000111400001133.03  
20160514000007000710000000037205221100000111700009796.00  
20160514000007000710000000037205221100000113110001359.63  
20160514000007000710000000037205221100000113120000232.50  
20160514000007000710000000037205221100000113131000407.89  
20160514000007000710000000037205221100000113200000271.93  
20160514000007001290000000051794601100000111220000974.70  
20160514000007001290000000051794601100000111310001005.40  
20160514000007001290000000051794601100000111400000609.06  
20160514000007001290000000051794601100000111700005027.00  
20160514000007001290000000051794601100000111910000301.62  
20160514000007001290000000051794601100000113110000730.87  
20160514000007001290000000051794601100000113120000124.98  
20160514000007001290000000051794601100000113131000219.26  
20160514000007001290000000051794601100000113200000146.17  
20160514000007001300000000044107891100000111220001841.10  
20160514000007001300000000044107891100000111310001005.40  
20160514000007001300000000044107891100000111400000792.80  
20160514000007001300000000044107891100000111700005027.00  
20160514000007001300000000044107891100000111910001640.06  
20160514000007001300000000044107891100000113110000951.36  
20160514000007001300000000044107891100000113120000162.68  
20160514000007001300000000044107891100000113131000285.41  
20160514000007001300000000044107891100000113200000190.27  
20160514000007000480000000036173220900000111220000270.75  
20160514000007000480000000036173220900000111400001150.40  
20160514000007000480000000036173220900000111700013534.00  
20160514000007000480000000036173220900000113110001380.48  
20160514000007000480000000036173220900000113120000236.06  
20160514000007000480000000036173220900000113131000414.14  
20160514000007000480000000036173220900000113200000276.10  
20160514000007002060000000030255050900000111220000974.70  
20160514000007002060000000030255050900000111400003291.23  
20160514000007002060000000030255050900000111700038520.00  
20160514000007002060000000030255050900000113110003949.47  
20160514000007002060000000030255050900000113120000675.36  
20160514000007002060000000030255050900000113131001184.84  
20160514000007002060000000030255050900000113200000789.89  
20160514000007001090000000037827311100000111220002274.30  
20160514000007001090000000037827311100000111310001263.20  
20160514000007001090000000037827311100000111400000979.68  
20160514000007001090000000037827311100000111700006316.00  
20160514000007001090000000037827311100000111910001902.70  
20160514000007001090000000037827311100000113110001175.62  
20160514000007001090000000037827311100000113120000201.03  
20160514000007001090000000037827311100000113131000352.69  
20160514000007001090000000037827311100000113200000235.12  
20160514000007002010000000029910070900000111400001604.08  
20160514000007002010000000029910070900000111700019249.00  
20160514000007002010000000029910070900000113110001924.90  
20160514000007002010000000029910070900000113120000329.16  
20160514000007002010000000029910070900000113131000577.47  
20160514000007002010000000029910070900000113200000384.98  
20160514000007002030000000010690891000000111400003210.00  
20160514000007002030000000010690891000000111700038520.00  
20160514000007002030000000010690891000000113110003852.00  
20160514000007002030000000010690891000000113120000658.69  
20160514000007002030000000010690891000000113131001155.60  
20160514000007002030000000010690891000000113200000770.40  
20160514000007000130000000031378190900000111220001841.10  
20160514000007000130000000031378190900000111400001598.18  
20160514000007000130000000031378190900000111700017337.00  
20160514000007000130000000031378190900000113110001917.81  
20160514000007000130000000031378190900000113120000327.95  
20160514000007000130000000031378190900000113131000575.34  
20160514000007000130000000031378190900000113200000383.56  
20160514000007000790000000052259660900000111220000270.75  
20160514000007000790000000052259660900000111400000731.48  
20160514000007000790000000052259660900000111700008507.00  
20160514000007000790000000052259660900000113110000877.78  
20160514000007000790000000052259660900000113120000150.10  
20160514000007000790000000052259660900000113131000263.33  
20160514000007000790000000052259660900000113200000175.56  
20160514000007000860000000044618940900000111220000595.65  
20160514000007000860000000044618940900000111400000704.89  
20160514000007000860000000044618940900000111700007863.00  
20160514000007000860000000044618940900000113110000845.87  
20160514000007000860000000044618940900000113120000144.64  
20160514000007000860000000044618940900000113131000253.76  
20160514000007000860000000044618940900000113200000169.17  
20160514000007001410000000048709620900000111220000595.65  
20160514000007001410000000048709620900000111400000404.05  
20160514000007001410000000048709620900000111700004253.00  
20160514000007001410000000048709620900000113110000484.87  
20160514000007001410000000048709620900000113120000082.91  
20160514000007001410000000048709620900000113131000145.46  
20160514000007001410000000048709620900000113200000096.97  
20160514000007002520000000042150291100000111310000850.60  
20160514000007002520000000042150291100000111400000437.71  
20160514000007002520000000042150291100000111700004253.00  
20160514000007002520000000042150291100000111910000148.86  
20160514000007002520000000042150291100000113110000525.25  
20160514000007002520000000042150291100000113120000089.82  
20160514000007002520000000042150291100000113131000157.57  
20160514000007002520000000042150291100000113200000105.05  
20160514000007002380000000009989450900000111400000655.25  
20160514000007002380000000009989450900000111700007863.00  
20160514000007002380000000009989450900000113110000786.30  
20160514000007002380000000009989450900000113120000134.46  
20160514000007002380000000009989450900000113131000235.89  
20160514000007002380000000009989450900000113200000157.26  
20160514000007002280000000051932150900000111220000270.75  
20160514000007002280000000051932150900000111400000935.56  
20160514000007002280000000051932150900000111700010956.00  
20160514000007002280000000051932150900000113110001122.68  
20160514000007002280000000051932150900000113120000191.98  
20160514000007002280000000051932150900000113131000336.80  
20160514000007002280000000051932150900000113200000224.54  
20160514000007002540000000054763321100000111310000850.60  
20160514000007002540000000054763321100000111400000490.13  
20160514000007002540000000054763321100000111700004253.00  
20160514000007002540000000054763321100000111910000777.95  
20160514000007002540000000054763321100000113110000588.16  
20160514000007002540000000054763321100000113120000100.57  
20160514000007002540000000054763321100000113131000176.45  
20160514000007002540000000054763321100000113200000117.63  
20160514000007000190000000005681381200000111220002707.50  
20160514000007000190000000005681381200000111400001568.29  
20160514000007000190000000005681381200000111700016112.00  
20160514000007000190000000005681381200000113110001881.95  
20160514000007000190000000005681381200000113131000564.59  
20160514000007000190000000005681381200000113200000376.39  
20160514000007000610000000035181171000000111220000974.70  
20160514000007000610000000035181171000000111400000994.23  
20160514000007000610000000035181171000000111700010956.00  
20160514000007000610000000035181171000000113110001193.07  
20160514000007000610000000035181171000000113120000204.01  
20160514000007000610000000035181171000000113131000357.92  
20160514000007000610000000035181171000000113200000238.61  
20160514000007002480000000092675111100000111400000532.64  
20160514000007002480000000092675111100000111700005027.00  
20160514000007002480000000092675111100000111910001364.62  
20160514000007002480000000092675111100000113110000639.16  
20160514000007002480000000092675111100000113120000109.30  
20160514000007002480000000092675111100000113131000191.75  
20160514000007002480000000092675111100000113200000127.83  
20160514000007002390000000031245160900000111400001444.75  
20160514000007002390000000031245160900000111700017337.00  
20160514000007002390000000031245160900000113110001733.70  
20160514000007002390000000031245160900000113120000296.46  
20160514000007002390000000031245160900000113131000520.11  
20160514000007002390000000031245160900000113200000346.74  
20160514000007001420000000030640161000000111220001407.90  
20160514000007001420000000030640161000000111310000850.60  
20160514000007001420000000030640161000000111400000542.63  
20160514000007001420000000030640161000000111700004253.00  
20160514000007001420000000030640161000000113110000651.15  
20160514000007001420000000030640161000000113120000111.35  
20160514000007001420000000030640161000000113131000195.35  
20160514000007001420000000030640161000000113200000130.23  
20160514000007002290000000045021820900000111220000270.75  
20160514000007002290000000045021820900000111400000602.56  
20160514000007002290000000045021820900000111700006960.00  
20160514000007002290000000045021820900000113110000723.08  
20160514000007002290000000045021820900000113120000123.65  
20160514000007002290000000045021820900000113131000216.92  
20160514000007002290000000045021820900000113200000144.62  
20160514000007002220000000028625750900000111400002098.50  
20160514000007002220000000028625750900000111700025182.00  
20160514000007002220000000028625750900000113110002518.20  
20160514000007002220000000028625750900000113120000430.61  
20160514000007002220000000028625750900000113131000755.46  
20160514000007002220000000028625750900000113200000503.64  
20160514000007000980000000040225151100000111220000595.65  
20160514000007000980000000040225151100000111310001392.00  
20160514000007000980000000040225151100000111400000745.64  
20160514000007000980000000040225151100000111700006960.00  
20160514000007000980000000040225151100000113110000894.77  
20160514000007000980000000040225151100000113120000153.00  
20160514000007000980000000040225151100000113131000268.43  
20160514000007000980000000040225151100000113200000178.95  
20160514000007001320000000044154021100000111220000595.65  
20160514000007001320000000044154021100000111310001005.40  
20160514000007001320000000044154021100000111400000583.06  
20160514000007001320000000044154021100000111700005027.00  
20160514000007001320000000044154021100000111910000368.65  
20160514000007001320000000044154021100000113110000699.67  
20160514000007001320000000044154021100000113120000119.64  
20160514000007001320000000044154021100000113131000209.90  
20160514000007001320000000044154021100000113200000139.93  
20160514000007002210000000029008541100000111400002098.50  
20160514000007002210000000029008541100000111700025182.00  
20160514000007002210000000029008541100000113110002518.20  
20160514000007002210000000029008541100000113120000430.61  
20160514000007002210000000029008541100000113131000755.46  
20160514000007002210000000029008541100000113200000503.64  
20160514000007002450000000042002231100000111220000270.75  
20160514000007002450000000042002231100000111310001005.40  
20160514000007002450000000042002231100000111400000629.99  
20160514000007002450000000042002231100000111700005027.00  
20160514000007002450000000042002231100000111910001256.76  
20160514000007002450000000042002231100000113110000755.99  
20160514000007002450000000042002231100000113120000129.27  
20160514000007002450000000042002231100000113131000226.80  
20160514000007002450000000042002231100000113200000151.20  
20160514000007002070000000051989401000000111220000595.65  
20160514000007002070000000051989401000000111400002148.14  
20160514000007002070000000051989401000000111700025182.00  
20160514000007002070000000051989401000000113110002577.77  
20160514000007002070000000051989401000000113120000440.80  
20160514000007002070000000051989401000000113131000773.33  
20160514000007002070000000051989401000000113200000515.55  
20160514000007000990000000056485771100000111220000270.75  
20160514000007000990000000056485771100000111310001392.00  
20160514000007000990000000056485771100000111400000718.56  
20160514000007000990000000056485771100000111700006960.00  
20160514000007000990000000056485771100000113110000862.28  
20160514000007000990000000056485771100000113120000147.45  
20160514000007000990000000056485771100000113131000258.68  
20160514000007000990000000056485771100000113200000172.46  
20160514000007000380000000044249661000000111220000270.75  
20160514000007000380000000044249661000000111400001241.73  
20160514000007000380000000044249661000000111700014630.00  
20160514000007000380000000044249661000000113110001490.08  
20160514000007000380000000044249661000000113120000254.80  
20160514000007000380000000044249661000000113131000447.02  
20160514000007000380000000044249661000000113200000298.02  
20160514000007001340000000036055810900000111220000270.75  
20160514000007001340000000036055810900000111400000441.48  
20160514000007001340000000036055810900000111700005027.00  
20160514000007001340000000036055810900000113110000529.78  
20160514000007001340000000036055810900000113120000090.59  
20160514000007001340000000036055810900000113131000158.93  
20160514000007001340000000036055810900000113200000105.96  
20160514000007001430000000037530270900000111220001407.90  
20160514000007001430000000037530270900000111400000471.74  
20160514000007001430000000037530270900000111700004253.00  
20160514000007001430000000037530270900000113110000566.09  
20160514000007001430000000037530270900000113120000096.80  
20160514000007001430000000037530270900000113131000169.83  
20160514000007001430000000037530270900000113200000113.22  
20160514000007002100000000036212690900000111220001841.10  
20160514000007002100000000036212690900000111400002251.93  
20160514000007002100000000036212690900000111700025182.00  
20160514000007002100000000036212690900000113110002702.31  
20160514000007002100000000036212690900000113120000462.10  
20160514000007002100000000036212690900000113131000810.69  
20160514000007002100000000036212690900000113200000540.46  
20160514000007000150000000035888920900000111220000270.75  
20160514000007000150000000035888920900000111400001467.31  
20160514000007000150000000035888920900000111700017337.00  
20160514000007000150000000035888920900000113110001760.78  
20160514000007000150000000035888920900000113120000301.09  
20160514000007000150000000035888920900000113131000528.23  
20160514000007000150000000035888920900000113200000352.16  
20160514000007001350000000059031341100000111220000974.70  
20160514000007001350000000059031341100000111310001005.40  
20160514000007001350000000059031341100000111400000626.95  
20160514000007001350000000059031341100000111700005027.00  
20160514000007001350000000059031341100000111910000516.32  
20160514000007001350000000059031341100000113110000752.34  
20160514000007001350000000059031341100000113120000128.65  
20160514000007001350000000059031341100000113131000225.70  
20160514000007001350000000059031341100000113200000150.47  
20160514000007000620000000044678691200000111220000270.75  
20160514000007000620000000044678691200000111400000935.56  
20160514000007000620000000044678691200000111700010956.00  
20160514000007000620000000044678691200000113110001122.68  
20160514000007000620000000044678691200000113120000191.98  
20160514000007000620000000044678691200000113131000336.80  
20160514000007000620000000044678691200000113200000224.54  
20160514000007002120000000044119031000000111400002098.50  
20160514000007002120000000044119031000000111700025182.00  
20160514000007002120000000044119031000000113110002518.20  
20160514000007002120000000044119031000000113120000430.61  
20160514000007002120000000044119031000000113131000755.46  
20160514000007002120000000044119031000000113200000503.64  
20160514000007002360000000037423650900000111220000595.65  
20160514000007002360000000037423650900000111400000758.55  
20160514000007002360000000037423650900000111700008507.00  
20160514000007002360000000037423650900000113110000910.27  
20160514000007002360000000037423650900000113120000155.66  
20160514000007002360000000037423650900000113131000273.08  
20160514000007002360000000037423650900000113200000182.05  
20160514000007001100000000037206271100000111220002274.30  
20160514000007001100000000037206271100000111310001263.20  
20160514000007001100000000037206271100000111400000872.22  
20160514000007001100000000037206271100000111700006316.00  
20160514000007001100000000037206271100000111910000613.18  
20160514000007001100000000037206271100000113110001046.67  
20160514000007001100000000037206271100000113120000178.98  
20160514000007001100000000037206271100000113131000314.00  
20160514000007001100000000037206271100000113200000209.33  
20160514000007001110000000028941011100000111220002274.30  
20160514000007001110000000028941011100000111400000715.86  
20160514000007001110000000028941011100000111700006316.00  
20160514000007001110000000028941011100000113110000859.03  
20160514000007001110000000028941011100000113120000146.89  
20160514000007001110000000028941011100000113131000257.71  
20160514000007001110000000028941011100000113200000171.81  
20160514000007002320000000028750931100000111220000270.75  
20160514000007002320000000028750931100000111400001241.73  
20160514000007002320000000028750931100000111700014630.00  
20160514000007002320000000028750931100000113110001490.08  
20160514000007002320000000028750931100000113120000254.80  
20160514000007002320000000028750931100000113131000447.02  
20160514000007002320000000028750931100000113200000298.02  
20160514000007002550000000077791011100000111310000850.60  
20160514000007002550000000077791011100000111400000425.52  
20160514000007002550000000077791011100000111700004253.00  
20160514000007002550000000077791011100000111910000002.66  
20160514000007002550000000077791011100000113110000510.63  
20160514000007002550000000077791011100000113120000087.32  
20160514000007002550000000077791011100000113131000153.19  
20160514000007002550000000077791011100000113200000102.13  
20160514000007002020000000009530210900000111220000595.65  
20160514000007002020000000009530210900000111400003348.80  
20160514000007002020000000009530210900000111700039590.00  
20160514000007002020000000009530210900000113110004018.57  
20160514000007002020000000009530210900000113120000687.17  
20160514000007002020000000009530210900000113131001205.57  
20160514000007002020000000009530210900000113200000803.71  
20160514000007002460000000041815811100000111400000526.96  
20160514000007002460000000041815811100000111700005027.00  
20160514000007002460000000041815811100000111910001296.54  
20160514000007002460000000041815811100000113110000632.35  
20160514000007002460000000041815811100000113120000108.13  
20160514000007002460000000041815811100000113131000189.71  
20160514000007002460000000041815811100000113200000126.47  
20160514000007002170000000037787980900000111220001841.10  
20160514000007002170000000037787980900000111400001442.43  
20160514000007002170000000037787980900000111700015468.00  
20160514000007002170000000037787980900000113110001730.91  
20160514000007002170000000037787980900000113120000295.99  
20160514000007002170000000037787980900000113131000519.27  
20160514000007002170000000037787980900000113200000346.18  
20160514000007000800000000037686630900000111220000270.75  
20160514000007000800000000037686630900000111400000731.48  
20160514000007000800000000037686630900000111700008507.00  
20160514000007000800000000037686630900000113110000877.78  
20160514000007000800000000037686630900000113120000150.10  
20160514000007000800000000037686630900000113131000263.33  
20160514000007000800000000037686630900000113200000175.56  
20160514000007000200000000042889520900000111220000270.75  
20160514000007000200000000042889520900000111400001365.23  
20160514000007000200000000042889520900000111700016112.00  
20160514000007000200000000042889520900000113110001638.28  
20160514000007000200000000042889520900000113120000280.15  
20160514000007000200000000042889520900000113131000491.48  
20160514000007000200000000042889520900000113200000327.66  
20160514000007001360000000047023491100000111220000974.70  
20160514000007001360000000047023491100000111310001005.40  
20160514000007001360000000047023491100000111400000614.65  
20160514000007001360000000047023491100000111700005027.00  
20160514000007001360000000047023491100000111910000368.65  
20160514000007001360000000047023491100000113110000737.58  
20160514000007001360000000047023491100000113120000126.13  
20160514000007001360000000047023491100000113131000221.27  
20160514000007001360000000047023491100000113200000147.52  
20160514000007002040000000030176310900000111220000595.65  
20160514000007002040000000030176310900000111400003259.64  
20160514000007002040000000030176310900000111700038520.00  
20160514000007002040000000030176310900000113110003911.57  
20160514000007002040000000030176310900000113120000668.88  
20160514000007002040000000030176310900000113131001173.47  
20160514000007002040000000030176310900000113200000782.31  
20160514000007002310000000031317101100000111220002274.30  
20160514000007002310000000031317101100000111400001478.53  
20160514000007002310000000031317101100000111700015468.00  
20160514000007002310000000031317101100000113110001774.23  
20160514000007002310000000031317101100000113120000303.39  
20160514000007002310000000031317101100000113131000532.27  
20160514000007002310000000031317101100000113200000354.85  
20160514000007001130000000059166500900000111220000270.75  
20160514000007001130000000059166500900000111400000548.90  
20160514000007001130000000059166500900000111700006316.00  
20160514000007001130000000059166500900000113110000658.68  
20160514000007001130000000059166500900000113120000112.63  
20160514000007001130000000059166500900000113131000197.60  
20160514000007001130000000059166500900000113200000131.74  
20160514000007001370000000025513140900000111220001841.10  
20160514000007001370000000025513140900000111400000572.34  
20160514000007001370000000025513140900000111700005027.00  
20160514000007001370000000025513140900000113110000686.81  
20160514000007001370000000025513140900000113120000117.44  
20160514000007001370000000025513140900000113131000206.04  
20160514000007001370000000025513140900000113200000137.36  
20160514000007000600000000041272230900000111400000913.00  
20160514000007000600000000041272230900000111700010956.00  
20160514000007000600000000041272230900000113110001095.60  
20160514000007000600000000041272230900000113120000187.35  
20160514000007000600000000041272230900000113131000328.68  
20160514000007000600000000041272230900000113200000219.12  
20160514000007002440000000079628621100000111220000270.75  
20160514000007002440000000079628621100000111310001147.20  
20160514000007002440000000079628621100000111400000596.16  
20160514000007002440000000079628621100000111700005736.00  
20160514000007002440000000079628621100000113110000715.40  
20160514000007002440000000079628621100000113120000122.33  
20160514000007002440000000079628621100000113131000214.62  
20160514000007002440000000079628621100000113200000143.08  
20160514000007000260000000013206271000000111220000270.75  
20160514000007000260000000013206271000000111400001311.56  
20160514000007000260000000013206271000000111700015468.00  
20160514000007000260000000013206271000000113110001573.88  
20160514000007000260000000013206271000000113120000269.13  
20160514000007000260000000013206271000000113131000472.16  
20160514000007000260000000013206271000000113200000314.78  
20160514000007000270000000013847920900000111220000270.75  
20160514000007000270000000013847920900000111400001311.56  
20160514000007000270000000013847920900000111700015468.00  
20160514000007000270000000013847920900000113110001573.88  
20160514000007000270000000013847920900000113120000269.13  
20160514000007000270000000013847920900000113131000472.16  
20160514000007000270000000013847920900000113200000314.78  
20160514000007000430000000021398970900000111220002274.30  
20160514000007000430000000021398970900000111400001408.69  
20160514000007000430000000021398970900000111700014630.00  
20160514000007000430000000021398970900000113110001690.43  
20160514000007000430000000021398970900000113120000289.06  
20160514000007000430000000021398970900000113131000507.13  
20160514000007000430000000021398970900000113200000338.09  
20160514000007000160000000037321240900000111220001407.90  
20160514000007000160000000037321240900000111400001562.08  
20160514000007000160000000037321240900000111700017337.00  
20160514000007000160000000037321240900000113110001874.49  
20160514000007000160000000037321240900000113120000320.54  
20160514000007000160000000037321240900000113131000562.35  
20160514000007000160000000037321240900000113200000374.90  
20160514000007001000000000073493141000000111220002707.50  
20160514000007001000000000073493141000000111400000805.63  
20160514000007001000000000073493141000000111700006960.00  
20160514000007001000000000073493141000000113110000966.75  
20160514000007001000000000073493141000000113131000290.03  
20160514000007001000000000073493141000000113200000193.35  
20160514000007001140000000009602780900000111220001841.10  
20160514000007001140000000009602780900000111400000679.76  
20160514000007001140000000009602780900000111700006316.00  
20160514000007001140000000009602780900000113110000815.71  
20160514000007001140000000009602780900000113120000139.49  
20160514000007001140000000009602780900000113131000244.71  
20160514000007001140000000009602780900000113200000163.14  
20160514000007000640000000044674200900000111220001407.90  
20160514000007000640000000044674200900000111400001030.33  
20160514000007000640000000044674200900000111700010956.00  
20160514000007000640000000044674200900000113110001236.39  
20160514000007000640000000044674200900000113120000211.42  
20160514000007000640000000044674200900000113131000370.92  
20160514000007000640000000044674200900000113200000247.28  
TOTAL A BORRAR: 2177450.18
