20160514000007000000000000001301010000012931005237.5100000000
20160514000007000000000000002901010000012932004175.3300000000
20160514000007000000000855279301010000012943000550.0000000000
20160514000007000000004800059201010000012942000500.0000000000
20160514000007000000005179460301010000012945000350.0000000000
20160514000007000000160130029301010000012941003312.0000000000
20160514000007000000168206024201010000012938001656.0000000000
20160514000007000000168206024901010000012939003312.0000000000
20160514000007000001006803028301010000012933207555.6000000000
20160514000007000001006803028301010000012934002856.0400000000
20160514000007000001022913028301010000012937211601.5700000000
20160514000007000001023013022301010000012930173559.3300000000
20160514000007000001028339025301010000012935127356.0300000000
20160514000007000001028339025301010000012936006346.3200000000
20160514000007000001028415020301010000000000066940.0000000000
20160514000007000001028415020301010000000000119259.5600000000
