2016051400000800004000000003007603074000270.68  
2016051400000800004000000003007603204001353.40  
2016051400000800004000000003007603302001353.40  
2016051400000800004000000003007603304000231.43  
2016051400000800004000000003007603306000067.67  
2016051400000800004000000003007603308000231.43  
2016051400000800004000000003007603312000067.67  
2016051400000800004000000003007603328000005.34  
2016051400000800004000000003007603999000005.34  
2016051400000800008000000004433413074000352.16  
2016051400000800008000000004433413204001760.78  
2016051400000800008000000004433413301001760.78  
2016051400000800008000000004433413303000301.09  
2016051400000800008000000004433413305000088.04  
2016051400000800008000000004433413307000301.09  
2016051400000800008000000004433413311000088.04  
2016051400000800008000000004433413327000046.08  
2016051400000800008000000004433413999001013.76  
2016051400000800009000000002868347001000304.31  
2016051400000800009000000002868347074000366.23  
2016051400000800009000000002868347204001831.17  
2016051400000800009000000002868347301001831.17  
2016051400000800009000000002868347303000313.13  
2016051400000800009000000002868347305000091.56  
2016051400000800009000000002868347307000313.13  
2016051400000800009000000002868347311000091.56  
2016051400000800009000000002868347327000053.12  
2016051400000800009000000002868347999002884.07  
2016051400000800010000000003137460074000383.56  
2016051400000800010000000003137460204001917.81  
2016051400000800010000000003137460301001917.81  
2016051400000800010000000003137460303000327.95  
2016051400000800010000000003137460305000095.89  
2016051400000800010000000003137460307000327.95  
2016051400000800010000000003137460311000095.89  
2016051400000800010000000003137460327000061.78  
2016051400000800010000000003137460999008125.00  
2016051400000800012000000004470102074000352.16  
2016051400000800012000000004470102204001760.78  
2016051400000800012000000004470102301001760.78  
2016051400000800012000000004470102303000301.09  
2016051400000800012000000004470102305000088.04  
2016051400000800012000000004470102307000301.09  
2016051400000800012000000004470102311000088.04  
2016051400000800012000000004470102327000046.08  
2016051400000800012000000004470102999001742.18  
2016051400000800013000000003137819074000383.56  
2016051400000800013000000003137819204001917.81  
2016051400000800013000000003137819301001917.81  
2016051400000800013000000003137819303000327.95  
2016051400000800013000000003137819305000095.89  
2016051400000800013000000003137819307000327.95  
2016051400000800013000000003137819311000095.89  
2016051400000800013000000003137819327000061.78  
2016051400000800013000000003137819999000965.10  
2016051400000800015000000003588892074000352.16  
2016051400000800015000000003588892204001760.78  
2016051400000800015000000003588892302001760.78  
2016051400000800015000000003588892304000301.09  
2016051400000800015000000003588892306000088.04  
2016051400000800015000000003588892308000301.09  
2016051400000800015000000003588892312000088.04  
2016051400000800015000000003588892328000046.08  
2016051400000800015000000003588892999000574.57  
2016051400000800016000000003732124074000374.90  
2016051400000800016000000003732124204001874.49  
2016051400000800016000000003732124301001874.49  
2016051400000800016000000003732124303000320.54  
2016051400000800016000000003732124305000093.72  
2016051400000800016000000003732124307000320.54  
2016051400000800016000000003732124311000093.72  
2016051400000800016000000003732124327000057.45  
2016051400000800016000000003732124999001167.65  
2016051400000800019000000000568138074000376.39  
2016051400000800019000000000568138204001881.95  
2016051400000800019000000000568138301001881.95  
2016051400000800019000000000568138305000094.10  
2016051400000800019000000000568138311000094.10  
2016051400000800019000000000568138327000058.20  
2016051400000800019000000000568138999003903.19  
2016051400000800020000000004288952074000327.66  
2016051400000800020000000004288952204001638.28  
2016051400000800020000000004288952301001638.28  
2016051400000800020000000004288952303000280.15  
2016051400000800020000000004288952305000081.91  
2016051400000800020000000004288952307000280.15  
2016051400000800020000000004288952311000081.91  
2016051400000800020000000004288952327000033.83  
2016051400000800020000000004288952999000040.61  
2016051400000800026000000001320627001000974.40  
2016051400000800026000000001320627074000314.78  
2016051400000800026000000001320627204001573.88  
2016051400000800026000000001320627301001573.88  
2016051400000800026000000001320627303000269.13  
2016051400000800026000000001320627305000078.69  
2016051400000800026000000001320627307000269.13  
2016051400000800026000000001320627311000078.69  
2016051400000800026000000001320627327000027.39  
2016051400000800026000000001320627999000503.64  
2016051400000800027000000001384792074000314.78  
2016051400000800027000000001384792204001573.88  
2016051400000800027000000001384792302001573.88  
2016051400000800027000000001384792304000269.13  
2016051400000800027000000001384792306000078.69  
2016051400000800027000000001384792308000269.13  
2016051400000800027000000001384792312000078.69  
2016051400000800027000000001384792328000027.39  
2016051400000800027000000001384792999000818.14  
2016051400000800028000000003099414074000370.61  
2016051400000800028000000003099414204001853.07  
2016051400000800028000000003099414302001853.07  
2016051400000800028000000003099414304000316.87  
2016051400000800028000000003099414306000092.65  
2016051400000800028000000003099414308000316.87  
2016051400000800028000000003099414312000092.65  
2016051400000800028000000003099414328000055.31  
2016051400000800028000000003099414999003518.20  
2016051400000800029000000003770831074000379.28  
2016051400000800029000000003770831204001896.39  
2016051400000800029000000003770831301001896.39  
2016051400000800029000000003770831303000324.28  
2016051400000800029000000003770831305000094.82  
2016051400000800029000000003770831307000324.28  
2016051400000800029000000003770831311000094.82  
2016051400000800029000000003770831327000059.64  
2016051400000800029000000003770831999003731.91  
2016051400000800032000000003768862074000304.51  
2016051400000800032000000003768862204001522.57  
2016051400000800032000000003768862301001522.57  
2016051400000800032000000003768862303000260.36  
2016051400000800032000000003768862305000076.13  
2016051400000800032000000003768862307000260.36  
2016051400000800032000000003768862311000076.13  
2016051400000800032000000003768862327000022.26  
2016051400000800032000000003768862999000810.79  
2016051400000800034000000005270248074000298.02  
2016051400000800034000000005270248204001490.08  
2016051400000800034000000005270248301001490.08  
2016051400000800034000000005270248303000254.80  
2016051400000800034000000005270248305000074.50  
2016051400000800034000000005270248307000254.80  
2016051400000800034000000005270248311000074.50  
2016051400000800034000000005270248327000019.01  
2016051400000800034000000005270248999000913.97  
2016051400000800038000000004424966074000298.02  
2016051400000800038000000004424966204001490.08  
2016051400000800038000000004424966301001490.08  
2016051400000800038000000004424966303000254.80  
2016051400000800038000000004424966305000074.50  
2016051400000800038000000004424966307000254.80  
2016051400000800038000000004424966311000074.50  
2016051400000800038000000004424966327000019.01  
2016051400000800038000000004424966999003026.45  
2016051400000800043000000002139897074000338.09  
2016051400000800043000000002139897204001690.43  
2016051400000800043000000002139897301001690.43  
2016051400000800043000000002139897303000289.06  
2016051400000800043000000002139897305000084.52  
2016051400000800043000000002139897307000289.06  
2016051400000800043000000002139897311000084.52  
2016051400000800043000000002139897327000039.04  
2016051400000800043000000002139897999010815.30  
2016051400000800044000000000952134074000316.17  
2016051400000800044000000000952134204001580.83  
2016051400000800044000000000952134302001580.83  
2016051400000800044000000000952134304000270.32  
2016051400000800044000000000952134306000079.04  
2016051400000800044000000000952134308000270.32  
2016051400000800044000000000952134312000079.04  
2016051400000800044000000000952134328000028.08  
2016051400000800044000000000952134999001264.73  
2016051400000800047000000003590483074000290.17  
2016051400000800047000000003590483204001450.87  
2016051400000800047000000003590483301001450.87  
2016051400000800047000000003590483303000248.10  
2016051400000800047000000003590483305000072.54  
2016051400000800047000000003590483307000248.10  
2016051400000800047000000003590483311000072.54  
2016051400000800047000000003590483327000015.09  
2016051400000800047000000003590483999002197.25  
2016051400000800048000000003617322074000276.10  
2016051400000800048000000003617322204001380.48  
2016051400000800048000000003617322302001380.48  
2016051400000800048000000003617322304000236.06  
2016051400000800048000000003617322306000069.02  
2016051400000800048000000003617322308000236.06  
2016051400000800048000000003617322312000069.02  
2016051400000800048000000003617322328000008.05  
2016051400000800048000000003617322999005073.45  
2016051400000800054000000003081251074000255.94  
2016051400000800054000000003081251204001279.71  
2016051400000800054000000003081251301001279.71  
2016051400000800054000000003081251303000218.83  
2016051400000800054000000003081251305000063.99  
2016051400000800054000000003081251307000218.83  
2016051400000800054000000003081251311000063.99  
2016051400000800054000000003081251999000643.28  
2016051400000800056000000005169964074000224.54  
2016051400000800056000000005169964204001122.68  
2016051400000800056000000005169964302001122.68  
2016051400000800056000000005169964304000191.98  
2016051400000800056000000005169964306000056.13  
2016051400000800056000000005169964308000191.98  
2016051400000800056000000005169964312000056.13  
2016051400000800056000000005169964999000629.12  
2016051400000800057000000003012804074000224.54  
2016051400000800057000000003012804204001122.68  
2016051400000800057000000003012804302001122.68  
2016051400000800057000000003012804304000191.98  
2016051400000800057000000003012804306000056.13  
2016051400000800057000000003012804308000191.98  
2016051400000800057000000003012804312000056.13  
2016051400000800057000000003012804999001967.93  
2016051400000800058000000004450657074000224.54  
2016051400000800058000000004450657204001122.68  
2016051400000800058000000004450657301001122.68  
2016051400000800058000000004450657303000191.98  
2016051400000800058000000004450657305000056.13  
2016051400000800058000000004450657307000191.98  
2016051400000800058000000004450657311000056.13  
2016051400000800058000000004450657999000220.40  
2016051400000800060000000004127223074000219.12  
2016051400000800060000000004127223204001095.60  
2016051400000800060000000004127223301001095.60  
2016051400000800060000000004127223303000187.35  
2016051400000800060000000004127223305000054.78  
2016051400000800060000000004127223307000187.35  
2016051400000800060000000004127223311000054.78  
2016051400000800060000000004127223999000857.74  
2016051400000800061000000003518117074000238.61  
2016051400000800061000000003518117204001193.07  
2016051400000800061000000003518117301001193.07  
2016051400000800061000000003518117303000204.01  
2016051400000800061000000003518117305000059.65  
2016051400000800061000000003518117307000204.01  
2016051400000800061000000003518117311000059.65  
2016051400000800061000000003518117999003069.04  
2016051400000800062000000004467869074000224.54  
2016051400000800062000000004467869204001122.68  
2016051400000800062000000004467869301001122.68  
2016051400000800062000000004467869303000191.98  
2016051400000800062000000004467869305000056.13  
2016051400000800062000000004467869307000191.98  
2016051400000800062000000004467869311000056.13  
2016051400000800062000000004467869999000901.52  
2016051400000800064000000004467420074000247.28  
2016051400000800064000000004467420204001236.39  
2016051400000800064000000004467420301001236.39  
2016051400000800064000000004467420303000211.42  
2016051400000800064000000004467420305000061.82  
2016051400000800064000000004467420307000211.42  
2016051400000800064000000004467420311000061.82  
2016051400000800064000000004467420999004605.18  
2016051400000800065000000004414461074000254.60  
2016051400000800065000000004414461204001272.99  
2016051400000800065000000004414461301001272.99  
2016051400000800065000000004414461303000217.68  
2016051400000800065000000004414461305000063.65  
2016051400000800065000000004414461307000217.68  
2016051400000800065000000004414461311000063.65  
2016051400000800065000000004414461999000190.10  
2016051400000800066000000005161700074000240.52  
2016051400000800066000000005161700204001202.60  
2016051400000800066000000005161700301001202.60  
2016051400000800066000000005161700303000205.64  
2016051400000800066000000005161700305000060.13  
2016051400000800066000000005161700307000205.64  
2016051400000800066000000005161700311000060.13  
2016051400000800066000000005161700999001054.60  
2016051400000800068000000004884164074000207.83  
2016051400000800068000000004884164204001039.17  
2016051400000800068000000004884164302001039.17  
2016051400000800068000000004884164304000177.70  
2016051400000800068000000004884164306000051.96  
2016051400000800068000000004884164308000177.70  
2016051400000800068000000004884164312000051.96  
2016051400000800068000000004884164999004681.01  
2016051400000800069000000003459316074000201.34  
2016051400000800069000000003459316204001006.68  
2016051400000800069000000003459316302001006.68  
2016051400000800069000000003459316304000172.14  
2016051400000800069000000003459316306000050.33  
2016051400000800069000000003459316308000172.14  
2016051400000800069000000003459316312000050.33  
2016051400000800069000000003459316999000594.03  
2016051400000800070000000003729038074000232.74  
2016051400000800070000000003729038204001163.71  
2016051400000800070000000003729038301001163.71  
2016051400000800070000000003729038303000198.99  
2016051400000800070000000003729038305000058.19  
2016051400000800070000000003729038307000198.99  
2016051400000800070000000003729038311000058.19  
2016051400000800070000000003729038999006691.82  
2016051400000800071000000003720522074000271.93  
2016051400000800071000000003720522204001359.63  
2016051400000800071000000003720522301001359.63  
2016051400000800071000000003720522303000232.50  
2016051400000800071000000003720522305000067.98  
2016051400000800071000000003720522307000232.50  
2016051400000800071000000003720522311000067.98  
2016051400000800071000000003720522327000005.96  
2016051400000800071000000003720522999003498.77  
2016051400000800074000000005291890074000209.58  
2016051400000800074000000005291890204001047.92  
2016051400000800074000000005291890302001047.92  
2016051400000800074000000005291890304000179.19  
2016051400000800074000000005291890306000052.40  
2016051400000800074000000005291890308000179.19  
2016051400000800074000000005291890312000052.40  
2016051400000800074000000005291890999000718.71  
2016051400000800075000000004013122074000175.56  
2016051400000800075000000004013122204000877.78  
2016051400000800075000000004013122301000877.78  
2016051400000800075000000004013122303000150.10  
2016051400000800075000000004013122305000043.89  
2016051400000800075000000004013122307000150.10  
2016051400000800075000000004013122311000043.89  
2016051400000800075000000004013122999000505.78  
2016051400000800076000000006466668074000209.58  
2016051400000800076000000006466668204001047.92  
2016051400000800076000000006466668302001047.92  
2016051400000800076000000006466668304000179.19  
2016051400000800076000000006466668306000052.40  
2016051400000800076000000006466668308000179.19  
2016051400000800076000000006466668312000052.40  
2016051400000800076000000006466668999002272.38  
2016051400000800077000000005771260074000170.14  
2016051400000800077000000005771260204000850.70  
2016051400000800077000000005771260301000850.70  
2016051400000800077000000005771260303000145.47  
2016051400000800077000000005771260305000042.54  
2016051400000800077000000005771260307000145.47  
2016051400000800077000000005771260311000042.54  
2016051400000800077000000005771260999000156.48  
2016051400000800079000000005225966074000175.56  
2016051400000800079000000005225966204000877.78  
2016051400000800079000000005225966301000877.78  
2016051400000800079000000005225966303000150.10  
2016051400000800079000000005225966305000043.89  
2016051400000800079000000005225966307000150.10  
2016051400000800079000000005225966311000043.89  
2016051400000800079000000005225966999004076.07  
2016051400000800080000000003768663074000175.56  
2016051400000800080000000003768663204000877.78  
2016051400000800080000000003768663302000877.78  
2016051400000800080000000003768663304000150.10  
2016051400000800080000000003768663306000043.89  
2016051400000800080000000003768663308000150.10  
2016051400000800080000000003768663312000043.89  
2016051400000800080000000003768663999003738.01  
2016051400000800082000000002899775074000162.68  
2016051400000800082000000002899775204000813.38  
2016051400000800082000000002899775301000813.38  
2016051400000800082000000002899775303000139.09  
2016051400000800082000000002899775305000040.67  
2016051400000800082000000002899775307000139.09  
2016051400000800082000000002899775311000040.67  
2016051400000800082000000002899775999002023.65  
2016051400000800084000000002879279074000194.08  
2016051400000800084000000002879279204000970.41  
2016051400000800084000000002879279302000970.41  
2016051400000800084000000002879279304000165.94  
2016051400000800084000000002879279306000048.52  
2016051400000800084000000002879279308000165.94  
2016051400000800084000000002879279312000048.52  
2016051400000800084000000002879279999000977.02  
2016051400000800085000000006473021074000162.68  
2016051400000800085000000006473021204000813.38  
2016051400000800085000000006473021301000813.38  
2016051400000800085000000006473021303000139.09  
2016051400000800085000000006473021305000040.67  
2016051400000800085000000006473021307000139.09  
2016051400000800085000000006473021311000040.67  
2016051400000800085000000006473021999002482.04  
2016051400000800086000000004461894074000176.75  
2016051400000800086000000004461894204000883.77  
2016051400000800086000000004461894301000883.77  
2016051400000800086000000004461894303000151.12  
2016051400000800086000000004461894305000044.19  
2016051400000800086000000004461894307000151.12  
2016051400000800086000000004461894311000044.19  
2016051400000800086000000004461894999003088.08  
2016051400000800090000000004510395074000144.62  
2016051400000800090000000004510395204000723.08  
2016051400000800090000000004510395301000723.08  
2016051400000800090000000004510395303000123.65  
2016051400000800090000000004510395305000036.15  
2016051400000800090000000004510395307000123.65  
2016051400000800090000000004510395311000036.15  
2016051400000800090000000004510395999003350.98  
2016051400000800092000000002914344074000222.97  
2016051400000800092000000002914344204001114.83  
2016051400000800092000000002914344301001114.83  
2016051400000800092000000002914344303000190.64  
2016051400000800092000000002914344305000055.74  
2016051400000800092000000002914344307000190.64  
2016051400000800092000000002914344311000055.74  
2016051400000800092000000002914344999002073.82  
2016051400000800093000000003078110074000224.74  
2016051400000800093000000003078110204001123.71  
2016051400000800093000000003078110301001123.71  
2016051400000800093000000003078110303000192.15  
2016051400000800093000000003078110305000056.19  
2016051400000800093000000003078110307000192.15  
2016051400000800093000000003078110311000056.19  
2016051400000800093000000003078110999002226.02  
2016051400000800094000000006144098074000139.20  
2016051400000800094000000006144098204000696.00  
2016051400000800094000000006144098302000696.00  
2016051400000800094000000006144098304000119.02  
2016051400000800094000000006144098306000034.80  
2016051400000800094000000006144098308000119.02  
2016051400000800094000000006144098312000034.80  
2016051400000800094000000006144098999001690.74  
2016051400000800095000000006431024074000144.62  
2016051400000800095000000006431024204000723.08  
2016051400000800095000000006431024302000723.08  
2016051400000800095000000006431024304000123.65  
2016051400000800095000000006431024306000036.15  
2016051400000800095000000006431024308000123.65  
2016051400000800095000000006431024312000036.15  
2016051400000800095000000006431024999001329.07  
2016051400000800096000000003099304074000172.46  
2016051400000800096000000003099304204000862.28  
2016051400000800096000000003099304301000862.28  
2016051400000800096000000003099304303000147.45  
2016051400000800096000000003099304305000043.11  
2016051400000800096000000003099304307000147.45  
2016051400000800096000000003099304311000043.11  
2016051400000800096000000003099304999000552.71  
2016051400000800098000000004022515074000186.53  
2016051400000800098000000004022515204000932.67  
2016051400000800098000000004022515302000932.67  
2016051400000800098000000004022515304000159.49  
2016051400000800098000000004022515306000046.63  
2016051400000800098000000004022515308000159.49  
2016051400000800098000000004022515312000046.63  
2016051400000800098000000004022515999002551.30  
2016051400000800099000000005648577074000172.46  
2016051400000800099000000005648577204000862.28  
2016051400000800099000000005648577302000862.28  
2016051400000800099000000005648577304000147.45  
2016051400000800099000000005648577306000043.11  
2016051400000800099000000005648577308000147.45  
2016051400000800099000000005648577312000043.11  
2016051400000800099000000005648577999001564.78  
2016051400000800100000000007349314074000193.35  
2016051400000800100000000007349314204000966.75  
2016051400000800100000000007349314301000966.75  
2016051400000800100000000007349314305000048.34  
2016051400000800100000000007349314311000048.34  
2016051400000800100000000007349314999000038.50  
2016051400000800101000000001370502074000207.81  
2016051400000800101000000001370502204001039.04  
2016051400000800101000000001370502301001039.04  
2016051400000800101000000001370502303000177.68  
2016051400000800101000000001370502305000051.95  
2016051400000800101000000001370502307000177.68  
2016051400000800101000000001370502311000051.95  
2016051400000800101000000001370502999004238.29  
2016051400000800102000000002692604074000198.51  
2016051400000800102000000002692604204000992.56  
2016051400000800102000000002692604301000992.56  
2016051400000800102000000002692604303000169.73  
2016051400000800102000000002692604305000049.63  
2016051400000800102000000002692604307000169.73  
2016051400000800102000000002692604311000049.63  
2016051400000800102000000002692604999005233.17  
2016051400000800103000000000959934074000180.47  
2016051400000800103000000000959934204000902.35  
2016051400000800103000000000959934302000902.35  
2016051400000800103000000000959934306000045.12  
2016051400000800103000000000959934312000045.12  
2016051400000800103000000000959934999001591.63  
2016051400000800104000000001760686074000179.74  
2016051400000800104000000001760686204000898.71  
2016051400000800104000000001760686301000898.71  
2016051400000800104000000001760686303000153.68  
2016051400000800104000000001760686305000044.94  
2016051400000800104000000001760686307000153.68  
2016051400000800104000000001760686311000044.94  
2016051400000800104000000001760686999002958.76  
2016051400000800105000000000803131074000180.47  
2016051400000800105000000000803131204000902.35  
2016051400000800105000000000803131302000902.35  
2016051400000800105000000000803131306000045.12  
2016051400000800105000000000803131312000045.12  
2016051400000800105000000000803131999001266.90  
2016051400000800106000000002045701074000180.47  
2016051400000800106000000002045701204000902.35  
2016051400000800106000000002045701301000902.35  
2016051400000800106000000002045701303000154.30  
2016051400000800106000000002045701305000045.12  
2016051400000800106000000002045701307000154.30  
2016051400000800106000000002045701311000045.12  
2016051400000800106000000002045701999001452.72  
2016051400000800107000000003831838074000154.48  
2016051400000800107000000003831838204000772.39  
2016051400000800107000000003831838301000772.39  
2016051400000800107000000003831838303000132.08  
2016051400000800107000000003831838305000038.62  
2016051400000800107000000003831838307000132.08  
2016051400000800107000000003831838311000038.62  
2016051400000800107000000003831838999004124.06  
2016051400000800108000000000855279074000180.47  
2016051400000800108000000000855279204000902.35  
2016051400000800108000000000855279301000902.35  
2016051400000800108000000000855279303000154.30  
2016051400000800108000000000855279305000045.12  
2016051400000800108000000000855279307000154.30  
2016051400000800108000000000855279311000045.12  
2016051400000800108000000000855279999002796.46  
2016051400000800109000000003782731074000234.52  
2016051400000800109000000003782731204001172.59  
2016051400000800109000000003782731301001172.59  
2016051400000800109000000003782731303000200.51  
2016051400000800109000000003782731305000058.63  
2016051400000800109000000003782731307000200.51  
2016051400000800109000000003782731311000058.63  
2016051400000800109000000003782731999001510.77  
2016051400000800110000000003720627074000197.07  
2016051400000800110000000003720627204000985.35  
2016051400000800110000000003720627301000985.35  
2016051400000800110000000003720627303000168.49  
2016051400000800110000000003720627305000049.27  
2016051400000800110000000003720627307000168.49  
2016051400000800110000000003720627311000049.27  
2016051400000800110000000003720627999004829.29  
2016051400000800111000000002894101074000171.81  
2016051400000800111000000002894101204000859.03  
2016051400000800111000000002894101301000859.03  
2016051400000800111000000002894101303000146.89  
2016051400000800111000000002894101305000042.95  
2016051400000800111000000002894101307000146.89  
2016051400000800111000000002894101311000042.95  
2016051400000800111000000002894101999002667.09  
2016051400000800113000000005916650074000131.74  
2016051400000800113000000005916650204000658.68  
2016051400000800113000000005916650302000658.68  
2016051400000800113000000005916650304000112.63  
2016051400000800113000000005916650306000032.93  
2016051400000800113000000005916650308000112.63  
2016051400000800113000000005916650312000032.93  
2016051400000800113000000005916650999000396.23  
2016051400000800114000000000960278074000163.14  
2016051400000800114000000000960278204000815.71  
2016051400000800114000000000960278301000815.71  
2016051400000800114000000000960278303000139.49  
2016051400000800114000000000960278305000040.79  
2016051400000800114000000000960278307000139.49  
2016051400000800114000000000960278311000040.79  
2016051400000800114000000000960278999001812.41  
2016051400000800115000000004329789074000193.08  
2016051400000800115000000004329789204000965.40  
2016051400000800115000000004329789301000965.40  
2016051400000800115000000004329789303000165.08  
2016051400000800115000000004329789305000048.27  
2016051400000800115000000004329789307000165.08  
2016051400000800115000000004329789311000048.27  
2016051400000800115000000004329789999005042.42  
2016051400000800116000000003504972074000186.50  
2016051400000800116000000003504972204000932.48  
2016051400000800116000000003504972301000932.48  
2016051400000800116000000003504972303000159.45  
2016051400000800116000000003504972305000046.62  
2016051400000800116000000003504972307000159.45  
2016051400000800116000000003504972311000046.62  
2016051400000800116000000003504972999001768.10  
2016051400000800117000000003754990074000211.87  
2016051400000800117000000003754990204001059.33  
2016051400000800117000000003754990301001059.33  
2016051400000800117000000003754990303000181.15  
2016051400000800117000000003754990305000052.97  
2016051400000800117000000003754990307000181.15  
2016051400000800117000000003754990311000052.97  
2016051400000800117000000003754990999002999.69  
2016051400000800118000000003482063074000210.32  
2016051400000800118000000003482063204001051.62  
2016051400000800118000000003482063301001051.62  
2016051400000800118000000003482063303000179.83  
2016051400000800118000000003482063305000052.58  
2016051400000800118000000003482063307000179.83  
2016051400000800118000000003482063311000052.58  
2016051400000800118000000003482063999001332.02  
2016051400000800119000000004800059074000158.31  
2016051400000800119000000004800059204000791.53  
2016051400000800119000000004800059302000791.53  
2016051400000800119000000004800059304000135.35  
2016051400000800119000000004800059306000039.58  
2016051400000800119000000004800059308000135.35  
2016051400000800119000000004800059312000039.58  
2016051400000800119000000004800059999002972.22  
2016051400000800122000000001764275074000148.10  
2016051400000800122000000001764275204000740.51  
2016051400000800122000000001764275301000740.51  
2016051400000800122000000001764275303000126.63  
2016051400000800122000000001764275305000037.03  
2016051400000800122000000001764275307000126.63  
2016051400000800122000000001764275311000037.03  
2016051400000800122000000001764275999002809.50  
2016051400000800123000000003417050074000151.45  
2016051400000800123000000003417050204000757.26  
2016051400000800123000000003417050301000757.26  
2016051400000800123000000003417050303000129.49  
2016051400000800123000000003417050305000037.86  
2016051400000800123000000003417050307000129.49  
2016051400000800123000000003417050311000037.86  
2016051400000800123000000003417050999001131.48  
2016051400000800124000000003786262074000152.83  
2016051400000800124000000003786262204000764.14  
2016051400000800124000000003786262301000764.14  
2016051400000800124000000003786262303000130.67  
2016051400000800124000000003786262305000038.21  
2016051400000800124000000003786262307000130.67  
2016051400000800124000000003786262311000038.21  
2016051400000800124000000003786262999002058.20  
2016051400000800125000000008854526074000129.58  
2016051400000800125000000008854526204000647.91  
2016051400000800125000000008854526301000647.91  
2016051400000800125000000008854526303000110.79  
2016051400000800125000000008854526305000032.40  
2016051400000800125000000008854526307000110.79  
2016051400000800125000000008854526311000032.40  
2016051400000800125000000008854526999003096.28  
2016051400000800126000000005151886074000159.58  
2016051400000800126000000005151886204000797.90  
2016051400000800126000000005151886301000797.90  
2016051400000800126000000005151886303000136.44  
2016051400000800126000000005151886305000039.90  
2016051400000800126000000005151886307000136.44  
2016051400000800126000000005151886311000039.90  
2016051400000800126000000005151886999002919.23  
2016051400000800127000000004538011074000105.96  
2016051400000800127000000004538011204000529.78  
2016051400000800127000000004538011302000529.78  
2016051400000800127000000004538011304000090.59  
2016051400000800127000000004538011306000026.49  
2016051400000800127000000004538011308000090.59  
2016051400000800127000000004538011312000026.49  
2016051400000800127000000004538011999001692.92  
2016051400000800129000000005179460074000149.90  
2016051400000800129000000005179460204000749.51  
2016051400000800129000000005179460302000749.51  
2016051400000800129000000005179460304000128.17  
2016051400000800129000000005179460306000037.48  
2016051400000800129000000005179460308000128.17  
2016051400000800129000000005179460312000037.48  
2016051400000800129000000005179460999003161.24  
2016051400000800130000000004410789074000177.10  
2016051400000800130000000004410789204000885.48  
2016051400000800130000000004410789301000885.48  
2016051400000800130000000004410789303000151.42  
2016051400000800130000000004410789305000044.27  
2016051400000800130000000004410789307000151.42  
2016051400000800130000000004410789311000044.27  
2016051400000800130000000004410789999004169.88  
2016051400000800131000000007319833074000124.17  
2016051400000800131000000007319833204000620.84  
2016051400000800131000000007319833301000620.84  
2016051400000800131000000007319833303000106.16  
2016051400000800131000000007319833305000031.04  
2016051400000800131000000007319833307000106.16  
2016051400000800131000000007319833311000031.04  
2016051400000800132000000004415402074000156.67  
2016051400000800132000000004415402204000783.34  
2016051400000800132000000004415402301000783.34  
2016051400000800132000000004415402303000133.95  
2016051400000800132000000004415402305000039.17  
2016051400000800132000000004415402307000133.95  
2016051400000800132000000004415402311000039.17  
2016051400000800132000000004415402999002576.70  
2016051400000800134000000003605581074000105.96  
2016051400000800134000000003605581204000529.78  
2016051400000800134000000003605581301000529.78  
2016051400000800134000000003605581303000090.59  
2016051400000800134000000003605581305000026.49  
2016051400000800134000000003605581307000090.59  
2016051400000800134000000003605581311000026.49  
2016051400000800134000000003605581999001750.31  
2016051400000800135000000005903134074000158.03  
2016051400000800135000000005903134204000790.15  
2016051400000800135000000005903134301000790.15  
2016051400000800135000000005903134303000135.12  
2016051400000800135000000005903134305000039.51  
2016051400000800135000000005903134307000135.12  
2016051400000800135000000005903134311000039.51  
2016051400000800135000000005903134999000841.53  
2016051400000800136000000004702349074000143.66  
2016051400000800136000000004702349204000718.31  
2016051400000800136000000004702349301000718.31  
2016051400000800136000000004702349303000122.83  
2016051400000800136000000004702349305000035.92  
2016051400000800136000000004702349307000122.83  
2016051400000800136000000004702349311000035.92  
2016051400000800136000000004702349999002735.90  
2016051400000800137000000002551314074000137.36  
2016051400000800137000000002551314204000686.81  
2016051400000800137000000002551314302000686.81  
2016051400000800137000000002551314304000117.44  
2016051400000800137000000002551314306000034.34  
2016051400000800137000000002551314308000117.44  
2016051400000800137000000002551314312000034.34  
2016051400000800137000000002551314999003193.74  
2016051400000800138000000003693620074000130.23  
2016051400000800138000000003693620204000651.15  
2016051400000800138000000003693620301000651.15  
2016051400000800138000000003693620303000111.35  
2016051400000800138000000003693620305000032.56  
2016051400000800138000000003693620307000111.35  
2016051400000800138000000003693620311000032.56  
2016051400000800138000000003693620999001191.40  
2016051400000800139000000004897781074000120.67  
2016051400000800139000000004897781204000603.36  
2016051400000800139000000004897781301000603.36  
2016051400000800139000000004897781303000103.17  
2016051400000800139000000004897781305000030.17  
2016051400000800139000000004897781307000103.17  
2016051400000800139000000004897781311000030.17  
2016051400000800139000000004897781999000386.25  
2016051400000800140000000004886972074000090.48  
2016051400000800140000000004886972204000452.38  
2016051400000800140000000004886972302000452.38  
2016051400000800140000000004886972304000077.36  
2016051400000800140000000004886972306000022.62  
2016051400000800140000000004886972308000077.36  
2016051400000800140000000004886972312000022.62  
2016051400000800140000000004886972999001835.22  
2016051400000800141000000004870962074000096.97  
2016051400000800141000000004870962204000484.87  
2016051400000800141000000004870962302000484.87  
2016051400000800141000000004870962304000082.91  
2016051400000800141000000004870962306000024.24  
2016051400000800141000000004870962308000082.91  
2016051400000800141000000004870962312000024.24  
2016051400000800141000000004870962999000841.45  
2016051400000800142000000003064016074000130.23  
2016051400000800142000000003064016204000651.15  
2016051400000800142000000003064016301000651.15  
2016051400000800142000000003064016303000111.35  
2016051400000800142000000003064016305000032.56  
2016051400000800142000000003064016307000111.35  
2016051400000800142000000003064016311000032.56  
2016051400000800142000000003064016999000981.00  
2016051400000800143000000003753027074000113.22  
2016051400000800143000000003753027204000566.09  
2016051400000800143000000003753027301000566.09  
2016051400000800143000000003753027303000096.80  
2016051400000800143000000003753027305000028.30  
2016051400000800143000000003753027307000096.80  
2016051400000800143000000003753027311000028.30  
2016051400000800143000000003753027999001437.54  
2016051400000800146000000003734545074000352.16  
2016051400000800146000000003734545204001760.78  
2016051400000800146000000003734545301001760.78  
2016051400000800146000000003734545303000301.09  
2016051400000800146000000003734545305000088.04  
2016051400000800146000000003734545307000301.09  
2016051400000800146000000003734545311000088.04  
2016051400000800146000000003734545327000046.08  
2016051400000800146000000003734545999001202.14  
2016051400000800201000000002991007074000384.98  
2016051400000800201000000002991007204001924.90  
2016051400000800201000000002991007302001924.90  
2016051400000800201000000002991007304000329.16  
2016051400000800201000000002991007306000096.25  
2016051400000800201000000002991007308000329.16  
2016051400000800201000000002991007312000096.25  
2016051400000800201000000002991007328000062.49  
2016051400000800201000000002991007999003429.92  
2016051400000800202000000000953021001000544.00  
2016051400000800202000000000953021074000803.71  
2016051400000800202000000000953021204004018.57  
2016051400000800202000000000953021302004018.57  
2016051400000800202000000000953021304000687.17  
2016051400000800202000000000953021306000200.93  
2016051400000800202000000000953021308000687.17  
2016051400000800202000000000953021312000200.93  
2016051400000800202000000000953021328001549.71  
2016051400000800202000000000953021999008478.81  
2016051400000800203000000001069089074000775.82  
2016051400000800203000000001069089204003879.08  
2016051400000800203000000001069089302003879.08  
2016051400000800203000000001069089304000663.32  
2016051400000800203000000001069089306000193.95  
2016051400000800203000000001069089308000663.32  
2016051400000800203000000001069089312000193.95  
2016051400000800203000000001069089328001326.53  
2016051400000800203000000001069089999003914.71  
2016051400000800204000000003017631074000782.31  
2016051400000800204000000003017631204003911.57  
2016051400000800204000000003017631302003911.57  
2016051400000800204000000003017631304000668.88  
2016051400000800204000000003017631306000195.58  
2016051400000800204000000003017631308000668.88  
2016051400000800204000000003017631312000195.58  
2016051400000800204000000003017631328001378.51  
2016051400000800204000000003017631999002334.40  
2016051400000800205000000001893812074000775.82  
2016051400000800205000000001893812204003879.08  
2016051400000800205000000001893812301003879.08  
2016051400000800205000000001893812303000663.32  
2016051400000800205000000001893812305000193.95  
2016051400000800205000000001893812307000663.32  
2016051400000800205000000001893812311000193.95  
2016051400000800205000000001893812327001326.53  
2016051400000800205000000001893812999004789.24  
2016051400000800206000000003025505074000789.89  
2016051400000800206000000003025505204003949.47  
2016051400000800206000000003025505302003949.47  
2016051400000800206000000003025505304000675.36  
2016051400000800206000000003025505306000197.47  
2016051400000800206000000003025505308000675.36  
2016051400000800206000000003025505312000197.47  
2016051400000800206000000003025505328001439.16  
2016051400000800206000000003025505999005988.55  
2016051400000800207000000005198940074000515.55  
2016051400000800207000000005198940204002577.77  
2016051400000800207000000005198940301002577.77  
2016051400000800207000000005198940303000440.80  
2016051400000800207000000005198940305000128.89  
2016051400000800207000000005198940307000440.80  
2016051400000800207000000005198940311000128.89  
2016051400000800207000000005198940327000166.66  
2016051400000800207000000005198940999007709.27  
2016051400000800210000000003621269074000540.46  
2016051400000800210000000003621269204002702.31  
2016051400000800210000000003621269301002702.31  
2016051400000800210000000003621269303000462.10  
2016051400000800210000000003621269305000135.12  
2016051400000800210000000003621269307000462.10  
2016051400000800210000000003621269311000135.12  
2016051400000800210000000003621269327000241.39  
2016051400000800210000000003621269999012340.72  
2016051400000800211000000004414796074000509.06  
2016051400000800211000000004414796204002545.28  
2016051400000800211000000004414796301002545.28  
2016051400000800211000000004414796303000435.24  
2016051400000800211000000004414796305000127.26  
2016051400000800211000000004414796307000435.24  
2016051400000800211000000004414796311000127.26  
2016051400000800211000000004414796327000147.17  
2016051400000800211000000004414796999005375.15  
2016051400000800212000000004411903074000503.64  
2016051400000800212000000004411903204002518.20  
2016051400000800212000000004411903302002518.20  
2016051400000800212000000004411903304000430.61  
2016051400000800212000000004411903306000125.91  
2016051400000800212000000004411903308000430.61  
2016051400000800212000000004411903312000125.91  
2016051400000800212000000004411903328000130.92  
2016051400000800212000000004411903999002863.80  
2016051400000800213000000005213524074000352.16  
2016051400000800213000000005213524204001760.78  
2016051400000800213000000005213524302001760.78  
2016051400000800213000000005213524304000301.09  
2016051400000800213000000005213524306000088.04  
2016051400000800213000000005213524308000301.09  
2016051400000800213000000005213524312000088.04  
2016051400000800213000000005213524328000046.08  
2016051400000800213000000005213524999007141.01  
2016051400000800217000000003778798074000346.18  
2016051400000800217000000003778798204001730.91  
2016051400000800217000000003778798301001730.91  
2016051400000800217000000003778798303000295.99  
2016051400000800217000000003778798305000086.55  
2016051400000800217000000003778798307000295.99  
2016051400000800217000000003778798311000086.55  
2016051400000800217000000003778798327000043.09  
2016051400000800217000000003778798999007753.81  
2016051400000800218000000002406485074000312.09  
2016051400000800218000000002406485204001560.47  
2016051400000800218000000002406485301001560.47  
2016051400000800218000000002406485303000266.84  
2016051400000800218000000002406485305000078.02  
2016051400000800218000000002406485307000266.84  
2016051400000800218000000002406485311000078.02  
2016051400000800218000000002406485327000026.05  
2016051400000800218000000002406485999000933.34  
2016051400000800219000000000810986074000320.76  
2016051400000800219000000000810986204001603.79  
2016051400000800219000000000810986302001603.79  
2016051400000800219000000000810986306000080.19  
2016051400000800219000000000810986312000080.19  
2016051400000800219000000000810986328000030.38  
2016051400000800219000000000810986999001137.41  
2016051400000800221000000002900854074000503.64  
2016051400000800221000000002900854204002518.20  
2016051400000800221000000002900854302002518.20  
2016051400000800221000000002900854304000430.61  
2016051400000800221000000002900854306000125.91  
2016051400000800221000000002900854308000430.61  
2016051400000800221000000002900854312000125.91  
2016051400000800221000000002900854328000130.92  
2016051400000800221000000002900854999004334.38  
2016051400000800222000000002862575074000503.64  
2016051400000800222000000002862575204002518.20  
2016051400000800222000000002862575301002518.20  
2016051400000800222000000002862575303000430.61  
2016051400000800222000000002862575305000125.91  
2016051400000800222000000002862575307000430.61  
2016051400000800222000000002862575311000125.91  
2016051400000800222000000002862575327000130.92  
2016051400000800222000000002862575999000130.92  
2016051400000800225000000003314456074000238.61  
2016051400000800225000000003314456204001193.07  
2016051400000800225000000003314456301001193.07  
2016051400000800225000000003314456303000204.01  
2016051400000800225000000003314456305000059.65  
2016051400000800225000000003314456307000204.01  
2016051400000800225000000003314456311000059.65  
2016051400000800225000000003314456999004643.56  
2016051400000800226000000001930623074000254.18  
2016051400000800226000000001930623204001270.88  
2016051400000800226000000001930623302001270.88  
2016051400000800226000000001930623304000217.32  
2016051400000800226000000001930623306000063.54  
2016051400000800226000000001930623308000217.32  
2016051400000800226000000001930623312000063.54  
2016051400000800226000000001930623999000858.79  
2016051400000800227000000000936305074000285.58  
2016051400000800227000000000936305204001427.91  
2016051400000800227000000000936305301001427.91  
2016051400000800227000000000936305303000244.17  
2016051400000800227000000000936305305000071.40  
2016051400000800227000000000936305307000244.17  
2016051400000800227000000000936305311000071.40  
2016051400000800227000000000936305327000012.79  
2016051400000800227000000000936305999005713.32  
2016051400000800228000000005193215074000224.54  
2016051400000800228000000005193215204001122.68  
2016051400000800228000000005193215301001122.68  
2016051400000800228000000005193215303000191.98  
2016051400000800228000000005193215305000056.13  
2016051400000800228000000005193215307000191.98  
2016051400000800228000000005193215311000056.13  
2016051400000800228000000005193215999003688.40  
2016051400000800229000000004502182074000144.62  
2016051400000800229000000004502182204000723.08  
2016051400000800229000000004502182301000723.08  
2016051400000800229000000004502182303000123.65  
2016051400000800229000000004502182305000036.15  
2016051400000800229000000004502182307000123.65  
2016051400000800229000000004502182311000036.15  
2016051400000800229000000004502182999000451.43  
2016051400000800230000000003757088074000290.17  
2016051400000800230000000003757088204001450.87  
2016051400000800230000000003757088301001450.87  
2016051400000800230000000003757088303000248.10  
2016051400000800230000000003757088305000072.54  
2016051400000800230000000003757088307000248.10  
2016051400000800230000000003757088311000072.54  
2016051400000800230000000003757088327000015.09  
2016051400000800230000000003757088999005469.59  
2016051400000800231000000003131710074000354.85  
2016051400000800231000000003131710204001774.23  
2016051400000800231000000003131710301001774.23  
2016051400000800231000000003131710303000303.39  
2016051400000800231000000003131710305000088.71  
2016051400000800231000000003131710307000303.39  
2016051400000800231000000003131710311000088.71  
2016051400000800231000000003131710327000047.42  
2016051400000800231000000003131710999008193.55  
2016051400000800232000000002875093074000298.02  
2016051400000800232000000002875093204001490.08  
2016051400000800232000000002875093302001490.08  
2016051400000800232000000002875093304000254.80  
2016051400000800232000000002875093306000074.50  
2016051400000800232000000002875093308000254.80  
2016051400000800232000000002875093312000074.50  
2016051400000800232000000002875093328000019.01  
2016051400000800232000000002875093999000706.14  
2016051400000800233000000003622065074000329.42  
2016051400000800233000000003622065204001647.11  
2016051400000800233000000003622065301001647.11  
2016051400000800233000000003622065303000281.66  
2016051400000800233000000003622065305000082.36  
2016051400000800233000000003622065307000281.66  
2016051400000800233000000003622065311000082.36  
2016051400000800233000000003622065327000034.71  
2016051400000800233000000003622065999006101.99  
2016051400000800234000000004076151074000144.62  
2016051400000800234000000004076151204000723.08  
2016051400000800234000000004076151301000723.08  
2016051400000800234000000004076151303000123.65  
2016051400000800234000000004076151305000036.15  
2016051400000800234000000004076151307000123.65  
2016051400000800234000000004076151311000036.15  
2016051400000800234000000004076151999003689.29  
2016051400000800235000000003623123074000392.23  
2016051400000800235000000003623123204001961.13  
2016051400000800235000000003623123302001961.13  
2016051400000800235000000003623123304000335.35  
2016051400000800235000000003623123306000098.06  
2016051400000800235000000003623123308000335.35  
2016051400000800235000000003623123312000098.06  
2016051400000800235000000003623123328000066.11  
2016051400000800235000000003623123999003662.67  
2016051400000800236000000003742365074000182.05  
2016051400000800236000000003742365204000910.27  
2016051400000800236000000003742365301000910.27  
2016051400000800236000000003742365303000155.66  
2016051400000800236000000003742365305000045.51  
2016051400000800236000000003742365307000155.66  
2016051400000800236000000003742365311000045.51  
2016051400000800236000000003742365999001097.55  
2016051400000800237000000003596872074000139.20  
2016051400000800237000000003596872204000696.00  
2016051400000800237000000003596872301000696.00  
2016051400000800237000000003596872303000119.02  
2016051400000800237000000003596872305000034.80  
2016051400000800237000000003596872307000119.02  
2016051400000800237000000003596872311000034.80  
2016051400000800237000000003596872999000551.00  
2016051400000800238000000000998945074000157.26  
2016051400000800238000000000998945204000786.30  
2016051400000800238000000000998945301000786.30  
2016051400000800238000000000998945303000134.46  
2016051400000800238000000000998945305000039.32  
2016051400000800238000000000998945307000134.46  
2016051400000800238000000000998945311000039.32  
2016051400000800238000000000998945999000788.14  
2016051400000800239000000003124516074000346.74  
2016051400000800239000000003124516204001733.70  
2016051400000800239000000003124516302001733.70  
2016051400000800239000000003124516304000296.46  
2016051400000800239000000003124516306000086.69  
2016051400000800239000000003124516308000296.46  
2016051400000800239000000003124516312000086.69  
2016051400000800239000000003124516328000043.37  
2016051400000800239000000003124516999000079.07  
2016051400000800240000000002632315074000085.06  
2016051400000800240000000002632315204000425.30  
2016051400000800240000000002632315301000425.30  
2016051400000800240000000002632315303000072.73  
2016051400000800240000000002632315305000021.27  
2016051400000800240000000002632315307000072.73  
2016051400000800240000000002632315311000021.27  
2016051400000800240000000002632315999000273.44  
2016051400000800242000000006782273074000151.58  
2016051400000800242000000006782273204000757.92  
2016051400000800242000000006782273301000757.92  
2016051400000800242000000006782273303000129.60  
2016051400000800242000000006782273305000037.90  
2016051400000800242000000006782273307000129.60  
2016051400000800242000000006782273311000037.90  
2016051400000800242000000006782273999001036.66  
2016051400000800243000000006096339074000143.08  
2016051400000800243000000006096339204000715.40  
2016051400000800243000000006096339302000715.40  
2016051400000800243000000006096339304000122.33  
2016051400000800243000000006096339306000035.77  
2016051400000800243000000006096339308000122.33  
2016051400000800243000000006096339312000035.77  
2016051400000800243000000006096339999000382.35  
2016051400000800244000000007962862074000143.08  
2016051400000800244000000007962862204000715.40  
2016051400000800244000000007962862301000715.40  
2016051400000800244000000007962862303000122.33  
2016051400000800244000000007962862305000035.77  
2016051400000800244000000007962862307000122.33  
2016051400000800244000000007962862311000035.77  
2016051400000800244000000007962862999000478.75  
2016051400000800245000000004200223074000158.51  
2016051400000800245000000004200223204000792.54  
2016051400000800245000000004200223302000792.54  
2016051400000800245000000004200223304000135.52  
2016051400000800245000000004200223306000039.63  
2016051400000800245000000004200223308000135.52  
2016051400000800245000000004200223312000039.63  
2016051400000800245000000004200223999003986.97  
2016051400000800246000000004181581074000131.54  
2016051400000800246000000004181581204000657.70  
2016051400000800246000000004181581302000657.70  
2016051400000800246000000004181581304000112.47  
2016051400000800246000000004181581306000032.88  
2016051400000800246000000004181581308000112.47  
2016051400000800246000000004181581312000032.88  
2016051400000800246000000004181581999000075.41  
2016051400000800247000000010810697074000130.70  
2016051400000800247000000010810697204000653.51  
2016051400000800247000000010810697302000653.51  
2016051400000800247000000010810697304000111.75  
2016051400000800247000000010810697306000032.68  
2016051400000800247000000010810697308000111.75  
2016051400000800247000000010810697312000032.68  
2016051400000800247000000010810697999000075.41  
2016051400000800248000000009267511074000129.80  
2016051400000800248000000009267511204000649.01  
2016051400000800248000000009267511302000649.01  
2016051400000800248000000009267511304000110.98  
2016051400000800248000000009267511306000032.45  
2016051400000800248000000009267511308000110.98  
2016051400000800248000000009267511312000032.45  
2016051400000800248000000009267511999000075.41  
2016051400000800249000000004202022074000128.67  
2016051400000800249000000004202022204000643.35  
2016051400000800249000000004202022302000643.35  
2016051400000800249000000004202022304000110.01  
2016051400000800249000000004202022306000032.17  
2016051400000800249000000004202022308000110.01  
2016051400000800249000000004202022312000032.17  
2016051400000800249000000004202022999000075.41  
2016051400000800250000000007596741074000103.47  
2016051400000800250000000007596741204000517.36  
2016051400000800250000000007596741302000517.36  
2016051400000800250000000007596741304000088.47  
2016051400000800250000000007596741306000025.87  
2016051400000800250000000007596741308000088.47  
2016051400000800250000000007596741312000025.87  
2016051400000800250000000007596741999000075.41  
2016051400000800252000000004215029074000105.05  
2016051400000800252000000004215029204000525.25  
2016051400000800252000000004215029301000525.25  
2016051400000800252000000004215029303000089.82  
2016051400000800252000000004215029305000026.26  
2016051400000800252000000004215029307000089.82  
2016051400000800252000000004215029311000026.26  
2016051400000800252000000004215029999000063.80  
2016051400000800253000000004213033074000110.10  
2016051400000800253000000004213033204000550.50  
2016051400000800253000000004213033301000550.50  
2016051400000800253000000004213033303000094.14  
2016051400000800253000000004213033305000027.52  
2016051400000800253000000004213033307000094.14  
2016051400000800253000000004213033311000027.52  
2016051400000800253000000004213033999000086.53  
2016051400000800254000000005476332074000116.82  
2016051400000800254000000005476332204000584.08  
2016051400000800254000000005476332301000584.08  
2016051400000800254000000005476332303000099.88  
2016051400000800254000000005476332305000029.20  
2016051400000800254000000005476332307000099.88  
2016051400000800254000000005476332311000029.20  
2016051400000800254000000005476332999000081.95  
2016051400000800255000000007779101074000102.07  
2016051400000800255000000007779101204000510.36  
2016051400000800255000000007779101301000510.36  
2016051400000800255000000007779101303000087.27  
2016051400000800255000000007779101305000025.52  
2016051400000800255000000007779101307000087.27  
2016051400000800255000000007779101311000025.52  
2016051400000800255000000007779101999000096.58  
2016051400000800256000000004203445074000107.99  
2016051400000800256000000004203445204000539.96  
2016051400000800256000000004203445302000539.96  
2016051400000800256000000004203445304000092.33  
2016051400000800256000000004203445306000027.00  
2016051400000800256000000004203445308000092.33  
2016051400000800256000000004203445312000027.00  
2016051400000800256000000004203445999000074.36  
2016051400000800257000000008401656074000102.07  
2016051400000800257000000008401656204000510.36  
2016051400000800257000000008401656301000510.36  
2016051400000800257000000008401656303000087.27  
2016051400000800257000000008401656305000025.52  
2016051400000800257000000008401656307000087.27  
2016051400000800257000000008401656311000025.52  
2016051400000800257000000008401656999000099.33  
2016051400000800258000000004417820074000105.05  
2016051400000800258000000004417820204000525.25  
2016051400000800258000000004417820302000525.25  
2016051400000800258000000004417820304000089.82  
2016051400000800258000000004417820306000026.26  
2016051400000800258000000004417820308000089.82  
2016051400000800258000000004417820312000026.26  
2016051400000800258000000004417820999000020.59  
2016051400000800259000000004851683074000195.92  
2016051400000800259000000004851683204000979.60  
2016051400000800259000000004851683302000979.60  
2016051400000800259000000004851683304000167.51  
2016051400000800259000000004851683306000048.98  
2016051400000800259000000004851683308000167.51  
2016051400000800259000000004851683312000048.98  
2016051400000800259000000004851683999000612.67  
