20160514000008000000000000000301010000000000001353.4000000000
20160514000008000000000000001301010000000000005237.5100000000
20160514000008000000000000002901010000000000004175.3300000000
20160514000008000000000855279301010000000000000550.0000000000
20160514000008000000004800059201010000000000000500.0000000000
20160514000008000000005179460301010000000000000350.0000000000
20160514000008000000160130029301010000000000004968.0000000000
20160514000008000000168206024201010000000000001656.0000000000
20160514000008000000168206024901010000000000004968.0000000000
20160514000008000001006803028301010000000000002863.6200000000
20160514000008000001006803028301010000000000208409.4300000000
20160514000008000001022913028301010000000000214029.7700000000
20160514000008000001023013022301010000000000172789.3200000000
20160514000008000001028339025301010000000000006393.4400000000
20160514000008000001028339025301010000000000127635.2600000000
20160514000008000001028415020301010000000000066940.0000000000
20160514000008000001028415020301010000000000119359.3900000000
