20160514000009000000000000000301010000000000001353.4000000000
20160514000009000000000000000301010000000000215536.6200000000
20160514000009000000000000001301010000000000005152.4400000000
20160514000009000000000000002901010000000000004175.3300000000
20160514000009000000000855279301010000000000000550.0000000000
20160514000009000000004800059201010000000000000500.0000000000
20160514000009000000005179460301010000000000000350.0000000000
20160514000009000000160130029301010000000000004968.0000000000
20160514000009000000168206024201010000000000001656.0000000000
20160514000009000000168206024901010000000000004968.0000000000
20160514000009000001006803028301010000000000002867.4100000000
20160514000009000001006803028301010000000000207617.0200000000
20160514000009000001023013022301010000000000172625.3900000000
20160514000009000001028339025301010000000000006412.9400000000
20160514000009000001028339025301010000000000128109.3000000000
20160514000009000001028415020301010000000000066940.0000000000
20160514000009000001028415020301010000000000119063.9200000000
