2016051400001000004000000003007603074000270.68  
2016051400001000004000000003007603204001353.40  
2016051400001000004000000003007603302001353.40  
2016051400001000004000000003007603304000231.43  
2016051400001000004000000003007603306000067.67  
2016051400001000004000000003007603308000231.43  
2016051400001000004000000003007603312000067.67  
2016051400001000004000000003007603328000005.34  
2016051400001000004000000003007603999000005.34  
2016051400001000008000000004433413074000352.16  
2016051400001000008000000004433413204001760.78  
2016051400001000008000000004433413301001760.78  
2016051400001000008000000004433413303000301.09  
2016051400001000008000000004433413305000088.04  
2016051400001000008000000004433413307000301.09  
2016051400001000008000000004433413311000088.04  
2016051400001000008000000004433413327000046.08  
2016051400001000008000000004433413999001309.96  
2016051400001000009000000002868347001000253.86  
2016051400001000009000000002868347074000366.23  
2016051400001000009000000002868347204001831.17  
2016051400001000009000000002868347301001831.17  
2016051400001000009000000002868347303000313.13  
2016051400001000009000000002868347305000091.56  
2016051400001000009000000002868347307000313.13  
2016051400001000009000000002868347311000091.56  
2016051400001000009000000002868347327000053.12  
2016051400001000009000000002868347999002868.92  
2016051400001000010000000003137460074000383.56  
2016051400001000010000000003137460204001917.81  
2016051400001000010000000003137460301001917.81  
2016051400001000010000000003137460303000327.95  
2016051400001000010000000003137460305000095.89  
2016051400001000010000000003137460307000327.95  
2016051400001000010000000003137460311000095.89  
2016051400001000010000000003137460327000061.78  
2016051400001000010000000003137460999007986.47  
2016051400001000012000000004470102074000352.16  
2016051400001000012000000004470102204001760.78  
2016051400001000012000000004470102301001760.78  
2016051400001000012000000004470102303000301.09  
2016051400001000012000000004470102305000088.04  
2016051400001000012000000004470102307000301.09  
2016051400001000012000000004470102311000088.04  
2016051400001000012000000004470102327000046.08  
2016051400001000012000000004470102999000321.33  
2016051400001000013000000003137819074000383.56  
2016051400001000013000000003137819204001917.81  
2016051400001000013000000003137819301001917.81  
2016051400001000013000000003137819303000327.95  
2016051400001000013000000003137819305000095.89  
2016051400001000013000000003137819307000327.95  
2016051400001000013000000003137819311000095.89  
2016051400001000013000000003137819327000061.78  
2016051400001000013000000003137819999001437.90  
2016051400001000015000000003588892074000352.16  
2016051400001000015000000003588892204001760.78  
2016051400001000015000000003588892302001760.78  
2016051400001000015000000003588892304000301.09  
2016051400001000015000000003588892306000088.04  
2016051400001000015000000003588892308000301.09  
2016051400001000015000000003588892312000088.04  
2016051400001000015000000003588892328000046.08  
2016051400001000015000000003588892999000502.03  
2016051400001000016000000003732124074000374.90  
2016051400001000016000000003732124204001874.49  
2016051400001000016000000003732124301001874.49  
2016051400001000016000000003732124303000320.54  
2016051400001000016000000003732124305000093.72  
2016051400001000016000000003732124307000320.54  
2016051400001000016000000003732124311000093.72  
2016051400001000016000000003732124327000057.45  
2016051400001000016000000003732124999001171.35  
2016051400001000019000000000568138074000376.39  
2016051400001000019000000000568138204001881.95  
2016051400001000019000000000568138301001881.95  
2016051400001000019000000000568138305000094.10  
2016051400001000019000000000568138311000094.10  
2016051400001000019000000000568138327000058.20  
2016051400001000019000000000568138999003924.19  
2016051400001000020000000004288952074000327.66  
2016051400001000020000000004288952204001638.28  
2016051400001000020000000004288952301001638.28  
2016051400001000020000000004288952303000280.15  
2016051400001000020000000004288952305000081.91  
2016051400001000020000000004288952307000280.15  
2016051400001000020000000004288952311000081.91  
2016051400001000020000000004288952327000033.83  
2016051400001000020000000004288952999000040.58  
2016051400001000026000000001320627074000314.78  
2016051400001000026000000001320627204001573.88  
2016051400001000026000000001320627301001573.88  
2016051400001000026000000001320627303000269.13  
2016051400001000026000000001320627305000078.69  
2016051400001000026000000001320627307000269.13  
2016051400001000026000000001320627311000078.69  
2016051400001000026000000001320627327000027.39  
2016051400001000026000000001320627999001121.59  
2016051400001000027000000001384792074000314.78  
2016051400001000027000000001384792204001573.88  
2016051400001000027000000001384792302001573.88  
2016051400001000027000000001384792304000269.13  
2016051400001000027000000001384792306000078.69  
2016051400001000027000000001384792308000269.13  
2016051400001000027000000001384792312000078.69  
2016051400001000027000000001384792328000027.39  
2016051400001000027000000001384792999000819.84  
2016051400001000028000000003099414074000370.61  
2016051400001000028000000003099414204001853.07  
2016051400001000028000000003099414302001853.07  
2016051400001000028000000003099414304000316.87  
2016051400001000028000000003099414306000092.65  
2016051400001000028000000003099414308000316.87  
2016051400001000028000000003099414312000092.65  
2016051400001000028000000003099414328000055.31  
2016051400001000028000000003099414999003537.39  
2016051400001000029000000003770831074000379.28  
2016051400001000029000000003770831204001896.39  
2016051400001000029000000003770831301001896.39  
2016051400001000029000000003770831303000324.28  
2016051400001000029000000003770831305000094.82  
2016051400001000029000000003770831307000324.28  
2016051400001000029000000003770831311000094.82  
2016051400001000029000000003770831327000059.64  
2016051400001000029000000003770831999003738.10  
2016051400001000032000000003768862074000312.09  
2016051400001000032000000003768862204001560.47  
2016051400001000032000000003768862301001560.47  
2016051400001000032000000003768862303000266.84  
2016051400001000032000000003768862305000078.02  
2016051400001000032000000003768862307000266.84  
2016051400001000032000000003768862311000078.02  
2016051400001000032000000003768862327000026.05  
2016051400001000032000000003768862999000828.04  
2016051400001000034000000005270248074000298.02  
2016051400001000034000000005270248204001490.08  
2016051400001000034000000005270248301001490.08  
2016051400001000034000000005270248303000254.80  
2016051400001000034000000005270248305000074.50  
2016051400001000034000000005270248307000254.80  
2016051400001000034000000005270248311000074.50  
2016051400001000034000000005270248327000019.01  
2016051400001000034000000005270248999000729.39  
2016051400001000038000000004424966074000298.02  
2016051400001000038000000004424966204001490.08  
2016051400001000038000000004424966301001490.08  
2016051400001000038000000004424966303000254.80  
2016051400001000038000000004424966305000074.50  
2016051400001000038000000004424966307000254.80  
2016051400001000038000000004424966311000074.50  
2016051400001000038000000004424966327000019.01  
2016051400001000038000000004424966999003108.25  
2016051400001000043000000002139897074000338.09  
2016051400001000043000000002139897204001690.43  
2016051400001000043000000002139897301001690.43  
2016051400001000043000000002139897303000289.06  
2016051400001000043000000002139897305000084.52  
2016051400001000043000000002139897307000289.06  
2016051400001000043000000002139897311000084.52  
2016051400001000043000000002139897327000039.04  
2016051400001000043000000002139897999011160.08  
2016051400001000044000000000952134074000316.17  
2016051400001000044000000000952134204001580.83  
2016051400001000044000000000952134302001580.83  
2016051400001000044000000000952134304000270.32  
2016051400001000044000000000952134306000079.04  
2016051400001000044000000000952134308000270.32  
2016051400001000044000000000952134312000079.04  
2016051400001000044000000000952134328000028.08  
2016051400001000044000000000952134999001265.83  
2016051400001000047000000003590483074000290.17  
2016051400001000047000000003590483204001450.87  
2016051400001000047000000003590483301001450.87  
2016051400001000047000000003590483303000248.10  
2016051400001000047000000003590483305000072.54  
2016051400001000047000000003590483307000248.10  
2016051400001000047000000003590483311000072.54  
2016051400001000047000000003590483327000015.09  
2016051400001000047000000003590483999002572.41  
2016051400001000048000000003617322074000276.10  
2016051400001000048000000003617322204001380.48  
2016051400001000048000000003617322302001380.48  
2016051400001000048000000003617322304000236.06  
2016051400001000048000000003617322306000069.02  
2016051400001000048000000003617322308000236.06  
2016051400001000048000000003617322312000069.02  
2016051400001000048000000003617322328000008.05  
2016051400001000048000000003617322999004233.47  
2016051400001000054000000003081251074000255.94  
2016051400001000054000000003081251204001279.71  
2016051400001000054000000003081251301001279.71  
2016051400001000054000000003081251303000218.83  
2016051400001000054000000003081251305000063.99  
2016051400001000054000000003081251307000218.83  
2016051400001000054000000003081251311000063.99  
2016051400001000054000000003081251999000698.88  
2016051400001000056000000005169964074000224.54  
2016051400001000056000000005169964204001122.68  
2016051400001000056000000005169964302001122.68  
2016051400001000056000000005169964304000191.98  
2016051400001000056000000005169964306000056.13  
2016051400001000056000000005169964308000191.98  
2016051400001000056000000005169964312000056.13  
2016051400001000056000000005169964999000723.02  
2016051400001000057000000003012804074000224.54  
2016051400001000057000000003012804204001122.68  
2016051400001000057000000003012804302001122.68  
2016051400001000057000000003012804304000191.98  
2016051400001000057000000003012804306000056.13  
2016051400001000057000000003012804308000191.98  
2016051400001000057000000003012804312000056.13  
2016051400001000057000000003012804999002063.58  
2016051400001000058000000004450657074000224.54  
2016051400001000058000000004450657204001122.68  
2016051400001000058000000004450657301001122.68  
2016051400001000058000000004450657303000191.98  
2016051400001000058000000004450657305000056.13  
2016051400001000058000000004450657307000191.98  
2016051400001000058000000004450657311000056.13  
2016051400001000058000000004450657999000035.10  
2016051400001000060000000004127223074000219.12  
2016051400001000060000000004127223204001095.60  
2016051400001000060000000004127223301001095.60  
2016051400001000060000000004127223303000187.35  
2016051400001000060000000004127223305000054.78  
2016051400001000060000000004127223307000187.35  
2016051400001000060000000004127223311000054.78  
2016051400001000060000000004127223999000860.64  
2016051400001000061000000003518117074000238.61  
2016051400001000061000000003518117204001193.07  
2016051400001000061000000003518117301001193.07  
2016051400001000061000000003518117303000204.01  
2016051400001000061000000003518117305000059.65  
2016051400001000061000000003518117307000204.01  
2016051400001000061000000003518117311000059.65  
2016051400001000061000000003518117999002884.25  
2016051400001000062000000004467869074000224.54  
2016051400001000062000000004467869204001122.68  
2016051400001000062000000004467869301001122.68  
2016051400001000062000000004467869303000191.98  
2016051400001000062000000004467869305000056.13  
2016051400001000062000000004467869307000191.98  
2016051400001000062000000004467869311000056.13  
2016051400001000062000000004467869999003368.18  
2016051400001000064000000004467420074000247.28  
2016051400001000064000000004467420204001236.39  
2016051400001000064000000004467420301001236.39  
2016051400001000064000000004467420303000211.42  
2016051400001000064000000004467420305000061.82  
2016051400001000064000000004467420307000211.42  
2016051400001000064000000004467420311000061.82  
2016051400001000064000000004467420999002097.28  
2016051400001000065000000004414461074000254.60  
2016051400001000065000000004414461204001272.99  
2016051400001000065000000004414461301001272.99  
2016051400001000065000000004414461303000217.68  
2016051400001000065000000004414461305000063.65  
2016051400001000065000000004414461307000217.68  
2016051400001000065000000004414461311000063.65  
2016051400001000065000000004414461999000196.11  
2016051400001000066000000005161700074000240.52  
2016051400001000066000000005161700204001202.60  
2016051400001000066000000005161700301001202.60  
2016051400001000066000000005161700303000205.64  
2016051400001000066000000005161700305000060.13  
2016051400001000066000000005161700307000205.64  
2016051400001000066000000005161700311000060.13  
2016051400001000066000000005161700999001075.43  
2016051400001000068000000004884164074000207.83  
2016051400001000068000000004884164204001039.17  
2016051400001000068000000004884164302001039.17  
2016051400001000068000000004884164304000177.70  
2016051400001000068000000004884164306000051.96  
2016051400001000068000000004884164308000177.70  
2016051400001000068000000004884164312000051.96  
2016051400001000068000000004884164999005052.87  
2016051400001000069000000003459316074000201.34  
2016051400001000069000000003459316204001006.68  
2016051400001000069000000003459316302001006.68  
2016051400001000069000000003459316304000172.14  
2016051400001000069000000003459316306000050.33  
2016051400001000069000000003459316308000172.14  
2016051400001000069000000003459316312000050.33  
2016051400001000069000000003459316999000593.03  
2016051400001000070000000003729038074000241.41  
2016051400001000070000000003729038204001207.03  
2016051400001000070000000003729038301001207.03  
2016051400001000070000000003729038303000206.40  
2016051400001000070000000003729038305000060.35  
2016051400001000070000000003729038307000206.40  
2016051400001000070000000003729038311000060.35  
2016051400001000070000000003729038999007038.34  
2016051400001000071000000003720522074000271.93  
2016051400001000071000000003720522204001359.63  
2016051400001000071000000003720522301001359.63  
2016051400001000071000000003720522303000232.50  
2016051400001000071000000003720522305000067.98  
2016051400001000071000000003720522307000232.50  
2016051400001000071000000003720522311000067.98  
2016051400001000071000000003720522327000005.96  
2016051400001000071000000003720522999003493.77  
2016051400001000074000000005291890074000209.58  
2016051400001000074000000005291890204001047.92  
2016051400001000074000000005291890302001047.92  
2016051400001000074000000005291890304000179.19  
2016051400001000074000000005291890306000052.40  
2016051400001000074000000005291890308000179.19  
2016051400001000074000000005291890312000052.40  
2016051400001000074000000005291890999000725.29  
2016051400001000075000000004013122074000175.56  
2016051400001000075000000004013122204000877.78  
2016051400001000075000000004013122301000877.78  
2016051400001000075000000004013122303000150.10  
2016051400001000075000000004013122305000043.89  
2016051400001000075000000004013122307000150.10  
2016051400001000075000000004013122311000043.89  
2016051400001000075000000004013122999000647.56  
2016051400001000076000000006466668074000209.58  
2016051400001000076000000006466668204001047.92  
2016051400001000076000000006466668302001047.92  
2016051400001000076000000006466668304000179.19  
2016051400001000076000000006466668306000052.40  
2016051400001000076000000006466668308000179.19  
2016051400001000076000000006466668312000052.40  
2016051400001000076000000006466668999002272.38  
2016051400001000077000000005771260074000170.14  
2016051400001000077000000005771260204000850.70  
2016051400001000077000000005771260301000850.70  
2016051400001000077000000005771260303000145.47  
2016051400001000077000000005771260305000042.54  
2016051400001000077000000005771260307000145.47  
2016051400001000077000000005771260311000042.54  
2016051400001000077000000005771260999000298.57  
2016051400001000079000000005225966074000175.56  
2016051400001000079000000005225966204000877.78  
2016051400001000079000000005225966301000877.78  
2016051400001000079000000005225966303000150.10  
2016051400001000079000000005225966305000043.89  
2016051400001000079000000005225966307000150.10  
2016051400001000079000000005225966311000043.89  
2016051400001000079000000005225966999004462.02  
2016051400001000080000000003768663074000175.56  
2016051400001000080000000003768663204000877.78  
2016051400001000080000000003768663302000877.78  
2016051400001000080000000003768663304000150.10  
2016051400001000080000000003768663306000043.89  
2016051400001000080000000003768663308000150.10  
2016051400001000080000000003768663312000043.89  
2016051400001000080000000003768663999004133.96  
2016051400001000082000000002899775074000162.68  
2016051400001000082000000002899775204000813.38  
2016051400001000082000000002899775301000813.38  
2016051400001000082000000002899775303000139.09  
2016051400001000082000000002899775305000040.67  
2016051400001000082000000002899775307000139.09  
2016051400001000082000000002899775311000040.67  
2016051400001000082000000002899775999002466.70  
2016051400001000084000000002879279074000202.75  
2016051400001000084000000002879279204001013.73  
2016051400001000084000000002879279302001013.73  
2016051400001000084000000002879279304000173.35  
2016051400001000084000000002879279306000050.69  
2016051400001000084000000002879279308000173.35  
2016051400001000084000000002879279312000050.69  
2016051400001000084000000002879279999001070.12  
2016051400001000085000000006473021074000162.68  
2016051400001000085000000006473021204000813.38  
2016051400001000085000000006473021301000813.38  
2016051400001000085000000006473021303000139.09  
2016051400001000085000000006473021305000040.67  
2016051400001000085000000006473021307000139.09  
2016051400001000085000000006473021311000040.67  
2016051400001000085000000006473021999002870.93  
2016051400001000086000000004461894074000176.75  
2016051400001000086000000004461894204000883.77  
2016051400001000086000000004461894301000883.77  
2016051400001000086000000004461894303000151.12  
2016051400001000086000000004461894305000044.19  
2016051400001000086000000004461894307000151.12  
2016051400001000086000000004461894311000044.19  
2016051400001000086000000004461894999003441.93  
2016051400001000090000000004510395074000144.62  
2016051400001000090000000004510395204000723.08  
2016051400001000090000000004510395301000723.08  
2016051400001000090000000004510395303000123.65  
2016051400001000090000000004510395305000036.15  
2016051400001000090000000004510395307000123.65  
2016051400001000090000000004510395311000036.15  
2016051400001000090000000004510395999003680.06  
2016051400001000092000000002914344074000220.18  
2016051400001000092000000002914344204001100.91  
2016051400001000092000000002914344301001100.91  
2016051400001000092000000002914344303000188.26  
2016051400001000092000000002914344305000055.05  
2016051400001000092000000002914344307000188.26  
2016051400001000092000000002914344311000055.05  
2016051400001000092000000002914344999002074.14  
2016051400001000093000000003078110074000259.69  
2016051400001000093000000003078110204001298.44  
2016051400001000093000000003078110301001298.44  
2016051400001000093000000003078110303000222.03  
2016051400001000093000000003078110305000064.92  
2016051400001000093000000003078110307000222.03  
2016051400001000093000000003078110311000064.92  
2016051400001000093000000003078110999006188.41  
2016051400001000094000000006144098074000139.20  
2016051400001000094000000006144098204000696.00  
2016051400001000094000000006144098302000696.00  
2016051400001000094000000006144098304000119.02  
2016051400001000094000000006144098306000034.80  
2016051400001000094000000006144098308000119.02  
2016051400001000094000000006144098312000034.80  
2016051400001000094000000006144098999001749.89  
2016051400001000095000000006431024074000144.62  
2016051400001000095000000006431024204000723.08  
2016051400001000095000000006431024302000723.08  
2016051400001000095000000006431024304000123.65  
2016051400001000095000000006431024306000036.15  
2016051400001000095000000006431024308000123.65  
2016051400001000095000000006431024312000036.15  
2016051400001000095000000006431024999001107.04  
2016051400001000096000000003099304074000172.46  
2016051400001000096000000003099304204000862.28  
2016051400001000096000000003099304301000862.28  
2016051400001000096000000003099304303000147.45  
2016051400001000096000000003099304305000043.11  
2016051400001000096000000003099304307000147.45  
2016051400001000096000000003099304311000043.11  
2016051400001000096000000003099304999000548.41  
2016051400001000098000000004022515074000186.53  
2016051400001000098000000004022515204000932.67  
2016051400001000098000000004022515302000932.67  
2016051400001000098000000004022515304000159.49  
2016051400001000098000000004022515306000046.63  
2016051400001000098000000004022515308000159.49  
2016051400001000098000000004022515312000046.63  
2016051400001000098000000004022515999002542.72  
2016051400001000099000000005648577074000172.46  
2016051400001000099000000005648577204000862.28  
2016051400001000099000000005648577302000862.28  
2016051400001000099000000005648577304000147.45  
2016051400001000099000000005648577306000043.11  
2016051400001000099000000005648577308000147.45  
2016051400001000099000000005648577312000043.11  
2016051400001000099000000005648577999001558.00  
2016051400001000100000000007349314074000193.35  
2016051400001000100000000007349314204000966.75  
2016051400001000100000000007349314301000966.75  
2016051400001000100000000007349314305000048.34  
2016051400001000100000000007349314311000048.34  
2016051400001000100000000007349314999000027.60  
2016051400001000101000000001370502074000227.04  
2016051400001000101000000001370502204001135.22  
2016051400001000101000000001370502301001135.22  
2016051400001000101000000001370502303000194.12  
2016051400001000101000000001370502305000056.76  
2016051400001000101000000001370502307000194.12  
2016051400001000101000000001370502311000056.76  
2016051400001000101000000001370502999004381.03  
2016051400001000102000000002692604074000197.96  
2016051400001000102000000002692604204000989.80  
2016051400001000102000000002692604301000989.80  
2016051400001000102000000002692604303000169.25  
2016051400001000102000000002692604305000049.49  
2016051400001000102000000002692604307000169.25  
2016051400001000102000000002692604311000049.49  
2016051400001000102000000002692604999005210.10  
2016051400001000103000000000959934074000180.47  
2016051400001000103000000000959934204000902.35  
2016051400001000103000000000959934302000902.35  
2016051400001000103000000000959934306000045.12  
2016051400001000103000000000959934312000045.12  
2016051400001000103000000000959934999001593.33  
2016051400001000104000000001760686074000179.74  
2016051400001000104000000001760686204000898.71  
2016051400001000104000000001760686301000898.71  
2016051400001000104000000001760686303000153.68  
2016051400001000104000000001760686305000044.94  
2016051400001000104000000001760686307000153.68  
2016051400001000104000000001760686311000044.94  
2016051400001000104000000001760686999002999.12  
2016051400001000105000000000803131074000180.47  
2016051400001000105000000000803131204000902.35  
2016051400001000105000000000803131302000902.35  
2016051400001000105000000000803131306000045.12  
2016051400001000105000000000803131312000045.12  
2016051400001000105000000000803131999001266.40  
2016051400001000106000000002045701074000180.47  
2016051400001000106000000002045701204000902.35  
2016051400001000106000000002045701301000902.35  
2016051400001000106000000002045701303000154.30  
2016051400001000106000000002045701305000045.12  
2016051400001000106000000002045701307000154.30  
2016051400001000106000000002045701311000045.12  
2016051400001000106000000002045701999001452.72  
2016051400001000107000000003831838074000154.48  
2016051400001000107000000003831838204000772.39  
2016051400001000107000000003831838301000772.39  
2016051400001000107000000003831838303000132.08  
2016051400001000107000000003831838305000038.62  
2016051400001000107000000003831838307000132.08  
2016051400001000107000000003831838311000038.62  
2016051400001000107000000003831838999004494.20  
2016051400001000108000000000855279074000180.47  
2016051400001000108000000000855279204000902.35  
2016051400001000108000000000855279301000902.35  
2016051400001000108000000000855279303000154.30  
2016051400001000108000000000855279305000045.12  
2016051400001000108000000000855279307000154.30  
2016051400001000108000000000855279311000045.12  
2016051400001000108000000000855279999002763.28  
2016051400001000109000000003782731074000234.55  
2016051400001000109000000003782731204001172.73  
2016051400001000109000000003782731301001172.73  
2016051400001000109000000003782731303000200.54  
2016051400001000109000000003782731305000058.64  
2016051400001000109000000003782731307000200.54  
2016051400001000109000000003782731311000058.64  
2016051400001000109000000003782731999001514.36  
2016051400001000110000000003720627074000233.76  
2016051400001000110000000003720627204001168.78  
2016051400001000110000000003720627301001168.78  
2016051400001000110000000003720627303000199.86  
2016051400001000110000000003720627305000058.44  
2016051400001000110000000003720627307000199.86  
2016051400001000110000000003720627311000058.44  
2016051400001000110000000003720627999004883.61  
2016051400001000111000000002894101074000171.81  
2016051400001000111000000002894101204000859.03  
2016051400001000111000000002894101301000859.03  
2016051400001000111000000002894101303000146.89  
2016051400001000111000000002894101305000042.95  
2016051400001000111000000002894101307000146.89  
2016051400001000111000000002894101311000042.95  
2016051400001000111000000002894101999002997.80  
2016051400001000113000000005916650074000131.74  
2016051400001000113000000005916650204000658.68  
2016051400001000113000000005916650302000658.68  
2016051400001000113000000005916650304000112.63  
2016051400001000113000000005916650306000032.93  
2016051400001000113000000005916650308000112.63  
2016051400001000113000000005916650312000032.93  
2016051400001000113000000005916650999000396.23  
2016051400001000114000000000960278074000163.14  
2016051400001000114000000000960278204000815.71  
2016051400001000114000000000960278301000815.71  
2016051400001000114000000000960278303000139.49  
2016051400001000114000000000960278305000040.79  
2016051400001000114000000000960278307000139.49  
2016051400001000114000000000960278311000040.79  
2016051400001000114000000000960278999001757.03  
2016051400001000115000000004329789074000203.95  
2016051400001000115000000004329789204001019.77  
2016051400001000115000000004329789301001019.77  
2016051400001000115000000004329789303000174.38  
2016051400001000115000000004329789305000050.99  
2016051400001000115000000004329789307000174.38  
2016051400001000115000000004329789311000050.99  
2016051400001000115000000004329789999005185.67  
2016051400001000116000000003504972074000216.63  
2016051400001000116000000003504972204001083.17  
2016051400001000116000000003504972301001083.17  
2016051400001000116000000003504972303000185.22  
2016051400001000116000000003504972305000054.16  
2016051400001000116000000003504972307000185.22  
2016051400001000116000000003504972311000054.16  
2016051400001000116000000003504972999001837.03  
2016051400001000117000000003754990074000195.06  
2016051400001000117000000003754990204000975.32  
2016051400001000117000000003754990301000975.32  
2016051400001000117000000003754990303000166.78  
2016051400001000117000000003754990305000048.77  
2016051400001000117000000003754990307000166.78  
2016051400001000117000000003754990311000048.77  
2016051400001000117000000003754990999002765.21  
2016051400001000118000000003482063074000212.95  
2016051400001000118000000003482063204001064.77  
2016051400001000118000000003482063301001064.77  
2016051400001000118000000003482063303000182.08  
2016051400001000118000000003482063305000053.24  
2016051400001000118000000003482063307000182.08  
2016051400001000118000000003482063311000053.24  
2016051400001000118000000003482063999001338.14  
2016051400001000119000000004800059074000157.16  
2016051400001000119000000004800059204000785.79  
2016051400001000119000000004800059302000785.79  
2016051400001000119000000004800059304000134.37  
2016051400001000119000000004800059306000039.29  
2016051400001000119000000004800059308000134.37  
2016051400001000119000000004800059312000039.29  
2016051400001000119000000004800059999002954.50  
2016051400001000122000000001764275074000149.69  
2016051400001000122000000001764275204000748.47  
2016051400001000122000000001764275301000748.47  
2016051400001000122000000001764275303000127.99  
2016051400001000122000000001764275305000037.42  
2016051400001000122000000001764275307000127.99  
2016051400001000122000000001764275311000037.42  
2016051400001000122000000001764275999002801.40  
2016051400001000123000000003417050074000166.16  
2016051400001000123000000003417050204000830.78  
2016051400001000123000000003417050301000830.78  
2016051400001000123000000003417050303000142.06  
2016051400001000123000000003417050305000041.54  
2016051400001000123000000003417050307000142.06  
2016051400001000123000000003417050311000041.54  
2016051400001000123000000003417050999001133.20  
2016051400001000124000000003786262074000152.83  
2016051400001000124000000003786262204000764.14  
2016051400001000124000000003786262301000764.14  
2016051400001000124000000003786262303000130.67  
2016051400001000124000000003786262305000038.21  
2016051400001000124000000003786262307000130.67  
2016051400001000124000000003786262311000038.21  
2016051400001000124000000003786262999002056.77  
2016051400001000125000000008854526074000147.81  
2016051400001000125000000008854526204000739.03  
2016051400001000125000000008854526301000739.03  
2016051400001000125000000008854526303000126.37  
2016051400001000125000000008854526305000036.95  
2016051400001000125000000008854526307000126.37  
2016051400001000125000000008854526311000036.95  
2016051400001000125000000008854526999003529.72  
2016051400001000126000000005151886074000185.45  
2016051400001000126000000005151886204000927.24  
2016051400001000126000000005151886301000927.24  
2016051400001000126000000005151886303000158.56  
2016051400001000126000000005151886305000046.36  
2016051400001000126000000005151886307000158.56  
2016051400001000126000000005151886311000046.36  
2016051400001000126000000005151886999002957.41  
2016051400001000127000000004538011074000105.96  
2016051400001000127000000004538011204000529.78  
2016051400001000127000000004538011302000529.78  
2016051400001000127000000004538011304000090.59  
2016051400001000127000000004538011306000026.49  
2016051400001000127000000004538011308000090.59  
2016051400001000127000000004538011312000026.49  
2016051400001000127000000004538011999001842.41  
2016051400001000129000000005179460074000147.89  
2016051400001000129000000005179460204000739.46  
2016051400001000129000000005179460302000739.46  
2016051400001000129000000005179460304000126.45  
2016051400001000129000000005179460306000036.97  
2016051400001000129000000005179460308000126.45  
2016051400001000129000000005179460312000036.97  
2016051400001000129000000005179460999003160.92  
2016051400001000130000000004410789074000187.28  
2016051400001000130000000004410789204000936.38  
2016051400001000130000000004410789301000936.38  
2016051400001000130000000004410789303000160.12  
2016051400001000130000000004410789305000046.82  
2016051400001000130000000004410789307000160.12  
2016051400001000130000000004410789311000046.82  
2016051400001000130000000004410789999004103.88  
2016051400001000131000000007319833074000131.06  
2016051400001000131000000007319833204000655.29  
2016051400001000131000000007319833301000655.29  
2016051400001000131000000007319833303000112.05  
2016051400001000131000000007319833305000032.76  
2016051400001000131000000007319833307000112.05  
2016051400001000131000000007319833311000032.76  
2016051400001000132000000004415402074000162.55  
2016051400001000132000000004415402204000812.77  
2016051400001000132000000004415402301000812.77  
2016051400001000132000000004415402303000138.98  
2016051400001000132000000004415402305000040.64  
2016051400001000132000000004415402307000138.98  
2016051400001000132000000004415402311000040.64  
2016051400001000132000000004415402999002571.89  
2016051400001000134000000003605581074000105.96  
2016051400001000134000000003605581204000529.78  
2016051400001000134000000003605581301000529.78  
2016051400001000134000000003605581303000090.59  
2016051400001000134000000003605581305000026.49  
2016051400001000134000000003605581307000090.59  
2016051400001000134000000003605581311000026.49  
2016051400001000134000000003605581999002098.73  
2016051400001000135000000005903134074000151.85  
2016051400001000135000000005903134204000759.25  
2016051400001000135000000005903134301000759.25  
2016051400001000135000000005903134303000129.83  
2016051400001000135000000005903134305000037.96  
2016051400001000135000000005903134307000129.83  
2016051400001000135000000005903134311000037.96  
2016051400001000135000000005903134999000849.25  
2016051400001000136000000004702349074000159.04  
2016051400001000136000000004702349204000795.18  
2016051400001000136000000004702349301000795.18  
2016051400001000136000000004702349303000135.98  
2016051400001000136000000004702349305000039.76  
2016051400001000136000000004702349307000135.98  
2016051400001000136000000004702349311000039.76  
2016051400001000136000000004702349999002742.38  
2016051400001000137000000002551314074000137.36  
2016051400001000137000000002551314204000686.81  
2016051400001000137000000002551314302000686.81  
2016051400001000137000000002551314304000117.44  
2016051400001000137000000002551314306000034.34  
2016051400001000137000000002551314308000117.44  
2016051400001000137000000002551314312000034.34  
2016051400001000137000000002551314999003031.12  
2016051400001000138000000003693620074000130.23  
2016051400001000138000000003693620204000651.15  
2016051400001000138000000003693620301000651.15  
2016051400001000138000000003693620303000111.35  
2016051400001000138000000003693620305000032.56  
2016051400001000138000000003693620307000111.35  
2016051400001000138000000003693620311000032.56  
2016051400001000138000000003693620999001194.85  
2016051400001000139000000004897781074000111.10  
2016051400001000139000000004897781204000555.51  
2016051400001000139000000004897781301000555.51  
2016051400001000139000000004897781303000094.99  
2016051400001000139000000004897781305000027.78  
2016051400001000139000000004897781307000094.99  
2016051400001000139000000004897781311000027.78  
2016051400001000139000000004897781999000367.02  
2016051400001000140000000004886972074000090.48  
2016051400001000140000000004886972204000452.38  
2016051400001000140000000004886972302000452.38  
2016051400001000140000000004886972304000077.36  
2016051400001000140000000004886972306000022.62  
2016051400001000140000000004886972308000077.36  
2016051400001000140000000004886972312000022.62  
2016051400001000140000000004886972999002241.99  
2016051400001000141000000004870962074000096.97  
2016051400001000141000000004870962204000484.87  
2016051400001000141000000004870962302000484.87  
2016051400001000141000000004870962304000082.91  
2016051400001000141000000004870962306000024.24  
2016051400001000141000000004870962308000082.91  
2016051400001000141000000004870962312000024.24  
2016051400001000141000000004870962999000839.75  
2016051400001000142000000003064016074000130.23  
2016051400001000142000000003064016204000651.15  
2016051400001000142000000003064016301000651.15  
2016051400001000142000000003064016303000111.35  
2016051400001000142000000003064016305000032.56  
2016051400001000142000000003064016307000111.35  
2016051400001000142000000003064016311000032.56  
2016051400001000142000000003064016999001076.40  
2016051400001000143000000003753027074000113.22  
2016051400001000143000000003753027204000566.09  
2016051400001000143000000003753027301000566.09  
2016051400001000143000000003753027303000096.80  
2016051400001000143000000003753027305000028.30  
2016051400001000143000000003753027307000096.80  
2016051400001000143000000003753027311000028.30  
2016051400001000143000000003753027999001428.58  
2016051400001000146000000003734545074000352.16  
2016051400001000146000000003734545204001760.78  
2016051400001000146000000003734545301001760.78  
2016051400001000146000000003734545303000301.09  
2016051400001000146000000003734545305000088.04  
2016051400001000146000000003734545307000301.09  
2016051400001000146000000003734545311000088.04  
2016051400001000146000000003734545327000046.08  
2016051400001000146000000003734545999001942.68  
2016051400001000201000000002991007074000384.98  
2016051400001000201000000002991007204001924.90  
2016051400001000201000000002991007302001924.90  
2016051400001000201000000002991007304000329.16  
2016051400001000201000000002991007306000096.25  
2016051400001000201000000002991007308000329.16  
2016051400001000201000000002991007312000096.25  
2016051400001000201000000002991007328000062.49  
2016051400001000201000000002991007999003581.64  
2016051400001000202000000000953021001001673.56  
2016051400001000202000000000953021074000803.71  
2016051400001000202000000000953021204004018.57  
2016051400001000202000000000953021302004018.57  
2016051400001000202000000000953021304000687.17  
2016051400001000202000000000953021306000200.93  
2016051400001000202000000000953021308000687.17  
2016051400001000202000000000953021312000200.93  
2016051400001000202000000000953021328001549.71  
2016051400001000202000000000953021999008467.46  
2016051400001000203000000001069089074000775.82  
2016051400001000203000000001069089204003879.08  
2016051400001000203000000001069089302003879.08  
2016051400001000203000000001069089304000663.32  
2016051400001000203000000001069089306000193.95  
2016051400001000203000000001069089308000663.32  
2016051400001000203000000001069089312000193.95  
2016051400001000203000000001069089328001326.53  
2016051400001000203000000001069089999004346.79  
2016051400001000204000000003017631074000782.31  
2016051400001000204000000003017631204003911.57  
2016051400001000204000000003017631302003911.57  
2016051400001000204000000003017631304000668.88  
2016051400001000204000000003017631306000195.58  
2016051400001000204000000003017631308000668.88  
2016051400001000204000000003017631312000195.58  
2016051400001000204000000003017631328001378.51  
2016051400001000204000000003017631999001378.51  
2016051400001000205000000001893812001000889.81  
2016051400001000205000000001893812074000775.82  
2016051400001000205000000001893812204003879.08  
2016051400001000205000000001893812301003879.08  
2016051400001000205000000001893812303000663.32  
2016051400001000205000000001893812305000193.95  
2016051400001000205000000001893812307000663.32  
2016051400001000205000000001893812311000193.95  
2016051400001000205000000001893812327001326.53  
2016051400001000205000000001893812999004654.28  
2016051400001000206000000003025505074000789.89  
2016051400001000206000000003025505204003949.47  
2016051400001000206000000003025505302003949.47  
2016051400001000206000000003025505304000675.36  
2016051400001000206000000003025505306000197.47  
2016051400001000206000000003025505308000675.36  
2016051400001000206000000003025505312000197.47  
2016051400001000206000000003025505328001439.16  
2016051400001000206000000003025505999005988.55  
2016051400001000207000000005198940001000036.43  
2016051400001000207000000005198940074000515.55  
2016051400001000207000000005198940204002577.77  
2016051400001000207000000005198940301002577.77  
2016051400001000207000000005198940303000440.80  
2016051400001000207000000005198940305000128.89  
2016051400001000207000000005198940307000440.80  
2016051400001000207000000005198940311000128.89  
2016051400001000207000000005198940327000166.66  
2016051400001000207000000005198940999008274.64  
2016051400001000210000000003621269074000540.46  
2016051400001000210000000003621269204002702.31  
2016051400001000210000000003621269301002702.31  
2016051400001000210000000003621269303000462.10  
2016051400001000210000000003621269305000135.12  
2016051400001000210000000003621269307000462.10  
2016051400001000210000000003621269311000135.12  
2016051400001000210000000003621269327000241.39  
2016051400001000210000000003621269999012286.99  
2016051400001000211000000004414796074000509.06  
2016051400001000211000000004414796204002545.28  
2016051400001000211000000004414796301002545.28  
2016051400001000211000000004414796303000435.24  
2016051400001000211000000004414796305000127.26  
2016051400001000211000000004414796307000435.24  
2016051400001000211000000004414796311000127.26  
2016051400001000211000000004414796327000147.17  
2016051400001000211000000004414796999005990.79  
2016051400001000212000000004411903074000509.06  
2016051400001000212000000004411903204002545.28  
2016051400001000212000000004411903302002545.28  
2016051400001000212000000004411903304000435.24  
2016051400001000212000000004411903306000127.26  
2016051400001000212000000004411903308000435.24  
2016051400001000212000000004411903312000127.26  
2016051400001000212000000004411903328000147.17  
2016051400001000212000000004411903999003290.94  
2016051400001000213000000005213524074000358.65  
2016051400001000213000000005213524204001793.27  
2016051400001000213000000005213524302001793.27  
2016051400001000213000000005213524304000306.65  
2016051400001000213000000005213524306000089.66  
2016051400001000213000000005213524308000306.65  
2016051400001000213000000005213524312000089.66  
2016051400001000213000000005213524328000049.33  
2016051400001000213000000005213524999007217.24  
2016051400001000217000000003778798074000346.18  
2016051400001000217000000003778798204001730.91  
2016051400001000217000000003778798301001730.91  
2016051400001000217000000003778798303000295.99  
2016051400001000217000000003778798305000086.55  
2016051400001000217000000003778798307000295.99  
2016051400001000217000000003778798311000086.55  
2016051400001000217000000003778798327000043.09  
2016051400001000217000000003778798999009033.50  
2016051400001000218000000002406485074000312.09  
2016051400001000218000000002406485204001560.47  
2016051400001000218000000002406485301001560.47  
2016051400001000218000000002406485303000266.84  
2016051400001000218000000002406485305000078.02  
2016051400001000218000000002406485307000266.84  
2016051400001000218000000002406485311000078.02  
2016051400001000218000000002406485327000026.05  
2016051400001000218000000002406485999000934.74  
2016051400001000219000000000810986074000320.76  
2016051400001000219000000000810986204001603.79  
2016051400001000219000000000810986302001603.79  
2016051400001000219000000000810986306000080.19  
2016051400001000219000000000810986312000080.19  
2016051400001000219000000000810986328000030.38  
2016051400001000219000000000810986999001136.31  
2016051400001000221000000002900854074000503.64  
2016051400001000221000000002900854204002518.20  
2016051400001000221000000002900854302002518.20  
2016051400001000221000000002900854304000430.61  
2016051400001000221000000002900854306000125.91  
2016051400001000221000000002900854308000430.61  
2016051400001000221000000002900854312000125.91  
2016051400001000221000000002900854328000130.92  
2016051400001000221000000002900854999004184.10  
2016051400001000222000000002862575074000503.64  
2016051400001000222000000002862575204002518.20  
2016051400001000222000000002862575301002518.20  
2016051400001000222000000002862575303000430.61  
2016051400001000222000000002862575305000125.91  
2016051400001000222000000002862575307000430.61  
2016051400001000222000000002862575311000125.91  
2016051400001000222000000002862575327000130.92  
2016051400001000222000000002862575999000130.92  
2016051400001000225000000003314456074000238.61  
2016051400001000225000000003314456204001193.07  
2016051400001000225000000003314456301001193.07  
2016051400001000225000000003314456303000204.01  
2016051400001000225000000003314456305000059.65  
2016051400001000225000000003314456307000204.01  
2016051400001000225000000003314456311000059.65  
2016051400001000225000000003314456999006663.62  
2016051400001000226000000001930623074000254.18  
2016051400001000226000000001930623204001270.88  
2016051400001000226000000001930623302001270.88  
2016051400001000226000000001930623304000217.32  
2016051400001000226000000001930623306000063.54  
2016051400001000226000000001930623308000217.32  
2016051400001000226000000001930623312000063.54  
2016051400001000226000000001930623999000864.19  
2016051400001000227000000000936305074000285.58  
2016051400001000227000000000936305204001427.91  
2016051400001000227000000000936305301001427.91  
2016051400001000227000000000936305303000244.17  
2016051400001000227000000000936305305000071.40  
2016051400001000227000000000936305307000244.17  
2016051400001000227000000000936305311000071.40  
2016051400001000227000000000936305327000012.79  
2016051400001000227000000000936305999004365.21  
2016051400001000228000000005193215074000224.54  
2016051400001000228000000005193215204001122.68  
2016051400001000228000000005193215301001122.68  
2016051400001000228000000005193215303000191.98  
2016051400001000228000000005193215305000056.13  
2016051400001000228000000005193215307000191.98  
2016051400001000228000000005193215311000056.13  
2016051400001000228000000005193215999004007.85  
2016051400001000229000000004502182074000144.62  
2016051400001000229000000004502182204000723.08  
2016051400001000229000000004502182301000723.08  
2016051400001000229000000004502182303000123.65  
2016051400001000229000000004502182305000036.15  
2016051400001000229000000004502182307000123.65  
2016051400001000229000000004502182311000036.15  
2016051400001000229000000004502182999000452.03  
2016051400001000230000000003757088074000290.17  
2016051400001000230000000003757088204001450.87  
2016051400001000230000000003757088301001450.87  
2016051400001000230000000003757088303000248.10  
2016051400001000230000000003757088305000072.54  
2016051400001000230000000003757088307000248.10  
2016051400001000230000000003757088311000072.54  
2016051400001000230000000003757088327000015.09  
2016051400001000230000000003757088999005891.54  
2016051400001000231000000003131710074000354.85  
2016051400001000231000000003131710204001774.23  
2016051400001000231000000003131710301001774.23  
2016051400001000231000000003131710303000303.39  
2016051400001000231000000003131710305000088.71  
2016051400001000231000000003131710307000303.39  
2016051400001000231000000003131710311000088.71  
2016051400001000231000000003131710327000047.42  
2016051400001000231000000003131710999008563.08  
2016051400001000232000000002875093074000298.02  
2016051400001000232000000002875093204001490.08  
2016051400001000232000000002875093302001490.08  
2016051400001000232000000002875093304000254.80  
2016051400001000232000000002875093306000074.50  
2016051400001000232000000002875093308000254.80  
2016051400001000232000000002875093312000074.50  
2016051400001000232000000002875093328000019.01  
2016051400001000232000000002875093999001001.14  
2016051400001000233000000003622065074000329.42  
2016051400001000233000000003622065204001647.11  
2016051400001000233000000003622065301001647.11  
2016051400001000233000000003622065303000281.66  
2016051400001000233000000003622065305000082.36  
2016051400001000233000000003622065307000281.66  
2016051400001000233000000003622065311000082.36  
2016051400001000233000000003622065327000034.71  
2016051400001000233000000003622065999006465.68  
2016051400001000234000000004076151074000144.62  
2016051400001000234000000004076151204000723.08  
2016051400001000234000000004076151301000723.08  
2016051400001000234000000004076151303000123.65  
2016051400001000234000000004076151305000036.15  
2016051400001000234000000004076151307000123.65  
2016051400001000234000000004076151311000036.15  
2016051400001000234000000004076151999003666.83  
2016051400001000235000000003623123074000392.23  
2016051400001000235000000003623123204001961.13  
2016051400001000235000000003623123302001961.13  
2016051400001000235000000003623123304000335.35  
2016051400001000235000000003623123306000098.06  
2016051400001000235000000003623123308000335.35  
2016051400001000235000000003623123312000098.06  
2016051400001000235000000003623123328000066.11  
2016051400001000235000000003623123999003593.73  
2016051400001000237000000003596872074000139.20  
2016051400001000237000000003596872204000696.00  
2016051400001000237000000003596872301000696.00  
2016051400001000237000000003596872303000119.02  
2016051400001000237000000003596872305000034.80  
2016051400001000237000000003596872307000119.02  
2016051400001000237000000003596872311000034.80  
2016051400001000237000000003596872999000591.50  
2016051400001000238000000000998945074000157.26  
2016051400001000238000000000998945204000786.30  
2016051400001000238000000000998945301000786.30  
2016051400001000238000000000998945303000134.46  
2016051400001000238000000000998945305000039.32  
2016051400001000238000000000998945307000134.46  
2016051400001000238000000000998945311000039.32  
2016051400001000238000000000998945999000474.22  
2016051400001000239000000003124516074000346.74  
2016051400001000239000000003124516204001733.70  
2016051400001000239000000003124516302001733.70  
2016051400001000239000000003124516304000296.46  
2016051400001000239000000003124516306000086.69  
2016051400001000239000000003124516308000296.46  
2016051400001000239000000003124516312000086.69  
2016051400001000239000000003124516328000043.37  
2016051400001000239000000003124516999000083.47  
2016051400001000240000000002632315074000085.06  
2016051400001000240000000002632315204000425.30  
2016051400001000240000000002632315301000425.30  
2016051400001000240000000002632315303000072.73  
2016051400001000240000000002632315305000021.27  
2016051400001000240000000002632315307000072.73  
2016051400001000240000000002632315311000021.27  
2016051400001000240000000002632315999000737.24  
2016051400001000242000000006782273074000151.58  
2016051400001000242000000006782273204000757.92  
2016051400001000242000000006782273301000757.92  
2016051400001000242000000006782273303000129.60  
2016051400001000242000000006782273305000037.90  
2016051400001000242000000006782273307000129.60  
2016051400001000242000000006782273311000037.90  
2016051400001000242000000006782273999000390.54  
2016051400001000243000000006096339074000143.08  
2016051400001000243000000006096339204000715.40  
2016051400001000243000000006096339302000715.40  
2016051400001000243000000006096339304000122.33  
2016051400001000243000000006096339306000035.77  
2016051400001000243000000006096339308000122.33  
2016051400001000243000000006096339312000035.77  
2016051400001000243000000006096339999000785.97  
2016051400001000244000000007962862074000143.08  
2016051400001000244000000007962862204000715.40  
2016051400001000244000000007962862301000715.40  
2016051400001000244000000007962862303000122.33  
2016051400001000244000000007962862305000035.77  
2016051400001000244000000007962862307000122.33  
2016051400001000244000000007962862311000035.77  
2016051400001000244000000007962862999000478.80  
2016051400001000245000000004200223074000142.34  
2016051400001000245000000004200223204000711.69  
2016051400001000245000000004200223302000711.69  
2016051400001000245000000004200223304000121.70  
2016051400001000245000000004200223306000035.58  
2016051400001000245000000004200223308000121.70  
2016051400001000245000000004200223312000035.58  
2016051400001000245000000004200223999003942.41  
2016051400001000246000000004181581074000130.64  
2016051400001000246000000004181581204000653.20  
2016051400001000246000000004181581302000653.20  
2016051400001000246000000004181581304000111.70  
2016051400001000246000000004181581306000032.66  
2016051400001000246000000004181581308000111.70  
2016051400001000246000000004181581312000032.66  
2016051400001000246000000004181581999000075.41  
2016051400001000247000000010810697074000126.99  
2016051400001000247000000010810697204000634.97  
2016051400001000247000000010810697302000634.97  
2016051400001000247000000010810697304000108.58  
2016051400001000247000000010810697306000031.75  
2016051400001000247000000010810697308000108.58  
2016051400001000247000000010810697312000031.75  
2016051400001000247000000010810697999000075.41  
2016051400001000248000000009267511074000128.13  
2016051400001000248000000009267511204000640.63  
2016051400001000248000000009267511302000640.63  
2016051400001000248000000009267511304000109.55  
2016051400001000248000000009267511306000032.03  
2016051400001000248000000009267511308000109.55  
2016051400001000248000000009267511312000032.03  
2016051400001000248000000009267511999000075.41  
2016051400001000249000000004202022074000129.51  
2016051400001000249000000004202022204000647.54  
2016051400001000249000000004202022302000647.54  
2016051400001000249000000004202022304000110.73  
2016051400001000249000000004202022306000032.38  
2016051400001000249000000004202022308000110.73  
2016051400001000249000000004202022312000032.38  
2016051400001000249000000004202022999000075.41  
2016051400001000250000000007596741074000102.22  
2016051400001000250000000007596741204000511.08  
2016051400001000250000000007596741302000511.08  
2016051400001000250000000007596741304000087.39  
2016051400001000250000000007596741306000025.55  
2016051400001000250000000007596741308000087.39  
2016051400001000250000000007596741312000025.55  
2016051400001000250000000007596741999000075.41  
2016051400001000252000000004215029074000111.55  
2016051400001000252000000004215029204000557.76  
2016051400001000252000000004215029301000557.76  
2016051400001000252000000004215029303000095.38  
2016051400001000252000000004215029305000027.89  
2016051400001000252000000004215029307000095.38  
2016051400001000252000000004215029311000027.89  
2016051400001000252000000004215029999000063.80  
2016051400001000253000000004213033074000105.65  
2016051400001000253000000004213033204000528.26  
2016051400001000253000000004213033301000528.26  
2016051400001000253000000004213033303000090.33  
2016051400001000253000000004213033305000026.41  
2016051400001000253000000004213033307000090.33  
2016051400001000253000000004213033311000026.41  
2016051400001000253000000004213033999000083.36  
2016051400001000254000000005476332074000115.29  
2016051400001000254000000005476332204000576.46  
2016051400001000254000000005476332301000576.46  
2016051400001000254000000005476332303000098.57  
2016051400001000254000000005476332305000028.82  
2016051400001000254000000005476332307000098.57  
2016051400001000254000000005476332311000028.82  
2016051400001000254000000005476332999000083.26  
2016051400001000255000000007779101074000124.45  
2016051400001000255000000007779101204000622.27  
2016051400001000255000000007779101301000622.27  
2016051400001000255000000007779101303000106.41  
2016051400001000255000000007779101305000031.11  
2016051400001000255000000007779101307000106.41  
2016051400001000255000000007779101311000031.11  
2016051400001000255000000007779101999000099.17  
2016051400001000256000000004203445074000130.50  
2016051400001000256000000004203445204000652.48  
2016051400001000256000000004203445302000652.48  
2016051400001000256000000004203445304000111.57  
2016051400001000256000000004203445306000032.62  
2016051400001000256000000004203445308000111.57  
2016051400001000256000000004203445312000032.62  
2016051400001000256000000004203445999000071.41  
2016051400001000257000000008401656074000102.07  
2016051400001000257000000008401656204000510.36  
2016051400001000257000000008401656301000510.36  
2016051400001000257000000008401656303000087.27  
2016051400001000257000000008401656305000025.52  
2016051400001000257000000008401656307000087.27  
2016051400001000257000000008401656311000025.52  
2016051400001000257000000008401656999000103.94  
2016051400001000258000000004417820074000114.72  
2016051400001000258000000004417820204000573.62  
2016051400001000258000000004417820302000573.62  
2016051400001000258000000004417820304000098.09  
2016051400001000258000000004417820306000028.68  
2016051400001000258000000004417820308000098.09  
2016051400001000258000000004417820312000028.68  
2016051400001000258000000004417820999000022.81  
2016051400001000259000000004851683074000195.92  
2016051400001000259000000004851683204000979.60  
2016051400001000259000000004851683302000979.60  
2016051400001000259000000004851683304000167.51  
2016051400001000259000000004851683306000048.98  
2016051400001000259000000004851683308000167.51  
2016051400001000259000000004851683312000048.98  
2016051400001000259000000004851683999000531.04  
