REMUNERACIONES JUNIO/2014    0002930062014
10000003903776000225502.00
10000006423408000009650.001
10000010905814000005292.001
10000004649593000009180.001
10000010999601000003069.001
10000012084046000010422.001
10000007085405000009180.001
10000004649452000007128.001
10000014016435000009180.001
10000009761029000008208.001
10000013406736000006600.001
10000009792652000011458.001
10000010960975000003069.001
10000010207640000007128.001
10000007636365000010422.001
10000006214568000010422.001
10000008759140000005292.001
10000013878985000003300.001
10000004988678000010422.001
10000015761469000018878.401
10000003335523000003564.001
10000013907643000006100.001
10000007687772000007128.001
10000008103339000005292.001
10000015212256000008208.001
10000006229533000003300.001
10000016497716000016329.601
10000006211986000007128.001
10000010232621000006588.001
10000004645781000003564.001
