REMUNERACIONES AGOSTO/2014    0012029082014
10000003903776000684174.10
10000017150660000001067.741
10000016735380000004806.001
10000006553718000003564.001
10000010474877000005679.501
10000006374396000005243.771
10000014015601000005832.001
10000004495475000009180.001
10000016222428000004212.001
10000011574452000005727.601
10000015856640000006526.181
10000011049249000007058.401
10000004649428000006483.601
10000011036072000004701.601
10000004646755000006911.521
10000013756701000004153.331
10000004029191000005292.001
10000010914419000005250.731
10000016714540000004806.001
10000011049083000007002.721
10000012192055000007702.951
10000012270041000003564.001
10000015463172000003447.521
10000010644446000004019.211
10000013534644000006502.911
10000003986508000007128.001
10000016735885000006588.001
10000004284943000008139.571
10000004144551000004701.601
10000014317809000004701.601
10000017171103000002082.601
10000010973936000006588.001
10000009024980000001825.201
10000013535361000005285.721
10000013350206000005832.001
10000013979163000004806.001
10000010158413000006189.991
10000013488908000006483.601
10000010556485000005832.001
10000014034528000005832.001
10000003165657000007128.001
10000014314285000005600.291
10000004989840000010373.771
10000015668136000005053.621
10000013947681000005832.001
10000010704422000007597.711
10000007704146000005832.001
10000011349657000006483.601
10000011288243000001408.801
10000011436272000005648.211
10000011021031000003004.121
10000010208664000006588.001
10000015442803000004212.001
10000017230446000002822.401
10000010659495000008759.571
10000010408040000005400.001
10000004807232000005292.001
10000015443257000004212.001
10000004284373000006999.211
10000014234079000005832.001
10000004456427000008208.001
10000006531152000007080.951
10000010658752000005832.001
10000015695212000005832.001
10000012165292000005022.001
10000014023208000004701.601
10000012121723000004212.001
10000004649569000010962.541
10000016702016000004806.001
10000015668095000005787.751
10000011696256000003226.391
10000015685792000005832.001
10000010648034000005832.001
10000014854231000005727.601
10000006427343000008413.421
10000013491274000005832.001
10000014480078000004701.601
10000011072406000004701.601
10000014617233000005762.401
10000016166973000005292.001
10000015464104000003564.001
10000016763943000005727.601
10000003980196000008208.001
10000015444586000005292.001
10000015667823000005832.001
10000015482817000004212.001
10000014798372000005727.601
10000007212248000003564.001
10000003500944000001825.201
10000012791443000006588.001
10000016135051000005762.401
10000015608554000005727.601
10000011049778000007002.721
10000003702780000007715.461
10000015551521000008208.001
10000014005165000005832.001
10000011063637000007029.761
10000004649600000007004.791
10000005703984000005773.401
10000004222349000002082.601
10000004661620000007675.341
10000015404936000006588.001
10000010672405000007128.001
10000015444370000004212.001
10000004921496000006588.001
10000010557904000002956.211
10000002982359000007219.591
10000003996086000009057.351
10000015473874000005832.001
10000011049166000004806.001
10000014143999000005832.001
10000016992336000004212.001
10000011410482000007128.001
10000003718208000006588.001
10000015470044000005292.001
10000011651771000005222.401
10000006531780000007128.001
10000007097450000005998.001
10000003492539000007128.001
10000011579121000006483.601
10000008237542000005824.171
