REMUNERACIONES FEBRERO/2014    0001728022014
10000003903776000073215.81
10000013831628000003300.001
10000004649618000000790.501
10000004649618000007014.501
10000011042102000003069.001
10000009542015000005022.001
10000007099638000007905.001
10000011021031000003069.001
10000013097759000006138.001
10000011419880000004900.001
10000003709405000005400.001
10000010579817000003069.001
10000011054173000002810.811
10000004144147000004138.501
10000013917808000004597.501
10000013184621000003300.001
10000010557904000003069.001
10000010684137000005623.001
