REMUNERACIONES FEBRERO/2014    0002628022014
10000003903776000166748.80
10000006423408000009650.001
10000010905814000004900.001
10000004649593000006600.001
10000010999601000003300.001
10000012084046000009650.001
10000007085405000008500.001
10000004649452000006600.001
10000014016435000008500.001
10000013406736000006600.001
10000009792652000011350.001
10000010960975000003300.001
10000010207640000009460.001
10000007636365000006600.601
10000006214568000008685.001
10000008759140000004900.001
10000013878985000003300.001
10000004988678000009650.001
10000003335523000003564.001
10000013907643000006100.001
10000007687772000006600.001
10000008103339000003900.001
10000015212256000005198.401
10000006229533000003300.001
10000006211986000007840.801
10000010232621000005400.001
10000004645781000003300.001
