REMUNERACIONES DICIEMBRE/2013    0003520122013
10000003903776000129209.00
10000010474877000002225.001
10000011169071000000898.331
10000010497556000005940.001
10000013053660000005170.831
10000007114543000005548.611
10000010644181000000975.001
10000010644181000002953.611
10000013225821000002632.921
10000010676506000002750.001
10000003311375000003647.781
10000003430810000002833.331
10000003430810000005619.441
10000007515824000001900.001
10000007515824000004813.331
10000003422982000004507.221
10000011696256000000898.331
10000010644818000005940.001
10000003978589000006361.671
10000012339251000002953.611
10000012670506000002530.001
10000012022103000003978.331
10000010930390000001650.001
10000009409546000001900.001
10000009409546000005700.001
10000012022575000003978.331
10000011631658000006840.001
10000012384058000003900.001
10000010209464000003166.671
10000010209464000004391.111
10000010545876000002722.221
10000003622293000002750.001
10000004653180000005500.001
10000012034348000003255.001
10000012343450000003978.331
10000005439133000002750.001
