REMUNERACIONES FEBRERO/2015    0002327022015
10000003903776000154078.80
10000004649618000010098.001
10000015614006000006253.001
10000011169071000003920.001
10000003979371000006415.001
10000011664477000006253.001
10000010472657000006253.001
10000013053660000010098.001
10000013225821000005287.001
10000004530156000007841.001
10000010676506000003260.001
10000007033173000007841.001
10000014117663000005287.001
10000011353046000009029.001
10000006751734000005287.001
10000003978589000009029.001
10000013968421000005821.001
10000002273120000008652.801
10000017739729000006415.001
10000003304859000007679.001
10000004143800000007679.001
10000003622293000003920.001
10000004653180000007841.001
10000005439133000003920.001
