REMUNERACIONES DICIEMBRE/2014    0012730122014
10000003903776000761378.08
10000017150660000004212.001
10000016735380000004806.001
10000006553718000003564.001
10000010474877000005832.001
10000006374396000005292.001
10000014015601000005710.201
10000016222428000004212.001
10000011574452000005727.601
10000015856640000006573.001
10000011049249000007128.001
10000004649428000006588.001
10000004004218000006588.001
10000011036072000004806.001
10000004646755000007113.001
10000015052975000005832.001
10000013756701000004806.001
10000016714540000004806.001
10000011049083000007128.001
10000012192055000008208.001
10000017759701000004806.001
10000012270041000003564.001
10000015463172000003564.001
10000010644446000004090.201
10000003986508000007128.001
10000017611167000005832.001
10000016735885000006588.001
10000004284943000008208.001
10000004144551000004677.241
10000014317809000004806.001
10000017171103000004806.001
10000010973936000006588.001
10000013820663000004806.001
10000009024980000004212.001
10000003644297000004212.001
10000013535361000005292.001
10000013350206000005832.001
10000013979163000004806.001
10000013488908000006588.001
10000010556485000005742.001
10000017657161000004212.001
10000014034528000005832.001
10000003165657000007128.001
10000004989840000010422.001
10000015668136000005832.001
10000013947681000005832.001
10000010704422000007905.001
10000007704146000005832.001
10000011349657000006483.601
10000017520714000012258.001
10000010208664000006588.001
10000015442803000004212.041
10000017230446000005292.001
10000010408040000006588.001
10000004807232000005292.001
10000015443257000004212.001
10000004284373000007128.001
10000014234079000005832.001
10000004456427000008208.001
10000006531152000007098.001
10000017693800000004806.001
10000015695212000005832.001
10000017637709000005832.001
10000012165292000005022.001
10000014023208000004806.001
10000006901777000005832.001
10000012121723000004212.001
10000004649569000011340.001
10000016702016000004806.001
10000015668095000005832.001
10000011696256000003564.001
10000002745468000017091.741
10000015685792000005832.001
10000010648034000005832.001
10000014854231000005832.001
10000006427343000008485.001
10000013491274000005832.001
10000014480078000004806.001
10000011072406000004806.001
10000014617233000005832.001
10000011419880000005832.001
10000016166973000005292.001
10000017936036000006804.001
10000017715084000003564.001
10000015464104000003564.001
10000016763943000005832.001
10000017707388000003564.001
10000017718484000003564.001
10000003980196000008208.001
10000010489280000006588.001
10000010705553000005832.001
10000015444586000005292.001
10000015667823000005817.001
10000015482817000004212.001
10000003984445000010422.001
10000014798372000005727.601
10000017599652000004212.001
10000007212248000003564.001
10000012791443000006588.001
10000018001234000005607.001
10000015608554000005832.001
10000011049778000007128.001
10000003702780000007905.001
10000015551521000008208.001
10000011063637000007128.001
10000004649600000007128.001
10000005703984000005832.001
10000004661620000008208.001
10000017334644000004212.001
10000015404936000006588.001
10000010672405000007128.001
10000015444370000004212.001
10000004921496000006588.001
10000003996086000009180.001
10000015473874000005832.001
10000011049166000004806.001
10000014143999000005832.001
10000016992336000004212.001
10000011410482000007128.001
10000012665127000005832.001
10000003718208000006588.001
10000015470044000005292.001
10000011651771000005292.001
10000010485402000006588.001
10000006531780000007128.001
10000009895620000005566.861
10000011579121000006588.001
10000008237542000005832.001
