REMUNERACIONES ABRIL/2014    0003030042014
10000003903776000190950.33
10000004649618000009180.001
10000011169071000003564.001
10000003979371000005832.001
10000004616766000006588.001
10000011664477000005832.001
10000010472657000005832.001
10000013053660000009180.001
10000013225821000004806.001
10000004530156000007128.001
10000010676506000002904.001
10000007033173000007006.201
10000007515824000008208.001
10000013097759000005227.201
10000004144072000008208.001
10000003422982000004852.531
10000006751734000004806.001
10000003978589000008208.001
10000012339251000005292.001
10000013968421000004806.001
10000002273120000012038.401
10000010930390000003564.001
10000012022575000007128.001
10000011631658000008208.001
10000003304859000007128.001
10000010209464000008208.001
10000004143800000007128.001
10000003622293000003564.001
10000010684137000005832.001
10000005439133000003564.001
10000011104762000007128.001
