REMUNERACIONES AGOSTO/2014    0002029082014
10000003903776000100040.73
10000015614006000005832.001
10000016513801000003419.701
10000016676972000007354.331
10000013071109000005328.901
10000009542015000005798.611
10000002902505000004806.001
10000003311375000005292.001
10000011353046000008208.001
10000016075588000002995.461
10000010644818000008120.561
10000003999048000002854.801
10000004452839000004806.001
10000015426914000004894.671
10000011054173000003564.001
10000015473171000004701.731
10000013917808000007128.001
10000007738947000005832.001
10000014315514000003012.771
10000017011846000003564.001
10000017149233000002527.201
