REMUNERACIONES MARZO/2014    0002631032014
10000003903776000167895.05
10000006423408000009650.001
10000010905814000004410.001
10000004649593000007956.001
10000010999601000003069.001
10000012084046000009505.251
10000007085405000007956.001
10000004649452000005940.001
10000014016435000008364.001
10000013406736000006600.001
10000009792652000009823.601
10000010960975000003069.001
10000010207640000005940.001
10000007636365000010422.001
10000006214568000010422.001
10000008759140000004557.001
10000013878985000003300.001
10000004988678000009939.501
10000003335523000003564.001
10000013907643000006100.001
10000007687772000006055.801
10000008103339000004505.101
10000015212256000008208.001
10000006229533000003300.001
10000006211986000007128.001
10000010232621000005022.001
10000004645781000003088.801
