20140514000013301010000000000001401.7400000000
20140514000013301010000000000003101.3400000000
20140514000013301010000000000004856.5800000000
20140514000013301010000000000011344.8000000000
20140514000013301010000000000046577.6200000000
20140514000013301010000000000093566.2000000000
20140514000013301010000000000120673.4200000000
20140514000013301010000000000193169.3200000000
20140514000013801010000000000000554.8500000000
20140514000013901010000000000002778.3000000000
20140514000013301010000000000000550.0000000000
20140514000013301010000000000000350.0000000000
20140514000013301010000000000004800.0000000000
20140514000013801010000000000001200.0000000000
20140514000013901010000000000004800.0000000000
20140514000013301010000000000002522.8800000000
20140514000013301010000000000006393.5100000000
20140514000013301010000000000030703.1900000000
20140514000013301010000000000108880.8500000000
20140514000013301010000000000019848.8100000000
20140514000013301010000000000048515.2700000000
20140514000013301010000000000076230.0000000000
20140514000013301010000000000181867.0900000000
20140514000013301010000000000754759.8400000000
