2014051400001300000000000000568138074000313.20  
2014051400001300000000000000568138204001566.00  
2014051400001300000000000000568138301001566.00  
2014051400001300000000000000568138305000078.30  
2014051400001300000000000000568138311000078.30  
2014051400001300000000000000568138999002919.60  
2014051400001300000000000000685134074000146.88  
2014051400001300000000000000685134204000734.40  
2014051400001300000000000000685134301000734.40  
2014051400001300000000000000685134303000125.58  
2014051400001300000000000000685134305000036.72  
2014051400001300000000000000685134307000125.58  
2014051400001300000000000000685134311000036.72  
2014051400001300000000000000685134999000107.58  
2014051400001300000000000000778882074000493.20  
2014051400001300000000000000778882204002466.00  
2014051400001300000000000000778882301002466.00  
2014051400001300000000000000778882305000123.30  
2014051400001300000000000000778882311000123.30  
2014051400001300000000000000778882999004592.42  
2014051400001300000000000000803131074000149.04  
2014051400001300000000000000803131204000745.20  
2014051400001300000000000000803131302000745.20  
2014051400001300000000000000803131304000127.43  
2014051400001300000000000000803131306000037.26  
2014051400001300000000000000803131308000127.43  
2014051400001300000000000000803131312000037.26  
2014051400001300000000000000803131999000972.92  
2014051400001300000000000000810986074000230.90  
2014051400001300000000000000810986204001154.52  
2014051400001300000000000000810986302001154.52  
2014051400001300000000000000810986304000197.42  
2014051400001300000000000000810986306000057.73  
2014051400001300000000000000810986308000197.42  
2014051400001300000000000000810986312000057.73  
2014051400001300000000000000810986999000140.52  
2014051400001300000000000000855279074000149.04  
2014051400001300000000000000855279204000745.20  
2014051400001300000000000000855279301000745.20  
2014051400001300000000000000855279303000127.43  
2014051400001300000000000000855279305000037.26  
2014051400001300000000000000855279307000127.43  
2014051400001300000000000000855279311000037.26  
2014051400001300000000000000855279999003493.84  
2014051400001300000000000000936305074000212.98  
2014051400001300000000000000936305204001064.88  
2014051400001300000000000000936305301001064.88  
2014051400001300000000000000936305303000182.09  
2014051400001300000000000000936305305000053.24  
2014051400001300000000000000936305307000182.09  
2014051400001300000000000000936305311000053.24  
2014051400001300000000000000936305999003182.20  
2014051400001300000000000000952134074000263.09  
2014051400001300000000000000952134204001315.44  
2014051400001300000000000000952134302001315.44  
2014051400001300000000000000952134304000224.94  
2014051400001300000000000000952134306000065.77  
2014051400001300000000000000952134308000224.94  
2014051400001300000000000000952134312000065.77  
2014051400001300000000000000952134999001370.43  
2014051400001300000000000000953021074000744.32  
2014051400001300000000000000953021204003721.60  
2014051400001300000000000000953021302003721.60  
2014051400001300000000000000953021304000636.39  
2014051400001300000000000000953021306000186.08  
2014051400001300000000000000953021308000636.39  
2014051400001300000000000000953021312000186.08  
2014051400001300000000000000953021999006258.46  
2014051400001300000000000000959934074000149.04  
2014051400001300000000000000959934204000745.20  
2014051400001300000000000000959934302000745.20  
2014051400001300000000000000959934304000127.43  
2014051400001300000000000000959934306000037.26  
2014051400001300000000000000959934308000127.43  
2014051400001300000000000000959934312000037.26  
2014051400001300000000000000959934999001273.30  
2014051400001300000000000000960278074000128.30  
2014051400001300000000000000960278204000641.52  
2014051400001300000000000000960278301000641.52  
2014051400001300000000000000960278303000109.70  
2014051400001300000000000000960278305000032.08  
2014051400001300000000000000960278307000109.70  
2014051400001300000000000000960278311000032.08  
2014051400001300000000000000960278999001815.54  
2014051400001300000000000000998813074000382.26  
2014051400001300000000000000998813204001911.32  
2014051400001300000000000000998813301001911.32  
2014051400001300000000000000998813303000326.84  
2014051400001300000000000000998813305000095.57  
2014051400001300000000000000998813307000326.84  
2014051400001300000000000000998813311000095.57  
2014051400001300000000000000998813999004878.90  
2014051400001300000000000001320627074000263.52  
2014051400001300000000000001320627204001317.60  
2014051400001300000000000001320627301001317.60  
2014051400001300000000000001320627303000225.31  
2014051400001300000000000001320627305000065.88  
2014051400001300000000000001320627307000225.31  
2014051400001300000000000001320627311000065.88  
2014051400001300000000000001320627999000510.56  
2014051400001300000000000001370502074000163.59  
2014051400001300000000000001370502204000817.97  
2014051400001300000000000001370502301000817.97  
2014051400001300000000000001370502303000139.87  
2014051400001300000000000001370502305000040.90  
2014051400001300000000000001370502307000139.87  
2014051400001300000000000001370502311000040.90  
2014051400001300000000000001370502999003833.37  
2014051400001300000000000001384792074000263.52  
2014051400001300000000000001384792204001317.60  
2014051400001300000000000001384792302001317.60  
2014051400001300000000000001384792304000225.31  
2014051400001300000000000001384792306000065.88  
2014051400001300000000000001384792308000225.31  
2014051400001300000000000001384792312000065.88  
2014051400001300000000000001384792999001290.32  
2014051400001300000000000001714032074000165.40  
2014051400001300000000000001714032204000827.01  
2014051400001300000000000001714032301000827.01  
2014051400001300000000000001714032303000141.42  
2014051400001300000000000001714032305000041.35  
2014051400001300000000000001714032307000141.42  
2014051400001300000000000001714032311000041.35  
2014051400001300000000000001714032999001158.58  
2014051400001300000000000001760686074000149.47  
2014051400001300000000000001760686204000747.36  
2014051400001300000000000001760686301000747.36  
2014051400001300000000000001760686303000127.80  
2014051400001300000000000001760686305000037.37  
2014051400001300000000000001760686307000127.80  
2014051400001300000000000001760686311000037.37  
2014051400001300000000000001760686999002290.58  
2014051400001300000000000001764275074000121.58  
2014051400001300000000000001764275204000607.89  
2014051400001300000000000001764275301000607.89  
2014051400001300000000000001764275303000103.95  
2014051400001300000000000001764275305000030.39  
2014051400001300000000000001764275307000103.95  
2014051400001300000000000001764275311000030.39  
2014051400001300000000000001764275999004334.38  
2014051400001300000000000001864381074000148.56  
2014051400001300000000000001864381204000742.80  
2014051400001300000000000001864381301000742.80  
2014051400001300000000000001864381303000127.02  
2014051400001300000000000001864381305000037.14  
2014051400001300000000000001864381307000127.02  
2014051400001300000000000001864381311000037.14  
2014051400001300000000000001864381999000943.92  
2014051400001300000000000001910374074000061.49  
2014051400001300000000000001910374204000307.44  
2014051400001300000000000001910374302000307.44  
2014051400001300000000000001910374304000052.57  
2014051400001300000000000001910374306000015.37  
2014051400001300000000000001910374308000052.57  
2014051400001300000000000001910374312000015.37  
2014051400001300000000000001910374999000000.00  
2014051400001300000000000001930623074000136.08  
2014051400001300000000000001930623204000680.40  
2014051400001300000000000001930623302000680.40  
2014051400001300000000000001930623304000116.35  
2014051400001300000000000001930623306000034.02  
2014051400001300000000000001930623308000116.35  
2014051400001300000000000001930623312000034.02  
2014051400001300000000000001930623999000423.04  
2014051400001300000000000001932618074000230.90  
2014051400001300000000000001932618204001154.52  
2014051400001300000000000001932618301001154.52  
2014051400001300000000000001932618303000197.42  
2014051400001300000000000001932618305000057.73  
2014051400001300000000000001932618307000197.42  
2014051400001300000000000001932618311000057.73  
2014051400001300000000000001932618999004666.37  
2014051400001300000000000002045701074000149.04  
2014051400001300000000000002045701204000745.20  
2014051400001300000000000002045701301000745.20  
2014051400001300000000000002045701303000127.43  
2014051400001300000000000002045701305000037.26  
2014051400001300000000000002045701307000127.43  
2014051400001300000000000002045701311000037.26  
2014051400001300000000000002045701999001248.58  
2014051400001300000000000002139897074000281.45  
2014051400001300000000000002139897204001407.24  
2014051400001300000000000002139897301001407.24  
2014051400001300000000000002139897303000240.64  
2014051400001300000000000002139897305000070.36  
2014051400001300000000000002139897307000240.64  
2014051400001300000000000002139897311000070.36  
2014051400001300000000000002139897999006183.62  
2014051400001300000000000002406485074000217.94  
2014051400001300000000000002406485204001089.72  
2014051400001300000000000002406485301001089.72  
2014051400001300000000000002406485303000186.34  
2014051400001300000000000002406485305000054.49  
2014051400001300000000000002406485307000186.34  
2014051400001300000000000002406485311000054.49  
2014051400001300000000000002406485999001172.10  
2014051400001300000000000002454232074000086.29  
2014051400001300000000000002454232204000431.46  
2014051400001300000000000002454232302000431.46  
2014051400001300000000000002454232304000073.78  
2014051400001300000000000002454232306000021.57  
2014051400001300000000000002454232308000073.78  
2014051400001300000000000002454232312000021.57  
2014051400001300000000000002454232999000242.18  
2014051400001300000000000002551314074000113.62  
2014051400001300000000000002551314204000568.08  
2014051400001300000000000002551314302000568.08  
2014051400001300000000000002551314304000097.14  
2014051400001300000000000002551314306000028.40  
2014051400001300000000000002551314308000097.14  
2014051400001300000000000002551314312000028.40  
2014051400001300000000000002551314999001843.39  
2014051400001300000000000002692604074000153.71  
2014051400001300000000000002692604204000768.53  
2014051400001300000000000002692604301000768.53  
2014051400001300000000000002692604303000131.42  
2014051400001300000000000002692604305000038.43  
2014051400001300000000000002692604307000131.42  
2014051400001300000000000002692604311000038.43  
2014051400001300000000000002692604999004650.78  
2014051400001300000000000002868172074000306.07  
2014051400001300000000000002868172204001530.36  
2014051400001300000000000002868172302001530.36  
2014051400001300000000000002868172304000261.69  
2014051400001300000000000002868172306000076.52  
2014051400001300000000000002868172308000261.69  
2014051400001300000000000002868172312000076.52  
2014051400001300000000000002868172999000099.80  
2014051400001300000000000002868172999002466.14  
2014051400001300000000000002868347074000300.02  
2014051400001300000000000002868347204001500.12  
2014051400001300000000000002868347301001500.12  
2014051400001300000000000002868347303000256.52  
2014051400001300000000000002868347305000075.01  
2014051400001300000000000002868347307000256.52  
2014051400001300000000000002868347311000075.01  
2014051400001300000000000002868347999003173.47  
2014051400001300000000000002875093074000249.48  
2014051400001300000000000002875093204001247.40  
2014051400001300000000000002875093302001247.40  
2014051400001300000000000002875093304000213.31  
2014051400001300000000000002875093306000062.37  
2014051400001300000000000002875093308000213.31  
2014051400001300000000000002875093312000062.37  
2014051400001300000000000002875093999000588.96  
2014051400001300000000000002879279074000161.14  
2014051400001300000000000002879279204000805.68  
2014051400001300000000000002879279302000805.68  
2014051400001300000000000002879279304000137.77  
2014051400001300000000000002879279306000040.28  
2014051400001300000000000002879279308000137.77  
2014051400001300000000000002879279312000040.28  
2014051400001300000000000002879279999000810.82  
2014051400001300000000000002890476074000245.16  
2014051400001300000000000002890476204001225.80  
2014051400001300000000000002890476301001225.80  
2014051400001300000000000002890476303000209.61  
2014051400001300000000000002890476305000061.29  
2014051400001300000000000002890476307000209.61  
2014051400001300000000000002890476311000061.29  
2014051400001300000000000002890476999000153.23  
2014051400001300000000000002894101074000135.22  
2014051400001300000000000002894101204000676.08  
2014051400001300000000000002894101301000676.08  
2014051400001300000000000002894101303000115.61  
2014051400001300000000000002894101305000033.80  
2014051400001300000000000002894101307000115.61  
2014051400001300000000000002894101311000033.80  
2014051400001300000000000002894101999002487.22  
2014051400001300000000000002899775074000136.08  
2014051400001300000000000002899775204000680.40  
2014051400001300000000000002899775301000680.40  
2014051400001300000000000002899775303000116.35  
2014051400001300000000000002899775305000034.02  
2014051400001300000000000002899775307000116.35  
2014051400001300000000000002899775311000034.02  
2014051400001300000000000002899775999001955.06  
2014051400001300000000000002914344074000187.92  
2014051400001300000000000002914344204000939.60  
2014051400001300000000000002914344301000939.60  
2014051400001300000000000002914344303000160.67  
2014051400001300000000000002914344305000046.98  
2014051400001300000000000002914344307000160.67  
2014051400001300000000000002914344311000046.98  
2014051400001300000000000002914344999001589.41  
2014051400001300000000000003004557074000292.46  
2014051400001300000000000003004557204001462.32  
2014051400001300000000000003004557301001462.32  
2014051400001300000000000003004557303000250.06  
2014051400001300000000000003004557305000073.12  
2014051400001300000000000003004557307000250.06  
2014051400001300000000000003004557311000073.12  
2014051400001300000000000003004557999000670.76  
2014051400001300000000000003012804074000187.92  
2014051400001300000000000003012804204000939.60  
2014051400001300000000000003012804302000939.60  
2014051400001300000000000003012804304000160.67  
2014051400001300000000000003012804306000046.98  
2014051400001300000000000003012804308000160.67  
2014051400001300000000000003012804312000046.98  
2014051400001300000000000003012804999002493.00  
2014051400001300000000000003017631074000724.32  
2014051400001300000000000003017631204003621.60  
2014051400001300000000000003017631302003621.60  
2014051400001300000000000003017631304000619.29  
2014051400001300000000000003017631306000181.08  
2014051400001300000000000003017631308000619.29  
2014051400001300000000000003017631312000181.08  
2014051400001300000000000003017631999000914.56  
2014051400001300000000000003025346074000290.52  
2014051400001300000000000003025346204001452.60  
2014051400001300000000000003025346302001452.60  
2014051400001300000000000003025346304000248.39  
2014051400001300000000000003025346306000072.63  
2014051400001300000000000003025346308000248.39  
2014051400001300000000000003025346312000072.63  
2014051400001300000000000003025346999000027.36  
2014051400001300000000000003025505074000735.55  
2014051400001300000000000003025505204003677.76  
2014051400001300000000000003025505302003677.76  
2014051400001300000000000003025505304000628.90  
2014051400001300000000000003025505306000183.89  
2014051400001300000000000003025505308000628.90  
2014051400001300000000000003025505312000183.89  
2014051400001300000000000003025505999006067.14  
2014051400001300000000000003064016074000108.00  
2014051400001300000000000003064016204000540.00  
2014051400001300000000000003064016301000540.00  
2014051400001300000000000003064016303000092.34  
2014051400001300000000000003064016305000027.00  
2014051400001300000000000003064016307000092.34  
2014051400001300000000000003064016311000027.00  
2014051400001300000000000003064016999001762.74  
2014051400001300000000000003078110074000178.09  
2014051400001300000000000003078110204000890.46  
2014051400001300000000000003078110301000890.46  
2014051400001300000000000003078110303000152.27  
2014051400001300000000000003078110305000044.52  
2014051400001300000000000003078110307000152.27  
2014051400001300000000000003078110311000044.52  
2014051400001300000000000003078110999003136.37  
2014051400001300000000000003081251074000212.98  
2014051400001300000000000003081251204001064.88  
2014051400001300000000000003081251301001064.88  
2014051400001300000000000003081251303000182.09  
2014051400001300000000000003081251305000053.24  
2014051400001300000000000003081251307000182.09  
2014051400001300000000000003081251311000053.24  
2014051400001300000000000003081251999002913.67  
2014051400001300000000000003099304074000144.29  
2014051400001300000000000003099304204000721.44  
2014051400001300000000000003099304301000721.44  
2014051400001300000000000003099304303000123.37  
2014051400001300000000000003099304305000036.07  
2014051400001300000000000003099304307000123.37  
2014051400001300000000000003099304311000036.07  
2014051400001300000000000003099304999000477.55  
2014051400001300000000000003099414074000303.70  
2014051400001300000000000003099414204001518.48  
2014051400001300000000000003099414302001518.48  
2014051400001300000000000003099414304000259.66  
2014051400001300000000000003099414306000075.92  
2014051400001300000000000003099414308000259.66  
2014051400001300000000000003099414312000075.92  
2014051400001300000000000003099414999004177.16  
2014051400001300000000000003131710074000295.49  
2014051400001300000000000003131710204001477.44  
2014051400001300000000000003131710301001477.44  
2014051400001300000000000003131710303000252.64  
2014051400001300000000000003131710305000073.87  
2014051400001300000000000003131710307000252.64  
2014051400001300000000000003131710311000073.87  
2014051400001300000000000003131710999006707.80  
2014051400001300000000000003137460074000319.90  
2014051400001300000000000003137460204001599.48  
2014051400001300000000000003137460301001599.48  
2014051400001300000000000003137460303000273.51  
2014051400001300000000000003137460305000079.97  
2014051400001300000000000003137460307000273.51  
2014051400001300000000000003137460311000079.97  
2014051400001300000000000003137460999008286.01  
2014051400001300000000000003137819074000312.98  
2014051400001300000000000003137819204001564.92  
2014051400001300000000000003137819301001564.92  
2014051400001300000000000003137819303000267.60  
2014051400001300000000000003137819305000078.25  
2014051400001300000000000003137819307000267.60  
2014051400001300000000000003137819311000078.25  
2014051400001300000000000003137819999001436.49  
2014051400001300000000000003314456074000193.10  
2014051400001300000000000003314456204000965.52  
2014051400001300000000000003314456301000965.52  
2014051400001300000000000003314456303000165.10  
2014051400001300000000000003314456305000048.28  
2014051400001300000000000003314456307000165.10  
2014051400001300000000000003314456311000048.28  
2014051400001300000000000003314456999001383.55  
2014051400001300000000000003417050074000135.93  
2014051400001300000000000003417050204000679.67  
2014051400001300000000000003417050301000679.67  
2014051400001300000000000003417050303000116.22  
2014051400001300000000000003417050305000033.98  
2014051400001300000000000003417050307000116.22  
2014051400001300000000000003417050311000033.98  
2014051400001300000000000003417050999001106.79  
2014051400001300000000000003459316074000168.48  
2014051400001300000000000003459316204000842.40  
2014051400001300000000000003459316302000842.40  
2014051400001300000000000003459316304000144.05  
2014051400001300000000000003459316306000042.12  
2014051400001300000000000003459316308000144.05  
2014051400001300000000000003459316312000042.12  
2014051400001300000000000003459316999000521.64  
2014051400001300000000000003482063074000167.19  
2014051400001300000000000003482063204000835.94  
2014051400001300000000000003482063301000835.94  
2014051400001300000000000003482063303000142.95  
2014051400001300000000000003482063305000041.80  
2014051400001300000000000003482063307000142.95  
2014051400001300000000000003482063311000041.80  
2014051400001300000000000003482063999000997.41  
2014051400001300000000000003504972074000151.93  
2014051400001300000000000003504972204000759.65  
2014051400001300000000000003504972301000759.65  
2014051400001300000000000003504972303000129.90  
2014051400001300000000000003504972305000037.98  
2014051400001300000000000003504972307000129.90  
2014051400001300000000000003504972311000037.98  
2014051400001300000000000003504972999001383.98  
2014051400001300000000000003511659074000226.80  
2014051400001300000000000003511659204001134.00  
2014051400001300000000000003511659301001134.00  
2014051400001300000000000003511659303000193.91  
2014051400001300000000000003511659305000056.70  
2014051400001300000000000003511659307000193.91  
2014051400001300000000000003511659311000056.70  
2014051400001300000000000003511659999000147.10  
2014051400001300000000000003518117074000193.10  
2014051400001300000000000003518117204000965.52  
2014051400001300000000000003518117301000965.52  
2014051400001300000000000003518117303000165.10  
2014051400001300000000000003518117305000048.28  
2014051400001300000000000003518117307000165.10  
2014051400001300000000000003518117311000048.28  
2014051400001300000000000003518117999004148.53  
2014051400001300000000000003556438074000279.18  
2014051400001300000000000003556438204001395.90  
2014051400001300000000000003556438302001395.90  
2014051400001300000000000003556438304000238.70  
2014051400001300000000000003556438306000069.80  
2014051400001300000000000003556438308000238.70  
2014051400001300000000000003556438312000069.80  
2014051400001300000000000003556438999002577.93  
2014051400001300000000000003588892074000290.52  
2014051400001300000000000003588892204001452.60  
2014051400001300000000000003588892302001452.60  
2014051400001300000000000003588892304000248.39  
2014051400001300000000000003588892306000072.63  
2014051400001300000000000003588892308000248.39  
2014051400001300000000000003588892312000072.63  
2014051400001300000000000003588892999000525.48  
2014051400001300000000000003588892999000393.32  
2014051400001300000000000003590483074000236.30  
2014051400001300000000000003590483204001181.52  
2014051400001300000000000003590483301001181.52  
2014051400001300000000000003590483303000202.04  
2014051400001300000000000003590483305000059.08  
2014051400001300000000000003590483307000202.04  
2014051400001300000000000003590483311000059.08  
2014051400001300000000000003590483999003085.28  
2014051400001300000000000003605581074000084.24  
2014051400001300000000000003605581204000421.20  
2014051400001300000000000003605581301000421.20  
2014051400001300000000000003605581303000072.03  
2014051400001300000000000003605581305000021.06  
2014051400001300000000000003605581307000072.03  
2014051400001300000000000003605581311000021.06  
2014051400001300000000000003605581999000861.00  
2014051400001300000000000003616627074000212.76  
2014051400001300000000000003616627204001063.80  
2014051400001300000000000003616627301001063.80  
2014051400001300000000000003616627303000181.91  
2014051400001300000000000003616627305000053.19  
2014051400001300000000000003616627307000181.91  
2014051400001300000000000003616627311000053.19  
2014051400001300000000000003616627999000047.45  
2014051400001300000000000003617322074000231.12  
2014051400001300000000000003617322204001155.60  
2014051400001300000000000003617322302001155.60  
2014051400001300000000000003617322304000197.61  
2014051400001300000000000003617322306000057.78  
2014051400001300000000000003617322308000197.61  
2014051400001300000000000003617322312000057.78  
2014051400001300000000000003617322999004600.85  
2014051400001300000000000003621269074000274.54  
2014051400001300000000000003621269204001372.68  
2014051400001300000000000003621269301001372.68  
2014051400001300000000000003621269303000234.73  
2014051400001300000000000003621269305000068.63  
2014051400001300000000000003621269307000234.73  
2014051400001300000000000003621269311000068.63  
2014051400001300000000000003621269999005737.77  
2014051400001300000000000003622065074000274.54  
2014051400001300000000000003622065204001372.68  
2014051400001300000000000003622065301001372.68  
2014051400001300000000000003622065303000234.73  
2014051400001300000000000003622065305000068.63  
2014051400001300000000000003622065307000234.73  
2014051400001300000000000003622065311000068.63  
2014051400001300000000000003622065999005614.60  
2014051400001300000000000003623123074000295.49  
2014051400001300000000000003623123204001477.44  
2014051400001300000000000003623123302001477.44  
2014051400001300000000000003623123304000252.64  
2014051400001300000000000003623123306000073.87  
2014051400001300000000000003623123308000252.64  
2014051400001300000000000003623123312000073.87  
2014051400001300000000000003623123999003518.62  
2014051400001300000000000003693620074000101.09  
2014051400001300000000000003693620204000505.44  
2014051400001300000000000003693620301000505.44  
2014051400001300000000000003693620303000086.43  
2014051400001300000000000003693620305000025.27  
2014051400001300000000000003693620307000086.43  
2014051400001300000000000003693620311000025.27  
2014051400001300000000000003693620999001007.42  
2014051400001300000000000003720522074000226.37  
2014051400001300000000000003720522204001131.84  
2014051400001300000000000003720522301001131.84  
2014051400001300000000000003720522303000193.54  
2014051400001300000000000003720522305000056.59  
2014051400001300000000000003720522307000193.54  
2014051400001300000000000003720522311000056.59  
2014051400001300000000000003720522999003109.65  
2014051400001300000000000003720627074000175.38  
2014051400001300000000000003720627204000876.90  
2014051400001300000000000003720627301000876.90  
2014051400001300000000000003720627303000149.95  
2014051400001300000000000003720627305000043.84  
2014051400001300000000000003720627307000149.95  
2014051400001300000000000003720627311000043.84  
2014051400001300000000000003720627999003885.41  
2014051400001300000000000003729038074000193.54  
2014051400001300000000000003729038204000967.68  
2014051400001300000000000003729038301000967.68  
2014051400001300000000000003729038303000165.47  
2014051400001300000000000003729038305000048.38  
2014051400001300000000000003729038307000165.47  
2014051400001300000000000003729038311000048.38  
2014051400001300000000000003729038999005303.09  
2014051400001300000000000003729580074000168.48  
2014051400001300000000000003729580204000842.40  
2014051400001300000000000003729580302000842.40  
2014051400001300000000000003729580304000144.05  
2014051400001300000000000003729580306000042.12  
2014051400001300000000000003729580308000144.05  
2014051400001300000000000003729580312000042.12  
2014051400001300000000000003729580999000453.36  
2014051400001300000000000003732124074000312.98  
2014051400001300000000000003732124204001564.92  
2014051400001300000000000003732124301001564.92  
2014051400001300000000000003732124303000267.60  
2014051400001300000000000003732124305000078.25  
2014051400001300000000000003732124307000267.60  
2014051400001300000000000003732124311000078.25  
2014051400001300000000000003732124999001086.76  
2014051400001300000000000003734545074000245.16  
2014051400001300000000000003734545204001225.80  
2014051400001300000000000003734545301001225.80  
2014051400001300000000000003734545303000209.61  
2014051400001300000000000003734545305000061.29  
2014051400001300000000000003734545307000209.61  
2014051400001300000000000003734545311000061.29  
2014051400001300000000000003734545999001028.46  
2014051400001300000000000003742365074000141.26  
2014051400001300000000000003742365204000706.32  
2014051400001300000000000003742365301000706.32  
2014051400001300000000000003742365303000120.78  
2014051400001300000000000003742365305000035.32  
2014051400001300000000000003742365307000120.78  
2014051400001300000000000003742365311000035.32  
2014051400001300000000000003742365999000478.51  
2014051400001300000000000003753027074000086.83  
2014051400001300000000000003753027204000434.16  
2014051400001300000000000003753027301000434.16  
2014051400001300000000000003753027303000074.24  
2014051400001300000000000003753027305000021.71  
2014051400001300000000000003753027307000074.24  
2014051400001300000000000003753027311000021.71  
2014051400001300000000000003753027999001408.65  
2014051400001300000000000003754990074000167.95  
2014051400001300000000000003754990204000839.75  
2014051400001300000000000003754990301000839.75  
2014051400001300000000000003754990303000143.60  
2014051400001300000000000003754990305000041.99  
2014051400001300000000000003754990307000143.60  
2014051400001300000000000003754990311000041.99  
2014051400001300000000000003754990999003062.23  
2014051400001300000000000003757088074000242.35  
2014051400001300000000000003757088204001211.76  
2014051400001300000000000003757088301001211.76  
2014051400001300000000000003757088303000207.21  
2014051400001300000000000003757088305000060.59  
2014051400001300000000000003757088307000207.21  
2014051400001300000000000003757088311000060.59  
2014051400001300000000000003757088999004261.94  
2014051400001300000000000003768663074000142.56  
2014051400001300000000000003768663204000092.66  
2014051400001300000000000003768663302000712.80  
2014051400001300000000000003768663304000121.89  
2014051400001300000000000003768663306000035.64  
2014051400001300000000000003768663308000121.89  
2014051400001300000000000003768663312000035.64  
2014051400001300000000000003768663999000502.70  
2014051400001300000000000003768862074000254.66  
2014051400001300000000000003768862204001273.32  
2014051400001300000000000003768862301001273.32  
2014051400001300000000000003768862303000217.74  
2014051400001300000000000003768862305000063.67  
2014051400001300000000000003768862307000217.74  
2014051400001300000000000003768862311000063.67  
2014051400001300000000000003768862999000903.68  
2014051400001300000000000003769744074000249.48  
2014051400001300000000000003769744204001247.40  
2014051400001300000000000003769744301001247.40  
2014051400001300000000000003769744303000213.31  
2014051400001300000000000003769744305000062.37  
2014051400001300000000000003769744307000213.31  
2014051400001300000000000003769744311000062.37  
2014051400001300000000000003769744999001213.26  
2014051400001300000000000003770831074000309.74  
2014051400001300000000000003770831204001548.72  
2014051400001300000000000003770831301001548.72  
2014051400001300000000000003770831303000264.83  
2014051400001300000000000003770831305000077.44  
2014051400001300000000000003770831307000264.83  
2014051400001300000000000003770831311000077.44  
2014051400001300000000000003770831999003488.09  
2014051400001300000000000003778798074000274.54  
2014051400001300000000000003778798204001372.68  
2014051400001300000000000003778798301001372.68  
2014051400001300000000000003778798303000234.73  
2014051400001300000000000003778798305000068.63  
2014051400001300000000000003778798307000234.73  
2014051400001300000000000003778798311000068.63  
2014051400001300000000000003778798999004394.20  
2014051400001300000000000003782731074000192.51  
2014051400001300000000000003782731204000962.56  
2014051400001300000000000003782731301000962.56  
2014051400001300000000000003782731303000164.60  
2014051400001300000000000003782731305000048.13  
2014051400001300000000000003782731307000164.60  
2014051400001300000000000003782731311000048.13  
2014051400001300000000000003782731999001128.66  
2014051400001300000000000003786262074000121.76  
2014051400001300000000000003786262204000608.82  
2014051400001300000000000003786262301000608.82  
2014051400001300000000000003786262303000104.11  
2014051400001300000000000003786262305000030.44  
2014051400001300000000000003786262307000104.11  
2014051400001300000000000003786262311000030.44  
2014051400001300000000000003786262999002663.66  
2014051400001300000000000003831838074000128.30  
2014051400001300000000000003831838204000641.52  
2014051400001300000000000003831838301000641.52  
2014051400001300000000000003831838303000109.70  
2014051400001300000000000003831838305000032.08  
2014051400001300000000000003831838307000109.70  
2014051400001300000000000003831838311000032.08  
2014051400001300000000000003831838999003300.17  
2014051400001300000000000004013122074000146.88  
2014051400001300000000000004013122204000734.40  
2014051400001300000000000004013122301000734.40  
2014051400001300000000000004013122303000125.58  
2014051400001300000000000004013122305000036.72  
2014051400001300000000000004013122307000125.58  
2014051400001300000000000004013122311000036.72  
2014051400001300000000000004013122999000363.36  
2014051400001300000000000004022515074000149.47  
2014051400001300000000000004022515204000747.36  
2014051400001300000000000004022515302000747.36  
2014051400001300000000000004022515304000127.80  
2014051400001300000000000004022515306000037.37  
2014051400001300000000000004022515308000127.80  
2014051400001300000000000004022515312000037.37  
2014051400001300000000000004022515999003788.90  
2014051400001300000000000004076151074000120.96  
2014051400001300000000000004076151204000604.80  
2014051400001300000000000004076151301000604.80  
2014051400001300000000000004076151303000103.42  
2014051400001300000000000004076151305000030.24  
2014051400001300000000000004076151307000103.42  
2014051400001300000000000004076151311000030.24  
2014051400001300000000000004076151999000591.93  
2014051400001300000000000004200223074000120.96  
2014051400001300000000000004200223204000604.79  
2014051400001300000000000004200223302000604.79  
2014051400001300000000000004200223304000103.42  
2014051400001300000000000004200223306000030.24  
2014051400001300000000000004200223308000103.42  
2014051400001300000000000004200223312000030.24  
2014051400001300000000000004200223999004428.45  
2014051400001300000000000004288952074000274.32  
2014051400001300000000000004288952204001371.60  
2014051400001300000000000004288952301001371.60  
2014051400001300000000000004288952303000234.54  
2014051400001300000000000004288952305000068.58  
2014051400001300000000000004288952307000234.54  
2014051400001300000000000004288952311000068.58  
2014051400001300000000000004288952999000007.16  
2014051400001300000000000004292985074000123.03  
2014051400001300000000000004292985204000615.14  
2014051400001300000000000004292985301000615.14  
2014051400001300000000000004292985303000105.19  
2014051400001300000000000004292985305000030.76  
2014051400001300000000000004292985307000105.19  
2014051400001300000000000004292985311000030.76  
2014051400001300000000000004292985999001321.36  
2014051400001300000000000004329789074000154.81  
2014051400001300000000000004329789204000774.05  
2014051400001300000000000004329789301000774.05  
2014051400001300000000000004329789303000132.36  
2014051400001300000000000004329789305000038.70  
2014051400001300000000000004329789307000132.36  
2014051400001300000000000004329789311000038.70  
2014051400001300000000000004329789999002510.16  
2014051400001300000000000004380103074000168.48  
2014051400001300000000000004380103204000842.40  
2014051400001300000000000004380103301000842.40  
2014051400001300000000000004380103303000144.05  
2014051400001300000000000004380103305000042.12  
2014051400001300000000000004380103307000144.05  
2014051400001300000000000004380103311000042.12  
2014051400001300000000000004380103999000224.68  
2014051400001300000000000004380103999001200.00  
2014051400001300000000000004410789074000142.30  
2014051400001300000000000004410789204000711.48  
2014051400001300000000000004410789301000711.48  
2014051400001300000000000004410789303000121.66  
2014051400001300000000000004410789305000035.57  
2014051400001300000000000004410789307000121.66  
2014051400001300000000000004410789311000035.57  
2014051400001300000000000004410789999002786.80  
2014051400001300000000000004414461074000206.50  
2014051400001300000000000004414461204001032.48  
2014051400001300000000000004414461301001032.48  
2014051400001300000000000004414461303000176.55  
2014051400001300000000000004414461305000051.62  
2014051400001300000000000004414461307000176.55  
2014051400001300000000000004414461311000051.62  
2014051400001300000000000004414461999001388.96  
2014051400001300000000000004414796074000263.52  
2014051400001300000000000004414796204001317.60  
2014051400001300000000000004414796301001317.60  
2014051400001300000000000004414796303000225.31  
2014051400001300000000000004414796305000065.88  
2014051400001300000000000004414796307000225.31  
2014051400001300000000000004414796311000065.88  
2014051400001300000000000004414796999001553.39  
2014051400001300000000000004415402074000128.97  
2014051400001300000000000004415402204000644.83  
2014051400001300000000000004415402301000644.83  
2014051400001300000000000004415402303000110.27  
2014051400001300000000000004415402305000032.24  
2014051400001300000000000004415402307000110.27  
2014051400001300000000000004415402311000032.24  
2014051400001300000000000004415402999002632.70  
2014051400001300000000000004418797074000249.48  
2014051400001300000000000004418797204001247.40  
2014051400001300000000000004418797302001247.40  
2014051400001300000000000004418797304000213.31  
2014051400001300000000000004418797306000062.37  
2014051400001300000000000004418797308000213.31  
2014051400001300000000000004418797312000062.37  
2014051400001300000000000004418797999000766.04  
2014051400001300000000000004420896074000183.60  
2014051400001300000000000004420896204000918.00  
2014051400001300000000000004420896301000918.00  
2014051400001300000000000004420896303000156.98  
2014051400001300000000000004420896305000045.90  
2014051400001300000000000004420896307000156.98  
2014051400001300000000000004420896311000045.90  
2014051400001300000000000004420896999001255.45  
2014051400001300000000000004424966074000249.48  
2014051400001300000000000004424966204001247.40  
2014051400001300000000000004424966301001247.40  
2014051400001300000000000004424966303000213.31  
2014051400001300000000000004424966305000062.37  
2014051400001300000000000004424966307000213.31  
2014051400001300000000000004424966311000062.37  
2014051400001300000000000004424966999001043.60  
2014051400001300000000000004433413074000245.16  
2014051400001300000000000004433413204001225.80  
2014051400001300000000000004433413301001225.80  
2014051400001300000000000004433413303000209.61  
2014051400001300000000000004433413305000061.29  
2014051400001300000000000004433413307000209.61  
2014051400001300000000000004433413311000061.29  
2014051400001300000000000004433413999000697.00  
2014051400001300000000000004450657074000183.60  
2014051400001300000000000004450657204000918.00  
2014051400001300000000000004450657301000918.00  
2014051400001300000000000004450657303000156.98  
2014051400001300000000000004450657305000045.90  
2014051400001300000000000004450657307000156.98  
2014051400001300000000000004450657311000045.90  
2014051400001300000000000004450657999001736.45  
2014051400001300000000000004461894074000141.26  
2014051400001300000000000004461894204000706.32  
2014051400001300000000000004461894301000706.32  
2014051400001300000000000004461894303000120.78  
2014051400001300000000000004461894305000035.32  
2014051400001300000000000004461894307000120.78  
2014051400001300000000000004461894311000035.32  
2014051400001300000000000004461894999002826.63  
2014051400001300000000000004467420074000206.06  
2014051400001300000000000004467420204001030.32  
2014051400001300000000000004467420301001030.32  
2014051400001300000000000004467420303000176.18  
2014051400001300000000000004467420305000051.52  
2014051400001300000000000004467420307000176.18  
2014051400001300000000000004467420311000051.52  
2014051400001300000000000004467420999005048.41  
2014051400001300000000000004467869074000187.92  
2014051400001300000000000004467869204000939.60  
2014051400001300000000000004467869301000939.60  
2014051400001300000000000004467869303000160.67  
2014051400001300000000000004467869305000046.98  
2014051400001300000000000004467869307000160.67  
2014051400001300000000000004467869311000046.98  
2014051400001300000000000004467869999000549.69  
2014051400001300000000000004470102074000187.92  
2014051400001300000000000004470102204000939.60  
2014051400001300000000000004470102301000939.60  
2014051400001300000000000004470102303000160.67  
2014051400001300000000000004470102305000046.98  
2014051400001300000000000004470102307000160.67  
2014051400001300000000000004470102311000046.98  
2014051400001300000000000004470102999000857.54  
2014051400001300000000000004502182074000116.64  
2014051400001300000000000004502182204000583.20  
2014051400001300000000000004502182301000583.20  
2014051400001300000000000004502182303000099.73  
2014051400001300000000000004502182305000029.16  
2014051400001300000000000004502182307000099.73  
2014051400001300000000000004502182311000029.16  
2014051400001300000000000004502182999000374.40  
2014051400001300000000000004510395074000120.96  
2014051400001300000000000004510395204000604.80  
2014051400001300000000000004510395301000604.80  
2014051400001300000000000004510395303000103.42  
2014051400001300000000000004510395305000030.24  
2014051400001300000000000004510395307000103.42  
2014051400001300000000000004510395311000030.24  
2014051400001300000000000004510395999003477.89  
2014051400001300000000000004526386074000116.64  
2014051400001300000000000004526386204000583.20  
2014051400001300000000000004526386302000583.20  
2014051400001300000000000004526386304000099.73  
2014051400001300000000000004526386306000029.16  
2014051400001300000000000004526386308000099.73  
2014051400001300000000000004526386312000029.16  
2014051400001300000000000004526386999000915.44  
2014051400001300000000000004538011074000088.56  
2014051400001300000000000004538011204000442.80  
2014051400001300000000000004538011302000442.80  
2014051400001300000000000004538011304000075.72  
2014051400001300000000000004538011306000022.14  
2014051400001300000000000004538011308000075.72  
2014051400001300000000000004538011312000022.14  
2014051400001300000000000004538011999002094.04  
2014051400001300000000000004539889074000168.48  
2014051400001300000000000004539889204000842.40  
2014051400001300000000000004539889301000842.40  
2014051400001300000000000004539889303000144.05  
2014051400001300000000000004539889305000042.12  
2014051400001300000000000004539889307000144.05  
2014051400001300000000000004539889311000042.12  
2014051400001300000000000004539889999000488.64  
2014051400001300000000000004702349074000116.16  
2014051400001300000000000004702349204000580.78  
2014051400001300000000000004702349301000580.78  
2014051400001300000000000004702349303000099.31  
2014051400001300000000000004702349305000029.04  
2014051400001300000000000004702349307000099.31  
2014051400001300000000000004702349311000029.04  
2014051400001300000000000004702349999002952.97  
2014051400001300000000000004800059074000125.81  
2014051400001300000000000004800059204000629.05  
2014051400001300000000000004800059302000629.05  
2014051400001300000000000004800059304000107.57  
2014051400001300000000000004800059306000031.45  
2014051400001300000000000004800059308000107.57  
2014051400001300000000000004800059312000031.45  
2014051400001300000000000004800059999002770.00  
2014051400001300000000000004870962074000075.60  
2014051400001300000000000004870962204000378.00  
2014051400001300000000000004870962302000378.00  
2014051400001300000000000004870962304000064.64  
2014051400001300000000000004870962306000018.90  
2014051400001300000000000004870962308000064.64  
2014051400001300000000000004870962312000018.90  
2014051400001300000000000004870962999001992.61  
2014051400001300000000000004884164074000168.48  
2014051400001300000000000004884164204000842.40  
2014051400001300000000000004884164302000842.40  
2014051400001300000000000004884164304000144.05  
2014051400001300000000000004884164306000042.12  
2014051400001300000000000004884164308000144.05  
2014051400001300000000000004884164312000042.12  
2014051400001300000000000004884164999001226.53  
2014051400001300000000000004886972074000075.60  
2014051400001300000000000004886972204000378.00  
2014051400001300000000000004886972302000378.00  
2014051400001300000000000004886972304000064.64  
2014051400001300000000000004886972306000018.90  
2014051400001300000000000004886972308000064.64  
2014051400001300000000000004886972312000018.90  
2014051400001300000000000004886972999001074.45  
2014051400001300000000000004897781074000102.33  
2014051400001300000000000004897781204000511.65  
2014051400001300000000000004897781301000511.65  
2014051400001300000000000004897781303000087.49  
2014051400001300000000000004897781305000025.58  
2014051400001300000000000004897781307000087.49  
2014051400001300000000000004897781311000025.58  
2014051400001300000000000004897781999000856.01  
2014051400001300000000000004901227074000290.52  
2014051400001300000000000004901227204001452.60  
2014051400001300000000000004901227301001452.60  
2014051400001300000000000004901227303000248.39  
2014051400001300000000000004901227305000072.63  
2014051400001300000000000004901227307000248.39  
2014051400001300000000000004901227311000072.63  
2014051400001300000000000004901227999000029.76  
2014051400001300000000000005151886074000114.49  
2014051400001300000000000005151886204000572.44  
2014051400001300000000000005151886301000572.44  
2014051400001300000000000005151886303000097.89  
2014051400001300000000000005151886305000028.62  
2014051400001300000000000005151886307000097.89  
2014051400001300000000000005151886311000028.62  
2014051400001300000000000005151886999003241.94  
2014051400001300000000000005161700074000201.31  
2014051400001300000000000005161700204001006.56  
2014051400001300000000000005161700301001006.56  
2014051400001300000000000005161700303000172.12  
2014051400001300000000000005161700305000050.33  
2014051400001300000000000005161700307000172.12  
2014051400001300000000000005161700311000050.33  
2014051400001300000000000005161700999000595.34  
2014051400001300000000000005169964074000183.60  
2014051400001300000000000005169964204000918.00  
2014051400001300000000000005169964302000918.00  
2014051400001300000000000005169964304000156.98  
2014051400001300000000000005169964306000045.90  
2014051400001300000000000005169964308000156.98  
2014051400001300000000000005169964312000045.90  
2014051400001300000000000005169964999000957.50  
2014051400001300000000000005179460074000120.89  
2014051400001300000000000005179460204000604.47  
2014051400001300000000000005179460302000604.47  
2014051400001300000000000005179460304000103.36  
2014051400001300000000000005179460306000030.22  
2014051400001300000000000005179460308000103.36  
2014051400001300000000000005179460312000030.22  
2014051400001300000000000005179460999004467.73  
2014051400001300000000000005193215074000136.08  
2014051400001300000000000005193215204000680.40  
2014051400001300000000000005193215301000680.40  
2014051400001300000000000005193215303000116.35  
2014051400001300000000000005193215305000034.02  
2014051400001300000000000005193215307000116.35  
2014051400001300000000000005193215311000034.02  
2014051400001300000000000005193215999001571.79  
2014051400001300000000000005198940074000454.32  
2014051400001300000000000005198940204002271.60  
2014051400001300000000000005198940301002271.60  
2014051400001300000000000005198940303000388.44  
2014051400001300000000000005198940305000113.58  
2014051400001300000000000005198940307000388.44  
2014051400001300000000000005198940311000113.58  
2014051400001300000000000005198940999005433.28  
2014051400001300000000000005213524074000263.52  
2014051400001300000000000005213524204001317.60  
2014051400001300000000000005213524302001317.60  
2014051400001300000000000005213524304000225.31  
2014051400001300000000000005213524306000065.88  
2014051400001300000000000005213524308000225.31  
2014051400001300000000000005213524312000065.88  
2014051400001300000000000005213524999000387.50  
2014051400001300000000000005213524999006610.14  
2014051400001300000000000005225966074000146.88  
2014051400001300000000000005225966204000734.40  
2014051400001300000000000005225966301000734.40  
2014051400001300000000000005225966303000125.58  
2014051400001300000000000005225966305000036.72  
2014051400001300000000000005225966307000125.58  
2014051400001300000000000005225966311000036.72  
2014051400001300000000000005225966999000467.04  
2014051400001300000000000005241984074000156.82  
2014051400001300000000000005241984204000784.08  
2014051400001300000000000005241984301000784.08  
2014051400001300000000000005241984303000134.08  
2014051400001300000000000005241984305000039.20  
2014051400001300000000000005241984307000134.08  
2014051400001300000000000005241984311000039.20  
2014051400001300000000000005241984999001237.30  
2014051400001300000000000005270248074000249.48  
2014051400001300000000000005270248204001247.40  
2014051400001300000000000005270248301001247.40  
2014051400001300000000000005270248303000213.31  
2014051400001300000000000005270248305000062.37  
2014051400001300000000000005270248307000213.31  
2014051400001300000000000005270248311000062.37  
2014051400001300000000000005270248999000743.59  
2014051400001300000000000005291890074000175.39  
2014051400001300000000000005291890204000876.96  
2014051400001300000000000005291890302000876.96  
2014051400001300000000000005291890304000149.96  
2014051400001300000000000005291890306000043.85  
2014051400001300000000000005291890308000149.96  
2014051400001300000000000005291890312000043.85  
2014051400001300000000000005291890999003840.04  
2014051400001300000000000005648577074000144.29  
2014051400001300000000000005648577204000721.44  
2014051400001300000000000005648577302000721.44  
2014051400001300000000000005648577304000123.37  
2014051400001300000000000005648577306000036.07  
2014051400001300000000000005648577308000123.37  
2014051400001300000000000005648577312000036.07  
2014051400001300000000000005648577999001969.93  
2014051400001300000000000005903134074000114.12  
2014051400001300000000000005903134204000570.60  
2014051400001300000000000005903134301000570.60  
2014051400001300000000000005903134303000097.57  
2014051400001300000000000005903134305000028.53  
2014051400001300000000000005903134307000097.57  
2014051400001300000000000005903134311000028.53  
2014051400001300000000000005903134999002535.80  
2014051400001300000000000005916650074000110.16  
2014051400001300000000000005916650204000550.80  
2014051400001300000000000005916650302000550.80  
2014051400001300000000000005916650304000094.19  
2014051400001300000000000005916650306000027.54  
2014051400001300000000000005916650308000094.19  
2014051400001300000000000005916650312000027.54  
2014051400001300000000000005916650999000342.84  
2014051400001300000000000005935309074000187.92  
2014051400001300000000000005935309204000939.60  
2014051400001300000000000005935309301000939.60  
2014051400001300000000000005935309303000160.67  
2014051400001300000000000005935309305000046.98  
2014051400001300000000000005935309307000160.67  
2014051400001300000000000005935309311000046.98  
2014051400001300000000000005935309999000087.50  
2014051400001300000000000006087482074000116.64  
2014051400001300000000000006087482204000583.20  
2014051400001300000000000006087482302000583.20  
2014051400001300000000000006087482304000099.73  
2014051400001300000000000006087482306000029.16  
2014051400001300000000000006087482308000099.73  
2014051400001300000000000006087482312000029.16  
2014051400001300000000000006087482999000318.44  
2014051400001300000000000006096339074000127.66  
2014051400001300000000000006096339204000638.31  
2014051400001300000000000006096339302000638.31  
2014051400001300000000000006096339304000109.15  
2014051400001300000000000006096339306000031.92  
2014051400001300000000000006096339308000109.15  
2014051400001300000000000006096339312000031.92  
2014051400001300000000000006096339999000673.05  
2014051400001300000000000006408031074000143.62  
2014051400001300000000000006408031204000718.09  
2014051400001300000000000006408031301000718.09  
2014051400001300000000000006408031303000122.79  
2014051400001300000000000006408031305000035.90  
2014051400001300000000000006408031307000122.79  
2014051400001300000000000006408031311000035.90  
2014051400001300000000000006408031999000082.38  
2014051400001300000000000006431024074000120.96  
2014051400001300000000000006431024204000604.80  
2014051400001300000000000006431024302000604.80  
2014051400001300000000000006431024304000103.42  
2014051400001300000000000006431024306000030.24  
2014051400001300000000000006431024308000103.42  
2014051400001300000000000006431024312000030.24  
2014051400001300000000000006431024999001110.25  
2014051400001300000000000006466668074000175.39  
2014051400001300000000000006466668204000876.96  
2014051400001300000000000006466668302000876.96  
2014051400001300000000000006466668304000149.96  
2014051400001300000000000006466668306000043.85  
2014051400001300000000000006466668308000149.96  
2014051400001300000000000006466668312000043.85  
2014051400001300000000000006466668999000527.30  
2014051400001300000000000006473021074000136.08  
2014051400001300000000000006473021204000680.40  
2014051400001300000000000006473021301000680.40  
2014051400001300000000000006473021303000116.35  
2014051400001300000000000006473021305000034.02  
2014051400001300000000000006473021307000116.35  
2014051400001300000000000006473021311000034.02  
2014051400001300000000000006473021999002513.46  
2014051400001300000000000007349314074000159.84  
2014051400001300000000000007349314204000799.20  
2014051400001300000000000007349314301000799.20  
2014051400001300000000000007349314305000039.96  
2014051400001300000000000007349314311000039.96  
2014051400001300000000000007349314999000063.30  
2014051400001300000000000007962862074000089.86  
2014051400001300000000000007962862204000449.28  
2014051400001300000000000007962862301000449.28  
2014051400001300000000000007962862303000076.83  
2014051400001300000000000007962862305000022.46  
2014051400001300000000000007962862307000076.83  
2014051400001300000000000007962862311000022.46  
2014051400001300000000000007962862999000344.10  
2014051400001300000000000008666780074000119.34  
2014051400001300000000000008666780204000596.71  
2014051400001300000000000008666780301000596.71  
2014051400001300000000000008666780303000102.04  
2014051400001300000000000008666780305000029.84  
2014051400001300000000000008666780307000102.04  
2014051400001300000000000008666780311000029.84  
2014051400001300000000000008666780999001044.15  
2014051400001300000000000008854526074000115.45  
2014051400001300000000000008854526204000577.23  
2014051400001300000000000008854526301000577.23  
2014051400001300000000000008854526303000098.71  
2014051400001300000000000008854526305000028.86  
2014051400001300000000000008854526307000098.71  
2014051400001300000000000008854526311000028.86  
2014051400001300000000000008854526999002517.58  
