20140514000013301010000008252004856.5800000000
20140514000013301010000008255003101.3400000000
20140514000013301010000008256091672.2800000000
20140514000013301010000008257001401.7400000000
20140514000013301010000008258190502.9800000000
20140514000013301010000008259011275.2000000000
20140514000013301010000008259045775.1100000000
20140514000013301010000008259125260.3400000000
20140514000013801010000008254000554.8500000000
20140514000013901010000008253002778.3000000000
20140514000013301010000000000000550.0000000000
20140514000013301010000008263000350.0000000000
20140514000013301010000008262004800.0000000000
20140514000013801010000008260001200.0000000000
20140514000013901010000008261007200.0000000000
20140514000013301010000008251002522.8800000000
20140514000013301010000008251005371.8300000000
20140514000013301010000008251030340.9500000000
20140514000013301010000008251101095.0500000000
20140514000013301010000000000019853.2400000000
20140514000013301010000000000036619.1800000000
20140514000013301010000000000076230.0000000000
20140514000013301010000000000178593.3900000000
20140514000013301010000000000752611.5200000000
