2014051400001300008000000002868172074000306.07  
2014051400001300008000000002868172204001530.36  
2014051400001300008000000002868172302001530.36  
2014051400001300008000000002868172304000261.69  
2014051400001300008000000002868172306000076.52  
2014051400001300008000000002868172308000261.69  
2014051400001300008000000002868172312000076.52  
2014051400001300008000000002868172999000038.88  
2014051400001300008000000002868172999002468.54  
2014051400001300009000000002868347074000300.02  
2014051400001300009000000002868347204001500.12  
2014051400001300009000000002868347301001500.12  
2014051400001300009000000002868347303000256.52  
2014051400001300009000000002868347305000075.01  
2014051400001300009000000002868347307000256.52  
2014051400001300009000000002868347311000075.01  
2014051400001300009000000002868347999003162.38  
2014051400001300010000000003137460074000319.90  
2014051400001300010000000003137460204001599.48  
2014051400001300010000000003137460301001599.48  
2014051400001300010000000003137460303000273.51  
2014051400001300010000000003137460305000079.97  
2014051400001300010000000003137460307000273.51  
2014051400001300010000000003137460311000079.97  
2014051400001300010000000003137460999008372.50  
2014051400001300011000000003025346074000290.52  
2014051400001300011000000003025346204001452.60  
2014051400001300011000000003025346302001452.60  
2014051400001300011000000003025346304000248.39  
2014051400001300011000000003025346306000072.63  
2014051400001300011000000003025346308000248.39  
2014051400001300011000000003025346312000072.63  
2014051400001300011000000003025346999000028.66  
2014051400001300012000000004901227074000290.52  
2014051400001300012000000004901227204001452.60  
2014051400001300012000000004901227301001452.60  
2014051400001300012000000004901227303000248.39  
2014051400001300012000000004901227305000072.63  
2014051400001300012000000004901227307000248.39  
2014051400001300012000000004901227311000072.63  
2014051400001300012000000004901227999000030.66  
2014051400001300013000000003137819074000312.98  
2014051400001300013000000003137819204001564.92  
2014051400001300013000000003137819301001564.92  
2014051400001300013000000003137819303000267.60  
2014051400001300013000000003137819305000078.25  
2014051400001300013000000003137819307000267.60  
2014051400001300013000000003137819311000078.25  
2014051400001300013000000003137819999001599.55  
2014051400001300015000000003588892074000290.52  
2014051400001300015000000003588892204001452.60  
2014051400001300015000000003588892302001452.60  
2014051400001300015000000003588892304000248.39  
2014051400001300015000000003588892306000072.63  
2014051400001300015000000003588892308000248.39  
2014051400001300015000000003588892312000072.63  
2014051400001300015000000003588892999000513.07  
2014051400001300016000000003732124074000312.98  
2014051400001300016000000003732124204001564.92  
2014051400001300016000000003732124301001564.92  
2014051400001300016000000003732124303000267.60  
2014051400001300016000000003732124305000078.25  
2014051400001300016000000003732124307000267.60  
2014051400001300016000000003732124311000078.25  
2014051400001300016000000003732124999001141.84  
2014051400001300018000000003004557074000292.46  
2014051400001300018000000003004557204001462.32  
2014051400001300018000000003004557301001462.32  
2014051400001300018000000003004557303000250.06  
2014051400001300018000000003004557305000073.12  
2014051400001300018000000003004557307000250.06  
2014051400001300018000000003004557311000073.12  
2014051400001300018000000003004557999000670.76  
2014051400001300019000000000568138074000313.20  
2014051400001300019000000000568138204001566.00  
2014051400001300019000000000568138301001566.00  
2014051400001300019000000000568138305000078.30  
2014051400001300019000000000568138311000078.30  
2014051400001300019000000000568138999002917.70  
2014051400001300020000000004288952074000274.32  
2014051400001300020000000004288952204001371.60  
2014051400001300020000000004288952301001371.60  
2014051400001300020000000004288952303000234.54  
2014051400001300020000000004288952305000068.58  
2014051400001300020000000004288952307000234.54  
2014051400001300020000000004288952311000068.58  
2014051400001300020000000004288952999000018.18  
2014051400001300021000000003623123074000295.49  
2014051400001300021000000003623123204001477.44  
2014051400001300021000000003623123302001477.44  
2014051400001300021000000003623123304000252.64  
2014051400001300021000000003623123306000073.87  
2014051400001300021000000003623123308000252.64  
2014051400001300021000000003623123312000073.87  
2014051400001300021000000003623123999003294.42  
2014051400001300022000000004414796074000263.52  
2014051400001300022000000004414796204001317.60  
2014051400001300022000000004414796301001317.60  
2014051400001300022000000004414796303000225.31  
2014051400001300022000000004414796305000065.88  
2014051400001300022000000004414796307000225.31  
2014051400001300022000000004414796311000065.88  
2014051400001300022000000004414796999001553.81  
2014051400001300023000000005213524074000263.52  
2014051400001300023000000005213524204001317.60  
2014051400001300023000000005213524302001317.60  
2014051400001300023000000005213524304000225.31  
2014051400001300023000000005213524306000065.88  
2014051400001300023000000005213524308000225.31  
2014051400001300023000000005213524312000065.88  
2014051400001300023000000005213524999000054.25  
2014051400001300023000000005213524999006596.14  
2014051400001300025000000003131710074000295.49  
2014051400001300025000000003131710204001477.44  
2014051400001300025000000003131710301001477.44  
2014051400001300025000000003131710303000252.64  
2014051400001300025000000003131710305000073.87  
2014051400001300025000000003131710307000252.64  
2014051400001300025000000003131710311000073.87  
2014051400001300025000000003131710999006642.80  
2014051400001300026000000001320627074000263.52  
2014051400001300026000000001320627204001317.60  
2014051400001300026000000001320627301001317.60  
2014051400001300026000000001320627303000225.31  
2014051400001300026000000001320627305000065.88  
2014051400001300026000000001320627307000225.31  
2014051400001300026000000001320627311000065.88  
2014051400001300026000000001320627999000864.20  
2014051400001300026000000001320627999000077.56  
2014051400001300027000000001384792074000263.52  
2014051400001300027000000001384792204001317.60  
2014051400001300027000000001384792302001317.60  
2014051400001300027000000001384792304000225.31  
2014051400001300027000000001384792306000065.88  
2014051400001300027000000001384792308000225.31  
2014051400001300027000000001384792312000065.88  
2014051400001300027000000001384792999001291.77  
2014051400001300028000000003099414074000303.70  
2014051400001300028000000003099414204001518.48  
2014051400001300028000000003099414302001518.48  
2014051400001300028000000003099414304000259.66  
2014051400001300028000000003099414306000075.92  
2014051400001300028000000003099414308000259.66  
2014051400001300028000000003099414312000075.92  
2014051400001300028000000003099414999004180.01  
2014051400001300029000000003770831074000309.74  
2014051400001300029000000003770831204001548.72  
2014051400001300029000000003770831301001548.72  
2014051400001300029000000003770831303000264.83  
2014051400001300029000000003770831305000077.44  
2014051400001300029000000003770831307000264.83  
2014051400001300029000000003770831311000077.44  
2014051400001300029000000003770831999003493.80  
2014051400001300030000000003769744074000249.48  
2014051400001300030000000003769744204001247.40  
2014051400001300030000000003769744301001247.40  
2014051400001300030000000003769744303000213.31  
2014051400001300030000000003769744305000062.37  
2014051400001300030000000003769744307000213.31  
2014051400001300030000000003769744311000062.37  
2014051400001300030000000003769744999001210.94  
2014051400001300031000000003622065074000274.54  
2014051400001300031000000003622065204001372.68  
2014051400001300031000000003622065301001372.68  
2014051400001300031000000003622065303000234.73  
2014051400001300031000000003622065305000068.63  
2014051400001300031000000003622065307000234.73  
2014051400001300031000000003622065311000068.63  
2014051400001300031000000003622065999005593.59  
2014051400001300032000000003768862074000254.66  
2014051400001300032000000003768862204001273.32  
2014051400001300032000000003768862301001273.32  
2014051400001300032000000003768862303000217.74  
2014051400001300032000000003768862305000063.67  
2014051400001300032000000003768862307000217.74  
2014051400001300032000000003768862311000063.67  
2014051400001300032000000003768862999000902.71  
2014051400001300034000000005270248074000249.48  
2014051400001300034000000005270248204001247.40  
2014051400001300034000000005270248301001247.40  
2014051400001300034000000005270248303000213.31  
2014051400001300034000000005270248305000062.37  
2014051400001300034000000005270248307000213.31  
2014051400001300034000000005270248311000062.37  
2014051400001300034000000005270248999000743.49  
2014051400001300035000000004433413074000245.16  
2014051400001300035000000004433413204001225.80  
2014051400001300035000000004433413301001225.80  
2014051400001300035000000004433413303000209.61  
2014051400001300035000000004433413305000061.29  
2014051400001300035000000004433413307000209.61  
2014051400001300035000000004433413311000061.29  
2014051400001300035000000004433413999000696.40  
2014051400001300036000000002890476074000245.16  
2014051400001300036000000002890476204001225.80  
2014051400001300036000000002890476301001225.80  
2014051400001300036000000002890476303000209.61  
2014051400001300036000000002890476305000061.29  
2014051400001300036000000002890476307000209.61  
2014051400001300036000000002890476311000061.29  
2014051400001300036000000002890476999000000.00  
2014051400001300037000000004418797074000249.48  
2014051400001300037000000004418797204001247.40  
2014051400001300037000000004418797302001247.40  
2014051400001300037000000004418797304000213.31  
2014051400001300037000000004418797306000062.37  
2014051400001300037000000004418797308000213.31  
2014051400001300037000000004418797312000062.37  
2014051400001300037000000004418797999000770.14  
2014051400001300038000000004424966074000249.48  
2014051400001300038000000004424966204001247.40  
2014051400001300038000000004424966301001247.40  
2014051400001300038000000004424966303000213.31  
2014051400001300038000000004424966305000062.37  
2014051400001300038000000004424966307000213.31  
2014051400001300038000000004424966311000062.37  
2014051400001300038000000004424966999000181.11  
2014051400001300038000000004424966999001042.52  
2014051400001300039000000003621269074000274.54  
2014051400001300039000000003621269204001372.68  
2014051400001300039000000003621269301001372.68  
2014051400001300039000000003621269303000234.73  
2014051400001300039000000003621269305000068.63  
2014051400001300039000000003621269307000234.73  
2014051400001300039000000003621269311000068.63  
2014051400001300039000000003621269999005846.69  
2014051400001300040000000003556438074000279.18  
2014051400001300040000000003556438204001395.90  
2014051400001300040000000003556438302001395.90  
2014051400001300040000000003556438304000238.70  
2014051400001300040000000003556438306000069.80  
2014051400001300040000000003556438308000238.70  
2014051400001300040000000003556438312000069.80  
2014051400001300040000000003556438999002490.13  
2014051400001300041000000002875093074000249.48  
2014051400001300041000000002875093204001247.40  
2014051400001300041000000002875093302001247.40  
2014051400001300041000000002875093304000213.31  
2014051400001300041000000002875093306000062.37  
2014051400001300041000000002875093308000213.31  
2014051400001300041000000002875093312000062.37  
2014051400001300041000000002875093999000583.36  
2014051400001300042000000003778798074000274.54  
2014051400001300042000000003778798204001372.68  
2014051400001300042000000003778798301001372.68  
2014051400001300042000000003778798303000234.73  
2014051400001300042000000003778798305000068.63  
2014051400001300042000000003778798307000234.73  
2014051400001300042000000003778798311000068.63  
2014051400001300042000000003778798999004383.91  
2014051400001300043000000002139897074000281.45  
2014051400001300043000000002139897204001407.24  
2014051400001300043000000002139897301001407.24  
2014051400001300043000000002139897303000240.64  
2014051400001300043000000002139897305000070.36  
2014051400001300043000000002139897307000240.64  
2014051400001300043000000002139897311000070.36  
2014051400001300043000000002139897999006273.84  
2014051400001300044000000000952134074000263.09  
2014051400001300044000000000952134204001315.44  
2014051400001300044000000000952134302001315.44  
2014051400001300044000000000952134304000224.94  
2014051400001300044000000000952134306000065.77  
2014051400001300044000000000952134308000224.94  
2014051400001300044000000000952134312000065.77  
2014051400001300044000000000952134999000943.87  
2014051400001300045000000003511659074000226.80  
2014051400001300045000000003511659204001134.00  
2014051400001300045000000003511659301001134.00  
2014051400001300045000000003511659303000193.91  
2014051400001300045000000003511659305000056.70  
2014051400001300045000000003511659307000193.91  
2014051400001300045000000003511659311000056.70  
2014051400001300045000000003511659999000198.85  
2014051400001300047000000003590483074000236.30  
2014051400001300047000000003590483204001181.52  
2014051400001300047000000003590483301001181.52  
2014051400001300047000000003590483303000202.04  
2014051400001300047000000003590483305000059.08  
2014051400001300047000000003590483307000202.04  
2014051400001300047000000003590483311000059.08  
2014051400001300047000000003590483999003058.84  
2014051400001300048000000003617322074000231.12  
2014051400001300048000000003617322204001155.60  
2014051400001300048000000003617322302001155.60  
2014051400001300048000000003617322304000197.61  
2014051400001300048000000003617322306000057.78  
2014051400001300048000000003617322308000197.61  
2014051400001300048000000003617322312000057.78  
2014051400001300048000000003617322999004647.53  
2014051400001300049000000000810986074000230.90  
2014051400001300049000000000810986204001154.52  
2014051400001300049000000000810986302001154.52  
2014051400001300049000000000810986304000197.42  
2014051400001300049000000000810986306000057.73  
2014051400001300049000000000810986308000197.42  
2014051400001300049000000000810986312000057.73  
2014051400001300049000000000810986999000245.02  
2014051400001300050000000002406485074000217.94  
2014051400001300050000000002406485204001089.72  
2014051400001300050000000002406485301001089.72  
2014051400001300050000000002406485303000186.34  
2014051400001300050000000002406485305000054.49  
2014051400001300050000000002406485307000186.34  
2014051400001300050000000002406485311000054.49  
2014051400001300050000000002406485999001167.17  
2014051400001300051000000001932618074000230.90  
2014051400001300051000000001932618204001154.52  
2014051400001300051000000001932618301001154.52  
2014051400001300051000000001932618303000197.42  
2014051400001300051000000001932618305000057.73  
2014051400001300051000000001932618307000197.42  
2014051400001300051000000001932618311000057.73  
2014051400001300051000000001932618999004478.32  
2014051400001300052000000003616627074000212.76  
2014051400001300052000000003616627204001063.80  
2014051400001300052000000003616627301001063.80  
2014051400001300052000000003616627303000181.91  
2014051400001300052000000003616627305000053.19  
2014051400001300052000000003616627307000181.91  
2014051400001300052000000003616627311000053.19  
2014051400001300052000000003616627999000139.42  
2014051400001300053000000004470102074000187.92  
2014051400001300053000000004470102204000939.60  
2014051400001300053000000004470102301000939.60  
2014051400001300053000000004470102303000160.67  
2014051400001300053000000004470102305000046.98  
2014051400001300053000000004470102307000160.67  
2014051400001300053000000004470102311000046.98  
2014051400001300053000000004470102999000523.24  
2014051400001300054000000003081251074000212.98  
2014051400001300054000000003081251204001064.88  
2014051400001300054000000003081251301001064.88  
2014051400001300054000000003081251303000182.09  
2014051400001300054000000003081251305000053.24  
2014051400001300054000000003081251307000182.09  
2014051400001300054000000003081251311000053.24  
2014051400001300054000000003081251999002992.59  
2014051400001300055000000003314456074000193.10  
2014051400001300055000000003314456204000965.52  
2014051400001300055000000003314456301000965.52  
2014051400001300055000000003314456303000165.10  
2014051400001300055000000003314456305000048.28  
2014051400001300055000000003314456307000165.10  
2014051400001300055000000003314456311000048.28  
2014051400001300055000000003314456999001484.95  
2014051400001300056000000005169964074000183.60  
2014051400001300056000000005169964204000918.00  
2014051400001300056000000005169964302000918.00  
2014051400001300056000000005169964304000156.98  
2014051400001300056000000005169964306000045.90  
2014051400001300056000000005169964308000156.98  
2014051400001300056000000005169964312000045.90  
2014051400001300056000000005169964999000669.15  
2014051400001300057000000003012804074000187.92  
2014051400001300057000000003012804204000939.60  
2014051400001300057000000003012804302000939.60  
2014051400001300057000000003012804304000160.67  
2014051400001300057000000003012804306000046.98  
2014051400001300057000000003012804308000160.67  
2014051400001300057000000003012804312000046.98  
2014051400001300057000000003012804999002233.11  
2014051400001300058000000004450657074000183.60  
2014051400001300058000000004450657204000918.00  
2014051400001300058000000004450657301000918.00  
2014051400001300058000000004450657303000156.98  
2014051400001300058000000004450657305000045.90  
2014051400001300058000000004450657307000156.98  
2014051400001300058000000004450657311000045.90  
2014051400001300058000000004450657999001313.50  
2014051400001300059000000000936305074000212.98  
2014051400001300059000000000936305204001064.88  
2014051400001300059000000000936305301001064.88  
2014051400001300059000000000936305303000182.09  
2014051400001300059000000000936305305000053.24  
2014051400001300059000000000936305307000182.09  
2014051400001300059000000000936305311000053.24  
2014051400001300059000000000936305999003095.32  
2014051400001300060000000004420896074000183.60  
2014051400001300060000000004420896204000918.00  
2014051400001300060000000004420896301000918.00  
2014051400001300060000000004420896303000156.98  
2014051400001300060000000004420896305000045.90  
2014051400001300060000000004420896307000156.98  
2014051400001300060000000004420896311000045.90  
2014051400001300060000000004420896999001216.70  
2014051400001300061000000003518117074000193.10  
2014051400001300061000000003518117204000965.52  
2014051400001300061000000003518117301000965.52  
2014051400001300061000000003518117303000165.10  
2014051400001300061000000003518117305000048.28  
2014051400001300061000000003518117307000165.10  
2014051400001300061000000003518117311000048.28  
2014051400001300061000000003518117999003866.76  
2014051400001300062000000004467869074000187.92  
2014051400001300062000000004467869204000939.60  
2014051400001300062000000004467869301000939.60  
2014051400001300062000000004467869303000160.67  
2014051400001300062000000004467869305000046.98  
2014051400001300062000000004467869307000160.67  
2014051400001300062000000004467869311000046.98  
2014051400001300062000000004467869999000507.24  
2014051400001300063000000005935309074000187.92  
2014051400001300063000000005935309204000939.60  
2014051400001300063000000005935309301000939.60  
2014051400001300063000000005935309303000160.67  
2014051400001300063000000005935309305000046.98  
2014051400001300063000000005935309307000160.67  
2014051400001300063000000005935309311000046.98  
2014051400001300063000000005935309999000051.55  
2014051400001300064000000004467420074000206.06  
2014051400001300064000000004467420204001030.32  
2014051400001300064000000004467420301001030.32  
2014051400001300064000000004467420303000176.18  
2014051400001300064000000004467420305000051.52  
2014051400001300064000000004467420307000176.18  
2014051400001300064000000004467420311000051.52  
2014051400001300064000000004467420999004879.08  
2014051400001300065000000004414461074000206.50  
2014051400001300065000000004414461204001032.48  
2014051400001300065000000004414461301001032.48  
2014051400001300065000000004414461303000176.55  
2014051400001300065000000004414461305000051.62  
2014051400001300065000000004414461307000176.55  
2014051400001300065000000004414461311000051.62  
2014051400001300065000000004414461999001384.16  
2014051400001300066000000005161700074000201.31  
2014051400001300066000000005161700204001006.56  
2014051400001300066000000005161700301001006.56  
2014051400001300066000000005161700303000172.12  
2014051400001300066000000005161700305000050.33  
2014051400001300066000000005161700307000172.12  
2014051400001300066000000005161700311000050.33  
2014051400001300066000000005161700999001689.74  
2014051400001300067000000004539889074000168.48  
2014051400001300067000000004539889204000842.40  
2014051400001300067000000004539889301000842.40  
2014051400001300067000000004539889303000144.05  
2014051400001300067000000004539889305000042.12  
2014051400001300067000000004539889307000144.05  
2014051400001300067000000004539889311000042.12  
2014051400001300067000000004539889999000488.64  
2014051400001300068000000004884164074000168.48  
2014051400001300068000000004884164204000842.40  
2014051400001300068000000004884164302000842.40  
2014051400001300068000000004884164304000144.05  
2014051400001300068000000004884164306000042.12  
2014051400001300068000000004884164308000144.05  
2014051400001300068000000004884164312000042.12  
2014051400001300068000000004884164999001221.84  
2014051400001300069000000003459316074000168.48  
2014051400001300069000000003459316204000842.40  
2014051400001300069000000003459316302000842.40  
2014051400001300069000000003459316304000144.05  
2014051400001300069000000003459316306000042.12  
2014051400001300069000000003459316308000144.05  
2014051400001300069000000003459316312000042.12  
2014051400001300069000000003459316999000514.84  
2014051400001300070000000003729038074000193.54  
2014051400001300070000000003729038204000967.68  
2014051400001300070000000003729038301000967.68  
2014051400001300070000000003729038303000165.47  
2014051400001300070000000003729038305000048.38  
2014051400001300070000000003729038307000165.47  
2014051400001300070000000003729038311000048.38  
2014051400001300070000000003729038999005252.01  
2014051400001300071000000003720522074000226.37  
2014051400001300071000000003720522204001131.84  
2014051400001300071000000003720522301001131.84  
2014051400001300071000000003720522303000193.54  
2014051400001300071000000003720522305000056.59  
2014051400001300071000000003720522307000193.54  
2014051400001300071000000003720522311000056.59  
2014051400001300071000000003720522999003106.74  
2014051400001300072000000004380103074000168.48  
2014051400001300072000000004380103204000842.40  
2014051400001300072000000004380103301000842.40  
2014051400001300072000000004380103303000144.05  
2014051400001300072000000004380103305000042.12  
2014051400001300072000000004380103307000144.05  
2014051400001300072000000004380103311000042.12  
2014051400001300072000000004380103999000260.95  
2014051400001300072000000004380103999001282.08  
2014051400001300073000000003729580074000168.48  
2014051400001300073000000003729580204000842.40  
2014051400001300073000000003729580302000842.40  
2014051400001300073000000003729580304000144.05  
2014051400001300073000000003729580306000042.12  
2014051400001300073000000003729580308000144.05  
2014051400001300073000000003729580312000042.12  
2014051400001300073000000003729580999000454.56  
2014051400001300074000000005291890074000175.39  
2014051400001300074000000005291890204000876.96  
2014051400001300074000000005291890302000876.96  
2014051400001300074000000005291890304000149.96  
2014051400001300074000000005291890306000043.85  
2014051400001300074000000005291890308000149.96  
2014051400001300074000000005291890312000043.85  
2014051400001300074000000005291890999003831.85  
2014051400001300075000000004013122074000146.88  
2014051400001300075000000004013122204000734.40  
2014051400001300075000000004013122301000734.40  
2014051400001300075000000004013122303000125.58  
2014051400001300075000000004013122305000036.72  
2014051400001300075000000004013122307000125.58  
2014051400001300075000000004013122311000036.72  
2014051400001300075000000004013122999000434.64  
2014051400001300076000000006466668074000175.39  
2014051400001300076000000006466668204000876.96  
2014051400001300076000000006466668302000876.96  
2014051400001300076000000006466668304000149.96  
2014051400001300076000000006466668306000043.85  
2014051400001300076000000006466668308000149.96  
2014051400001300076000000006466668312000043.85  
2014051400001300076000000006466668999000527.30  
2014051400001300077000000000685134074000146.88  
2014051400001300077000000000685134204000734.40  
2014051400001300077000000000685134301000734.40  
2014051400001300077000000000685134303000125.58  
2014051400001300077000000000685134305000036.72  
2014051400001300077000000000685134307000125.58  
2014051400001300077000000000685134311000036.72  
2014051400001300077000000000685134999000113.58  
2014051400001300078000000005241984074000156.82  
2014051400001300078000000005241984204000784.08  
2014051400001300078000000005241984301000784.08  
2014051400001300078000000005241984303000134.08  
2014051400001300078000000005241984305000039.20  
2014051400001300078000000005241984307000134.08  
2014051400001300078000000005241984311000039.20  
2014051400001300078000000005241984999001176.43  
2014051400001300079000000005225966074000146.88  
2014051400001300079000000005225966204000734.40  
2014051400001300079000000005225966301000734.40  
2014051400001300079000000005225966303000125.58  
2014051400001300079000000005225966305000036.72  
2014051400001300079000000005225966307000125.58  
2014051400001300079000000005225966311000036.72  
2014051400001300079000000005225966999000569.14  
2014051400001300080000000003768663074000142.56  
2014051400001300080000000003768663204000712.80  
2014051400001300080000000003768663302000712.80  
2014051400001300080000000003768663304000121.89  
2014051400001300080000000003768663306000035.64  
2014051400001300080000000003768663308000121.89  
2014051400001300080000000003768663312000035.64  
2014051400001300080000000003768663999000680.88  
2014051400001300081000000006408031074000144.94  
2014051400001300081000000006408031204000724.68  
2014051400001300081000000006408031301000724.68  
2014051400001300081000000006408031303000123.92  
2014051400001300081000000006408031305000036.23  
2014051400001300081000000006408031307000123.92  
2014051400001300081000000006408031311000036.23  
2014051400001300081000000006408031999000081.88  
2014051400001300082000000002899775074000136.08  
2014051400001300082000000002899775204000680.40  
2014051400001300082000000002899775301000680.40  
2014051400001300082000000002899775303000116.35  
2014051400001300082000000002899775305000034.02  
2014051400001300082000000002899775307000116.35  
2014051400001300082000000002899775311000034.02  
2014051400001300082000000002899775999001896.63  
2014051400001300083000000001930623074000136.08  
2014051400001300083000000001930623204000680.40  
2014051400001300083000000001930623302000680.40  
2014051400001300083000000001930623304000116.35  
2014051400001300083000000001930623306000034.02  
2014051400001300083000000001930623308000116.35  
2014051400001300083000000001930623312000034.02  
2014051400001300083000000001930623999000526.84  
2014051400001300084000000002879279074000161.14  
2014051400001300084000000002879279204000805.68  
2014051400001300084000000002879279302000805.68  
2014051400001300084000000002879279304000137.77  
2014051400001300084000000002879279306000040.28  
2014051400001300084000000002879279308000137.77  
2014051400001300084000000002879279312000040.28  
2014051400001300084000000002879279999000711.90  
2014051400001300085000000006473021074000136.08  
2014051400001300085000000006473021204000680.40  
2014051400001300085000000006473021301000680.40  
2014051400001300085000000006473021303000116.35  
2014051400001300085000000006473021305000034.02  
2014051400001300085000000006473021307000116.35  
2014051400001300085000000006473021311000034.02  
2014051400001300085000000006473021999002477.94  
2014051400001300086000000004461894074000141.26  
2014051400001300086000000004461894204000706.32  
2014051400001300086000000004461894301000706.32  
2014051400001300086000000004461894303000120.78  
2014051400001300086000000004461894305000035.32  
2014051400001300086000000004461894307000120.78  
2014051400001300086000000004461894311000035.32  
2014051400001300086000000004461894999002812.07  
2014051400001300087000000005193215074000136.08  
2014051400001300087000000005193215204000680.40  
2014051400001300087000000005193215301000680.40  
2014051400001300087000000005193215303000116.35  
2014051400001300087000000005193215305000034.02  
2014051400001300087000000005193215307000116.35  
2014051400001300087000000005193215311000034.02  
2014051400001300087000000005193215999001561.98  
2014051400001300088000000003742365074000141.26  
2014051400001300088000000003742365204000706.32  
2014051400001300088000000003742365301000706.32  
2014051400001300088000000003742365303000120.78  
2014051400001300088000000003742365305000035.32  
2014051400001300088000000003742365307000120.78  
2014051400001300088000000003742365311000035.32  
2014051400001300088000000003742365999000459.21  
2014051400001300089000000004526386074000116.64  
2014051400001300089000000004526386204000583.20  
2014051400001300089000000004526386302000583.20  
2014051400001300089000000004526386304000099.73  
2014051400001300089000000004526386306000029.16  
2014051400001300089000000004526386308000099.73  
2014051400001300089000000004526386312000029.16  
2014051400001300089000000004526386999002216.67  
2014051400001300090000000004510395074000120.96  
2014051400001300090000000004510395204000604.80  
2014051400001300090000000004510395301000604.80  
2014051400001300090000000004510395303000103.42  
2014051400001300090000000004510395305000030.24  
2014051400001300090000000004510395307000103.42  
2014051400001300090000000004510395311000030.24  
2014051400001300090000000004510395999003449.89  
2014051400001300091000000004076151074000120.96  
2014051400001300091000000004076151204000604.80  
2014051400001300091000000004076151301000604.80  
2014051400001300091000000004076151303000103.42  
2014051400001300091000000004076151305000030.24  
2014051400001300091000000004076151307000103.42  
2014051400001300091000000004076151311000030.24  
2014051400001300091000000004076151999002741.39  
2014051400001300092000000002914344074000185.00  
2014051400001300092000000002914344204000925.02  
2014051400001300092000000002914344301000925.02  
2014051400001300092000000002914344303000158.18  
2014051400001300092000000002914344305000046.25  
2014051400001300092000000002914344307000158.18  
2014051400001300092000000002914344311000046.25  
2014051400001300092000000002914344999001587.45  
2014051400001300093000000003078110074000178.97  
2014051400001300093000000003078110204000894.83  
2014051400001300093000000003078110301000894.83  
2014051400001300093000000003078110303000153.02  
2014051400001300093000000003078110305000044.74  
2014051400001300093000000003078110307000153.02  
2014051400001300093000000003078110311000044.74  
2014051400001300093000000003078110999003123.07  
2014051400001300094000000006087482074000116.64  
2014051400001300094000000006087482204000583.20  
2014051400001300094000000006087482302000583.20  
2014051400001300094000000006087482304000099.73  
2014051400001300094000000006087482306000029.16  
2014051400001300094000000006087482308000099.73  
2014051400001300094000000006087482312000029.16  
2014051400001300094000000006087482999000322.16  
2014051400001300095000000006431024074000120.96  
2014051400001300095000000006431024204000604.80  
2014051400001300095000000006431024302000604.80  
2014051400001300095000000006431024304000103.42  
2014051400001300095000000006431024306000030.24  
2014051400001300095000000006431024308000103.42  
2014051400001300095000000006431024312000030.24  
2014051400001300095000000006431024999001111.96  
2014051400001300096000000003099304074000144.29  
2014051400001300096000000003099304204000721.44  
2014051400001300096000000003099304301000721.44  
2014051400001300096000000003099304303000123.37  
2014051400001300096000000003099304305000036.07  
2014051400001300096000000003099304307000123.37  
2014051400001300096000000003099304311000036.07  
2014051400001300096000000003099304999000475.31  
2014051400001300097000000004502182074000116.64  
2014051400001300097000000004502182204000583.20  
2014051400001300097000000004502182301000583.20  
2014051400001300097000000004502182303000099.73  
2014051400001300097000000004502182305000029.16  
2014051400001300097000000004502182307000099.73  
2014051400001300097000000004502182311000029.16  
2014051400001300097000000004502182999000374.80  
2014051400001300098000000004022515074000149.47  
2014051400001300098000000004022515204000747.36  
2014051400001300098000000004022515302000747.36  
2014051400001300098000000004022515304000127.80  
2014051400001300098000000004022515306000037.37  
2014051400001300098000000004022515308000127.80  
2014051400001300098000000004022515312000037.37  
2014051400001300098000000004022515999003769.64  
2014051400001300099000000005648577074000144.29  
2014051400001300099000000005648577204000721.44  
2014051400001300099000000005648577302000721.44  
2014051400001300099000000005648577304000123.37  
2014051400001300099000000005648577306000036.07  
2014051400001300099000000005648577308000123.37  
2014051400001300099000000005648577312000036.07  
2014051400001300099000000005648577999001968.13  
2014051400001300100000000007349314074000159.84  
2014051400001300100000000007349314204000799.20  
2014051400001300100000000007349314301000799.20  
2014051400001300100000000007349314305000039.96  
2014051400001300100000000007349314311000039.96  
2014051400001300100000000007349314999000039.80  
2014051400001300101000000001370502074000176.58  
2014051400001300101000000001370502204000882.91  
2014051400001300101000000001370502301000882.91  
2014051400001300101000000001370502303000150.98  
2014051400001300101000000001370502305000044.15  
2014051400001300101000000001370502307000150.98  
2014051400001300101000000001370502311000044.15  
2014051400001300101000000001370502999003881.36  
2014051400001300102000000002692604074000161.47  
2014051400001300102000000002692604204000807.34  
2014051400001300102000000002692604301000807.34  
2014051400001300102000000002692604303000138.05  
2014051400001300102000000002692604305000040.37  
2014051400001300102000000002692604307000138.05  
2014051400001300102000000002692604311000040.37  
2014051400001300102000000002692604999004767.71  
2014051400001300103000000000959934074000149.04  
2014051400001300103000000000959934204000745.20  
2014051400001300103000000000959934302000745.20  
2014051400001300103000000000959934304000127.43  
2014051400001300103000000000959934306000037.26  
2014051400001300103000000000959934308000127.43  
2014051400001300103000000000959934312000037.26  
2014051400001300103000000000959934999001273.70  
2014051400001300104000000001760686074000149.47  
2014051400001300104000000001760686204000747.36  
2014051400001300104000000001760686301000747.36  
2014051400001300104000000001760686303000127.80  
2014051400001300104000000001760686305000037.37  
2014051400001300104000000001760686307000127.80  
2014051400001300104000000001760686311000037.37  
2014051400001300104000000001760686999002281.62  
2014051400001300105000000000803131074000149.04  
2014051400001300105000000000803131204000745.20  
2014051400001300105000000000803131302000745.20  
2014051400001300105000000000803131304000127.43  
2014051400001300105000000000803131306000037.26  
2014051400001300105000000000803131308000127.43  
2014051400001300105000000000803131312000037.26  
2014051400001300105000000000803131999000993.82  
2014051400001300106000000002045701074000149.04  
2014051400001300106000000002045701204000745.20  
2014051400001300106000000002045701301000745.20  
2014051400001300106000000002045701303000127.43  
2014051400001300106000000002045701305000037.26  
2014051400001300106000000002045701307000127.43  
2014051400001300106000000002045701311000037.26  
2014051400001300106000000002045701999001240.51  
2014051400001300107000000003831838074000128.30  
2014051400001300107000000003831838204000641.52  
2014051400001300107000000003831838301000641.52  
2014051400001300107000000003831838303000109.70  
2014051400001300107000000003831838305000032.08  
2014051400001300107000000003831838307000109.70  
2014051400001300107000000003831838311000032.08  
2014051400001300107000000003831838999003269.48  
2014051400001300108000000000855279074000149.04  
2014051400001300108000000000855279204000745.20  
2014051400001300108000000000855279301000745.20  
2014051400001300108000000000855279303000127.43  
2014051400001300108000000000855279305000037.26  
2014051400001300108000000000855279307000127.43  
2014051400001300108000000000855279311000037.26  
2014051400001300108000000000855279999003485.99  
2014051400001300109000000003782731074000187.55  
2014051400001300109000000003782731204000937.76  
2014051400001300109000000003782731301000937.76  
2014051400001300109000000003782731303000160.36  
2014051400001300109000000003782731305000046.89  
2014051400001300109000000003782731307000160.36  
2014051400001300109000000003782731311000046.89  
2014051400001300109000000003782731999001128.14  
2014051400001300110000000003720627074000180.34  
2014051400001300110000000003720627204000901.70  
2014051400001300110000000003720627301000901.70  
2014051400001300110000000003720627303000154.19  
2014051400001300110000000003720627305000045.09  
2014051400001300110000000003720627307000154.19  
2014051400001300110000000003720627311000045.09  
2014051400001300110000000003720627999004334.42  
2014051400001300111000000002894101074000135.22  
2014051400001300111000000002894101204000676.08  
2014051400001300111000000002894101301000676.08  
2014051400001300111000000002894101303000115.61  
2014051400001300111000000002894101305000033.80  
2014051400001300111000000002894101307000115.61  
2014051400001300111000000002894101311000033.80  
2014051400001300111000000002894101999004726.16  
2014051400001300112000000001714032074000157.86  
2014051400001300112000000001714032204000789.30  
2014051400001300112000000001714032301000789.30  
2014051400001300112000000001714032303000134.97  
2014051400001300112000000001714032305000039.47  
2014051400001300112000000001714032307000134.97  
2014051400001300112000000001714032311000039.47  
2014051400001300112000000001714032999001160.09  
2014051400001300113000000005916650074000110.16  
2014051400001300113000000005916650204000550.80  
2014051400001300113000000005916650302000550.80  
2014051400001300113000000005916650304000094.19  
2014051400001300113000000005916650306000027.54  
2014051400001300113000000005916650308000094.19  
2014051400001300113000000005916650312000027.54  
2014051400001300113000000005916650999000342.84  
2014051400001300114000000000960278074000128.30  
2014051400001300114000000000960278204000641.52  
2014051400001300114000000000960278301000641.52  
2014051400001300114000000000960278303000109.70  
2014051400001300114000000000960278305000032.08  
2014051400001300114000000000960278307000109.70  
2014051400001300114000000000960278311000032.08  
2014051400001300114000000000960278999001782.64  
2014051400001300115000000004329789074000157.19  
2014051400001300115000000004329789204000785.96  
2014051400001300115000000004329789301000785.96  
2014051400001300115000000004329789303000134.40  
2014051400001300115000000004329789305000039.30  
2014051400001300115000000004329789307000134.40  
2014051400001300115000000004329789311000039.30  
2014051400001300115000000004329789999002503.92  
2014051400001300116000000003504972074000154.57  
2014051400001300116000000003504972204000772.86  
2014051400001300116000000003504972301000772.86  
2014051400001300116000000003504972303000132.16  
2014051400001300116000000003504972305000038.64  
2014051400001300116000000003504972307000132.16  
2014051400001300116000000003504972311000038.64  
2014051400001300116000000003504972999001385.13  
2014051400001300117000000003754990074000170.49  
2014051400001300117000000003754990204000852.46  
2014051400001300117000000003754990301000852.46  
2014051400001300117000000003754990303000145.77  
2014051400001300117000000003754990305000042.62  
2014051400001300117000000003754990307000145.77  
2014051400001300117000000003754990311000042.62  
2014051400001300117000000003754990999003066.11  
2014051400001300118000000003482063074000168.43  
2014051400001300118000000003482063204000842.15  
2014051400001300118000000003482063301000842.15  
2014051400001300118000000003482063303000144.01  
2014051400001300118000000003482063305000042.11  
2014051400001300118000000003482063307000144.01  
2014051400001300118000000003482063311000042.11  
2014051400001300118000000003482063999000997.02  
2014051400001300119000000004800059074000126.77  
2014051400001300119000000004800059204000633.85  
2014051400001300119000000004800059302000633.85  
2014051400001300119000000004800059304000108.39  
2014051400001300119000000004800059306000031.69  
2014051400001300119000000004800059308000108.39  
2014051400001300119000000004800059312000031.69  
2014051400001300119000000004800059999002776.57  
2014051400001300120000000004292985074000135.12  
2014051400001300120000000004292985204000675.62  
2014051400001300120000000004292985301000675.62  
2014051400001300120000000004292985303000115.53  
2014051400001300120000000004292985305000033.78  
2014051400001300120000000004292985307000115.53  
2014051400001300120000000004292985311000033.78  
2014051400001300120000000004292985999001345.62  
2014051400001300121000000001864381074000147.21  
2014051400001300121000000001864381204000736.05  
2014051400001300121000000001864381301000736.05  
2014051400001300121000000001864381303000125.86  
2014051400001300121000000001864381305000036.80  
2014051400001300121000000001864381307000125.86  
2014051400001300121000000001864381311000036.80  
2014051400001300121000000001864381999001103.11  
2014051400001300122000000001764275074000132.49  
2014051400001300122000000001764275204000662.47  
2014051400001300122000000001764275301000662.47  
2014051400001300122000000001764275303000113.28  
2014051400001300122000000001764275305000033.12  
2014051400001300122000000001764275307000113.28  
2014051400001300122000000001764275311000033.12  
2014051400001300122000000001764275999004347.65  
2014051400001300123000000003417050074000128.93  
2014051400001300123000000003417050204000644.66  
2014051400001300123000000003417050301000644.66  
2014051400001300123000000003417050303000110.24  
2014051400001300123000000003417050305000032.23  
2014051400001300123000000003417050307000110.24  
2014051400001300123000000003417050311000032.23  
2014051400001300123000000003417050999001107.54  
2014051400001300124000000003786262074000119.50  
2014051400001300124000000003786262204000597.50  
2014051400001300124000000003786262301000597.50  
2014051400001300124000000003786262303000102.17  
2014051400001300124000000003786262305000029.88  
2014051400001300124000000003786262307000102.17  
2014051400001300124000000003786262311000029.88  
2014051400001300124000000003786262999002499.57  
2014051400001300125000000008854526074000132.73  
2014051400001300125000000008854526204000663.67  
2014051400001300125000000008854526301000663.67  
2014051400001300125000000008854526303000113.49  
2014051400001300125000000008854526305000033.18  
2014051400001300125000000008854526307000113.49  
2014051400001300125000000008854526311000033.18  
2014051400001300125000000008854526999002547.80  
2014051400001300126000000005151886074000140.23  
2014051400001300126000000005151886204000701.17  
2014051400001300126000000005151886301000701.17  
2014051400001300126000000005151886303000119.90  
2014051400001300126000000005151886305000035.06  
2014051400001300126000000005151886307000119.90  
2014051400001300126000000005151886311000035.06  
2014051400001300126000000005151886999003265.32  
2014051400001300127000000004538011074000088.56  
2014051400001300127000000004538011204000442.80  
2014051400001300127000000004538011302000442.80  
2014051400001300127000000004538011304000075.72  
2014051400001300127000000004538011306000022.14  
2014051400001300127000000004538011308000075.72  
2014051400001300127000000004538011312000022.14  
2014051400001300127000000004538011999002085.11  
2014051400001300128000000006096339074000138.14  
2014051400001300128000000006096339204000690.69  
2014051400001300128000000006096339302000690.69  
2014051400001300128000000006096339304000118.11  
2014051400001300128000000006096339306000034.53  
2014051400001300128000000006096339308000118.11  
2014051400001300128000000006096339312000034.53  
2014051400001300128000000006096339999000693.14  
2014051400001300129000000005179460074000135.39  
2014051400001300129000000005179460204000676.95  
2014051400001300129000000005179460302000676.95  
2014051400001300129000000005179460304000115.76  
2014051400001300129000000005179460306000033.85  
2014051400001300129000000005179460308000115.76  
2014051400001300129000000005179460312000033.85  
2014051400001300129000000005179460999004488.52  
2014051400001300130000000004410789074000148.89  
2014051400001300130000000004410789204000744.47  
2014051400001300130000000004410789301000744.47  
2014051400001300130000000004410789303000127.30  
2014051400001300130000000004410789305000037.22  
2014051400001300130000000004410789307000127.30  
2014051400001300130000000004410789311000037.22  
2014051400001300130000000004410789999002850.48  
2014051400001300131000000008666780074000125.45  
2014051400001300131000000008666780204000627.25  
2014051400001300131000000008666780301000627.25  
2014051400001300131000000008666780303000107.26  
2014051400001300131000000008666780305000031.36  
2014051400001300131000000008666780307000107.26  
2014051400001300131000000008666780311000031.36  
2014051400001300131000000008666780999002237.08  
2014051400001300132000000004415402074000139.64  
2014051400001300132000000004415402204000698.19  
2014051400001300132000000004415402301000698.19  
2014051400001300132000000004415402303000119.39  
2014051400001300132000000004415402305000034.91  
2014051400001300132000000004415402307000119.39  
2014051400001300132000000004415402311000034.91  
2014051400001300132000000004415402999002648.47  
2014051400001300133000000004200223074000128.28  
2014051400001300133000000004200223204000641.38  
2014051400001300133000000004200223302000641.38  
2014051400001300133000000004200223304000109.68  
2014051400001300133000000004200223306000032.07  
2014051400001300133000000004200223308000109.68  
2014051400001300133000000004200223312000032.07  
2014051400001300133000000004200223999004437.75  
2014051400001300134000000003605581074000084.24  
2014051400001300134000000003605581204000421.20  
2014051400001300134000000003605581301000421.20  
2014051400001300134000000003605581303000072.03  
2014051400001300134000000003605581305000021.06  
2014051400001300134000000003605581307000072.03  
2014051400001300134000000003605581311000021.06  
2014051400001300134000000003605581999000900.06  
2014051400001300135000000005903134074000138.16  
2014051400001300135000000005903134204000690.82  
2014051400001300135000000005903134301000690.82  
2014051400001300135000000005903134303000118.13  
2014051400001300135000000005903134305000034.54  
2014051400001300135000000005903134307000118.13  
2014051400001300135000000005903134311000034.54  
2014051400001300135000000005903134999002576.54  
2014051400001300136000000004702349074000132.35  
2014051400001300136000000004702349204000661.77  
2014051400001300136000000004702349301000661.77  
2014051400001300136000000004702349303000113.16  
2014051400001300136000000004702349305000033.09  
2014051400001300136000000004702349307000113.16  
2014051400001300136000000004702349311000033.09  
2014051400001300136000000004702349999002982.67  
2014051400001300137000000002551314074000113.62  
2014051400001300137000000002551314204000568.08  
2014051400001300137000000002551314302000568.08  
2014051400001300137000000002551314304000097.14  
2014051400001300137000000002551314306000028.40  
2014051400001300137000000002551314308000097.14  
2014051400001300137000000002551314312000028.40  
2014051400001300137000000002551314999001822.69  
2014051400001300138000000003693620074000101.09  
2014051400001300138000000003693620204000505.44  
2014051400001300138000000003693620301000505.44  
2014051400001300138000000003693620303000086.43  
2014051400001300138000000003693620305000025.27  
2014051400001300138000000003693620307000086.43  
2014051400001300138000000003693620311000025.27  
2014051400001300138000000003693620999001007.42  
2014051400001300139000000004897781074000098.90  
2014051400001300139000000004897781204000494.50  
2014051400001300139000000004897781301000494.50  
2014051400001300139000000004897781303000084.56  
2014051400001300139000000004897781305000024.72  
2014051400001300139000000004897781307000084.56  
2014051400001300139000000004897781311000024.72  
2014051400001300139000000004897781999000847.31  
2014051400001300140000000004886972074000075.60  
2014051400001300140000000004886972204000378.00  
2014051400001300140000000004886972302000378.00  
2014051400001300140000000004886972304000064.64  
2014051400001300140000000004886972306000018.90  
2014051400001300140000000004886972308000064.64  
2014051400001300140000000004886972312000018.90  
2014051400001300140000000004886972999001053.15  
2014051400001300141000000004870962074000075.60  
2014051400001300141000000004870962204000378.00  
2014051400001300141000000004870962302000378.00  
2014051400001300141000000004870962304000064.64  
2014051400001300141000000004870962306000018.90  
2014051400001300141000000004870962308000064.64  
2014051400001300141000000004870962312000018.90  
2014051400001300141000000004870962999001986.91  
2014051400001300142000000003064016074000108.00  
2014051400001300142000000003064016204000540.00  
2014051400001300142000000003064016301000540.00  
2014051400001300142000000003064016303000092.34  
2014051400001300142000000003064016305000027.00  
2014051400001300142000000003064016307000092.34  
2014051400001300142000000003064016311000027.00  
2014051400001300142000000003064016999001757.66  
2014051400001300143000000003753027074000086.83  
2014051400001300143000000003753027204000434.16  
2014051400001300143000000003753027301000434.16  
2014051400001300143000000003753027303000074.24  
2014051400001300143000000003753027305000021.71  
2014051400001300143000000003753027307000074.24  
2014051400001300143000000003753027311000021.71  
2014051400001300143000000003753027999001404.19  
2014051400001300144000000007962862074000089.86  
2014051400001300144000000007962862204000449.28  
2014051400001300144000000007962862301000449.28  
2014051400001300144000000007962862303000076.83  
2014051400001300144000000007962862305000022.46  
2014051400001300144000000007962862307000076.83  
2014051400001300144000000007962862311000022.46  
2014051400001300144000000007962862999000332.88  
2014051400001300145000000002454232074000086.29  
2014051400001300145000000002454232204000431.46  
2014051400001300145000000002454232302000431.46  
2014051400001300145000000002454232304000073.78  
2014051400001300145000000002454232306000021.57  
2014051400001300145000000002454232308000073.78  
2014051400001300145000000002454232312000021.57  
2014051400001300145000000002454232999000242.18  
2014051400001300146000000003734545074000294.84  
2014051400001300146000000003734545204001474.20  
2014051400001300146000000003734545301001474.20  
2014051400001300146000000003734545303000252.09  
2014051400001300146000000003734545305000073.71  
2014051400001300146000000003734545307000252.09  
2014051400001300146000000003734545311000073.71  
2014051400001300146000000003734545999001244.59  
2014051400001300200000000003757088074000242.35  
2014051400001300200000000003757088204001211.76  
2014051400001300200000000003757088301001211.76  
2014051400001300200000000003757088303000207.21  
2014051400001300200000000003757088305000060.59  
2014051400001300200000000003757088307000207.21  
2014051400001300200000000003757088311000060.59  
2014051400001300200000000003757088999004600.66  
2014051400001300201000000000998813074000384.78  
2014051400001300201000000000998813204001923.91  
2014051400001300201000000000998813301001923.91  
2014051400001300201000000000998813303000328.99  
2014051400001300201000000000998813305000096.20  
2014051400001300201000000000998813307000328.99  
2014051400001300201000000000998813311000096.20  
2014051400001300201000000000998813999004871.08  
2014051400001300202000000000953021074000749.50  
2014051400001300202000000000953021204003747.50  
2014051400001300202000000000953021302003747.50  
2014051400001300202000000000953021304000640.82  
2014051400001300202000000000953021306000187.38  
2014051400001300202000000000953021308000640.82  
2014051400001300202000000000953021312000187.38  
2014051400001300202000000000953021999006309.35  
2014051400001300203000000001069089074000725.04  
2014051400001300203000000001069089204003625.20  
2014051400001300203000000001069089302003625.20  
2014051400001300203000000001069089304000619.91  
2014051400001300203000000001069089306000181.26  
2014051400001300203000000001069089308000619.91  
2014051400001300203000000001069089312000181.26  
2014051400001300203000000001069089999000525.33  
2014051400001300203000000001069089999002735.59  
2014051400001300204000000003017631074000729.36  
2014051400001300204000000003017631204003646.80  
2014051400001300204000000003017631302003646.80  
2014051400001300204000000003017631304000623.60  
2014051400001300204000000003017631306000182.34  
2014051400001300204000000003017631308000623.60  
2014051400001300204000000003017631312000182.34  
2014051400001300204000000003017631999000954.88  
2014051400001300205000000001893812074000725.04  
2014051400001300205000000001893812204003625.20  
2014051400001300205000000001893812301003625.20  
2014051400001300205000000001893812303000619.91  
2014051400001300205000000001893812305000181.26  
2014051400001300205000000001893812307000619.91  
2014051400001300205000000001893812311000181.26  
2014051400001300205000000001893812999002440.00  
2014051400001300206000000003025505074000740.59  
2014051400001300206000000003025505204003702.96  
2014051400001300206000000003025505302003702.96  
2014051400001300206000000003025505304000633.21  
2014051400001300206000000003025505306000185.15  
2014051400001300206000000003025505308000633.21  
2014051400001300206000000003025505312000185.15  
2014051400001300206000000003025505999006115.79  
2014051400001300207000000005198940074000457.47  
2014051400001300207000000005198940204002287.35  
2014051400001300207000000005198940301002287.35  
2014051400001300207000000005198940303000391.14  
2014051400001300207000000005198940305000114.37  
2014051400001300207000000005198940307000391.14  
2014051400001300207000000005198940311000114.37  
2014051400001300207000000005198940999005432.59  
2014051400001300208000000000778882074000496.35  
2014051400001300208000000000778882204002481.75  
2014051400001300208000000000778882301002481.75  
2014051400001300208000000000778882305000124.09  
2014051400001300208000000000778882311000124.09  
2014051400001300208000000000778882999004595.57  
