2014051400000900008000000002868172074000306.07  
2014051400000900008000000002868172204001530.36  
2014051400000900008000000002868172302001530.36  
2014051400000900008000000002868172304000261.69  
2014051400000900008000000002868172306000076.52  
2014051400000900008000000002868172308000261.69  
2014051400000900008000000002868172312000076.52  
2014051400000900008000000002868172999002468.34  
2014051400000900009000000002868347074000300.02  
2014051400000900009000000002868347204001500.12  
2014051400000900009000000002868347301001500.12  
2014051400000900009000000002868347303000256.52  
2014051400000900009000000002868347305000075.01  
2014051400000900009000000002868347307000256.52  
2014051400000900009000000002868347311000075.01  
2014051400000900009000000002868347999003145.16  
2014051400000900010000000003137460074000319.90  
2014051400000900010000000003137460204001599.48  
2014051400000900010000000003137460301001599.48  
2014051400000900010000000003137460303000273.51  
2014051400000900010000000003137460305000079.97  
2014051400000900010000000003137460307000273.51  
2014051400000900010000000003137460311000079.97  
2014051400000900010000000003137460999008303.15  
2014051400000900011000000003025346074000290.52  
2014051400000900011000000003025346204001452.60  
2014051400000900011000000003025346302001452.60  
2014051400000900011000000003025346304000248.39  
2014051400000900011000000003025346306000072.63  
2014051400000900011000000003025346308000248.39  
2014051400000900011000000003025346312000072.63  
2014051400000900011000000003025346999000026.46  
2014051400000900013000000003137819074000312.98  
2014051400000900013000000003137819204001564.92  
2014051400000900013000000003137819301001564.92  
2014051400000900013000000003137819303000267.60  
2014051400000900013000000003137819305000078.25  
2014051400000900013000000003137819307000267.60  
2014051400000900013000000003137819311000078.25  
2014051400000900013000000003137819999001533.78  
2014051400000900015000000003588892074000290.52  
2014051400000900015000000003588892204001452.60  
2014051400000900015000000003588892302001452.60  
2014051400000900015000000003588892304000248.39  
2014051400000900015000000003588892306000072.63  
2014051400000900015000000003588892308000248.39  
2014051400000900015000000003588892312000072.63  
2014051400000900015000000003588892999000262.23  
2014051400000900016000000003732124074000312.98  
2014051400000900016000000003732124204001564.92  
2014051400000900016000000003732124301001564.92  
2014051400000900016000000003732124303000267.60  
2014051400000900016000000003732124305000078.25  
2014051400000900016000000003732124307000267.60  
2014051400000900016000000003732124311000078.25  
2014051400000900016000000003732124999001016.96  
2014051400000900018000000003004557074000292.46  
2014051400000900018000000003004557204001462.32  
2014051400000900018000000003004557301001462.32  
2014051400000900018000000003004557303000250.06  
2014051400000900018000000003004557305000073.12  
2014051400000900018000000003004557307000250.06  
2014051400000900018000000003004557311000073.12  
2014051400000900018000000003004557999000670.76  
2014051400000900019000000000568138074000313.20  
2014051400000900019000000000568138204001566.00  
2014051400000900019000000000568138301001566.00  
2014051400000900019000000000568138305000078.30  
2014051400000900019000000000568138311000078.30  
2014051400000900019000000000568138999002920.40  
2014051400000900020000000004288952074000274.32  
2014051400000900020000000004288952204001371.60  
2014051400000900020000000004288952301001371.60  
2014051400000900020000000004288952303000234.54  
2014051400000900020000000004288952305000068.58  
2014051400000900020000000004288952307000234.54  
2014051400000900020000000004288952311000068.58  
2014051400000900020000000004288952999000012.90  
2014051400000900021000000003623123074000295.49  
2014051400000900021000000003623123204001477.44  
2014051400000900021000000003623123302001477.44  
2014051400000900021000000003623123304000252.64  
2014051400000900021000000003623123306000073.87  
2014051400000900021000000003623123308000252.64  
2014051400000900021000000003623123312000073.87  
2014051400000900021000000003623123999003357.72  
2014051400000900025000000003131710074000295.49  
2014051400000900025000000003131710204001477.44  
2014051400000900025000000003131710301001477.44  
2014051400000900025000000003131710303000252.64  
2014051400000900025000000003131710305000073.87  
2014051400000900025000000003131710307000252.64  
2014051400000900025000000003131710311000073.87  
2014051400000900025000000003131710999006601.45  
2014051400000900026000000001320627074000263.52  
2014051400000900026000000001320627204001317.60  
2014051400000900026000000001320627301001317.60  
2014051400000900026000000001320627303000225.31  
2014051400000900026000000001320627305000065.88  
2014051400000900026000000001320627307000225.31  
2014051400000900026000000001320627311000065.88  
2014051400000900026000000001320627999000229.86  
2014051400000900028000000003099414074000303.70  
2014051400000900028000000003099414204001518.48  
2014051400000900028000000003099414302001518.48  
2014051400000900028000000003099414304000259.66  
2014051400000900028000000003099414306000075.92  
2014051400000900028000000003099414308000259.66  
2014051400000900028000000003099414312000075.92  
2014051400000900028000000003099414999004150.85  
2014051400000900029000000003770831074000316.66  
2014051400000900029000000003770831204001583.28  
2014051400000900029000000003770831301001583.28  
2014051400000900029000000003770831303000270.74  
2014051400000900029000000003770831305000079.16  
2014051400000900029000000003770831307000270.74  
2014051400000900029000000003770831311000079.16  
2014051400000900029000000003770831999003473.24  
2014051400000900030000000003769744074000249.48  
2014051400000900030000000003769744204001247.40  
2014051400000900030000000003769744301001247.40  
2014051400000900030000000003769744303000213.31  
2014051400000900030000000003769744305000062.37  
2014051400000900030000000003769744307000213.31  
2014051400000900030000000003769744311000062.37  
2014051400000900030000000003769744999001202.90  
2014051400000900031000000003622065074000274.54  
2014051400000900031000000003622065204001372.68  
2014051400000900031000000003622065301001372.68  
2014051400000900031000000003622065303000234.73  
2014051400000900031000000003622065305000068.63  
2014051400000900031000000003622065307000234.73  
2014051400000900031000000003622065311000068.63  
2014051400000900031000000003622065999005565.52  
2014051400000900032000000003768862074000254.66  
2014051400000900032000000003768862204001273.32  
2014051400000900032000000003768862301001273.32  
2014051400000900032000000003768862303000217.74  
2014051400000900032000000003768862305000063.67  
2014051400000900032000000003768862307000217.74  
2014051400000900032000000003768862311000063.67  
2014051400000900032000000003768862999000901.35  
2014051400000900034000000005270248074000249.48  
2014051400000900034000000005270248204001247.40  
2014051400000900034000000005270248301001247.40  
2014051400000900034000000005270248303000213.31  
2014051400000900034000000005270248305000062.37  
2014051400000900034000000005270248307000213.31  
2014051400000900034000000005270248311000062.37  
2014051400000900034000000005270248999000743.59  
2014051400000900035000000004433413074000245.16  
2014051400000900035000000004433413204001225.80  
2014051400000900035000000004433413301001225.80  
2014051400000900035000000004433413303000209.61  
2014051400000900035000000004433413305000061.29  
2014051400000900035000000004433413307000209.61  
2014051400000900035000000004433413311000061.29  
2014051400000900035000000004433413999000747.78  
2014051400000900036000000002890476074000245.16  
2014051400000900036000000002890476204001225.80  
2014051400000900036000000002890476301001225.80  
2014051400000900036000000002890476303000209.61  
2014051400000900036000000002890476305000061.29  
2014051400000900036000000002890476307000209.61  
2014051400000900036000000002890476311000061.29  
2014051400000900036000000002890476999000000.00  
2014051400000900037000000004418797074000249.48  
2014051400000900037000000004418797204001247.40  
2014051400000900037000000004418797302001247.40  
2014051400000900037000000004418797304000213.31  
2014051400000900037000000004418797306000062.37  
2014051400000900037000000004418797308000213.31  
2014051400000900037000000004418797312000062.37  
2014051400000900037000000004418797999000586.61  
2014051400000900037000000004418797999000765.44  
2014051400000900040000000003556438074000279.18  
2014051400000900040000000003556438204001395.90  
2014051400000900040000000003556438302001395.90  
2014051400000900040000000003556438304000238.70  
2014051400000900040000000003556438306000069.80  
2014051400000900040000000003556438308000238.70  
2014051400000900040000000003556438312000069.80  
2014051400000900040000000003556438999002583.03  
2014051400000900041000000002875093074000249.48  
2014051400000900041000000002875093204001247.40  
2014051400000900041000000002875093302001247.40  
2014051400000900041000000002875093304000213.31  
2014051400000900041000000002875093306000062.37  
2014051400000900041000000002875093308000213.31  
2014051400000900041000000002875093312000062.37  
2014051400000900041000000002875093999000590.16  
2014051400000900042000000003778798074000274.54  
2014051400000900042000000003778798204001372.68  
2014051400000900042000000003778798301001372.68  
2014051400000900042000000003778798303000234.73  
2014051400000900042000000003778798305000068.63  
2014051400000900042000000003778798307000234.73  
2014051400000900042000000003778798311000068.63  
2014051400000900042000000003778798999004445.84  
2014051400000900043000000002139897074000281.45  
2014051400000900043000000002139897204001407.24  
2014051400000900043000000002139897301001407.24  
2014051400000900043000000002139897303000240.64  
2014051400000900043000000002139897305000070.36  
2014051400000900043000000002139897307000240.64  
2014051400000900043000000002139897311000070.36  
2014051400000900043000000002139897999006256.26  
2014051400000900044000000000952134074000263.09  
2014051400000900044000000000952134204001315.44  
2014051400000900044000000000952134302001315.44  
2014051400000900044000000000952134304000224.94  
2014051400000900044000000000952134306000065.77  
2014051400000900044000000000952134308000224.94  
2014051400000900044000000000952134312000065.77  
2014051400000900044000000000952134999000943.84  
2014051400000900045000000003511659074000226.80  
2014051400000900045000000003511659204001134.00  
2014051400000900045000000003511659301001134.00  
2014051400000900045000000003511659303000193.91  
2014051400000900045000000003511659305000056.70  
2014051400000900045000000003511659307000193.91  
2014051400000900045000000003511659311000056.70  
2014051400000900045000000003511659999000228.96  
2014051400000900047000000003590483074000236.30  
2014051400000900047000000003590483204001181.52  
2014051400000900047000000003590483301001181.52  
2014051400000900047000000003590483303000202.04  
2014051400000900047000000003590483305000059.08  
2014051400000900047000000003590483307000202.04  
2014051400000900047000000003590483311000059.08  
2014051400000900047000000003590483999003068.73  
2014051400000900049000000000810986074000230.90  
2014051400000900049000000000810986204001154.52  
2014051400000900049000000000810986302001154.52  
2014051400000900049000000000810986304000197.42  
2014051400000900049000000000810986306000057.73  
2014051400000900049000000000810986308000197.42  
2014051400000900049000000000810986312000057.73  
2014051400000900049000000000810986999000246.92  
2014051400000900050000000002406485074000217.94  
2014051400000900050000000002406485204001089.72  
2014051400000900050000000002406485301001089.72  
2014051400000900050000000002406485303000186.34  
2014051400000900050000000002406485305000054.49  
2014051400000900050000000002406485307000186.34  
2014051400000900050000000002406485311000054.49  
2014051400000900050000000002406485999001243.08  
2014051400000900051000000001932618074000230.90  
2014051400000900051000000001932618204001154.52  
2014051400000900051000000001932618301001154.52  
2014051400000900051000000001932618303000197.42  
2014051400000900051000000001932618305000057.73  
2014051400000900051000000001932618307000197.42  
2014051400000900051000000001932618311000057.73  
2014051400000900051000000001932618999004418.82  
2014051400000900052000000003616627074000212.76  
2014051400000900052000000003616627204001063.80  
2014051400000900052000000003616627301001063.80  
2014051400000900052000000003616627303000181.91  
2014051400000900052000000003616627305000053.19  
2014051400000900052000000003616627307000181.91  
2014051400000900052000000003616627311000053.19  
2014051400000900052000000003616627999000140.12  
2014051400000900053000000004470102074000187.92  
2014051400000900053000000004470102204000939.60  
2014051400000900053000000004470102301000939.60  
2014051400000900053000000004470102303000160.67  
2014051400000900053000000004470102305000046.98  
2014051400000900053000000004470102307000160.67  
2014051400000900053000000004470102311000046.98  
2014051400000900053000000004470102999000872.24  
2014051400000900054000000003081251074000212.98  
2014051400000900054000000003081251204001064.88  
2014051400000900054000000003081251301001064.88  
2014051400000900054000000003081251303000182.09  
2014051400000900054000000003081251305000053.24  
2014051400000900054000000003081251307000182.09  
2014051400000900054000000003081251311000053.24  
2014051400000900054000000003081251999003066.08  
2014051400000900055000000003314456074000193.10  
2014051400000900055000000003314456204000965.52  
2014051400000900055000000003314456301000965.52  
2014051400000900055000000003314456303000165.10  
2014051400000900055000000003314456305000048.28  
2014051400000900055000000003314456307000165.10  
2014051400000900055000000003314456311000048.28  
2014051400000900055000000003314456999001483.76  
2014051400000900056000000005169964074000183.60  
2014051400000900056000000005169964204000918.00  
2014051400000900056000000005169964302000918.00  
2014051400000900056000000005169964304000156.98  
2014051400000900056000000005169964306000045.90  
2014051400000900056000000005169964308000156.98  
2014051400000900056000000005169964312000045.90  
2014051400000900056000000005169964999000804.10  
2014051400000900057000000003012804074000187.92  
2014051400000900057000000003012804204000939.60  
2014051400000900057000000003012804302000939.60  
2014051400000900057000000003012804304000160.67  
2014051400000900057000000003012804306000046.98  
2014051400000900057000000003012804308000160.67  
2014051400000900057000000003012804312000046.98  
2014051400000900057000000003012804999002235.69  
2014051400000900058000000004450657074000183.60  
2014051400000900058000000004450657204000918.00  
2014051400000900058000000004450657301000918.00  
2014051400000900058000000004450657303000156.98  
2014051400000900058000000004450657305000045.90  
2014051400000900058000000004450657307000156.98  
2014051400000900058000000004450657311000045.90  
2014051400000900058000000004450657999001239.40  
2014051400000900059000000000936305074000212.98  
2014051400000900059000000000936305204001064.88  
2014051400000900059000000000936305301001064.88  
2014051400000900059000000000936305303000182.09  
2014051400000900059000000000936305305000053.24  
2014051400000900059000000000936305307000182.09  
2014051400000900059000000000936305311000053.24  
2014051400000900059000000000936305999004321.54  
2014051400000900060000000004420896074000183.60  
2014051400000900060000000004420896204000918.00  
2014051400000900060000000004420896301000918.00  
2014051400000900060000000004420896303000156.98  
2014051400000900060000000004420896305000045.90  
2014051400000900060000000004420896307000156.98  
2014051400000900060000000004420896311000045.90  
2014051400000900060000000004420896999001293.10  
2014051400000900061000000003518117074000193.10  
2014051400000900061000000003518117204000965.52  
2014051400000900061000000003518117301000965.52  
2014051400000900061000000003518117303000165.10  
2014051400000900061000000003518117305000048.28  
2014051400000900061000000003518117307000165.10  
2014051400000900061000000003518117311000048.28  
2014051400000900061000000003518117999002221.91  
2014051400000900062000000004467869074000187.92  
2014051400000900062000000004467869204000939.60  
2014051400000900062000000004467869301000939.60  
2014051400000900062000000004467869303000160.67  
2014051400000900062000000004467869305000046.98  
2014051400000900062000000004467869307000160.67  
2014051400000900062000000004467869311000046.98  
2014051400000900062000000004467869999000508.24  
2014051400000900063000000005935309074000187.92  
2014051400000900063000000005935309204000939.60  
2014051400000900063000000005935309301000939.60  
2014051400000900063000000005935309303000160.67  
2014051400000900063000000005935309305000046.98  
2014051400000900063000000005935309307000160.67  
2014051400000900063000000005935309311000046.98  
2014051400000900063000000005935309999000010.90  
2014051400000900065000000004414461074000206.50  
2014051400000900065000000004414461204001032.48  
2014051400000900065000000004414461301001032.48  
2014051400000900065000000004414461303000176.55  
2014051400000900065000000004414461305000051.62  
2014051400000900065000000004414461307000176.55  
2014051400000900065000000004414461311000051.62  
2014051400000900065000000004414461999001379.30  
2014051400000900066000000005161700074000201.31  
2014051400000900066000000005161700204001006.56  
2014051400000900066000000005161700301001006.56  
2014051400000900066000000005161700303000172.12  
2014051400000900066000000005161700305000050.33  
2014051400000900066000000005161700307000172.12  
2014051400000900066000000005161700311000050.33  
2014051400000900066000000005161700999000595.34  
2014051400000900067000000004539889074000168.48  
2014051400000900067000000004539889204000842.40  
2014051400000900067000000004539889301000842.40  
2014051400000900067000000004539889303000144.05  
2014051400000900067000000004539889305000042.12  
2014051400000900067000000004539889307000144.05  
2014051400000900067000000004539889311000042.12  
2014051400000900067000000004539889999003653.42  
2014051400000900068000000004884164074000168.48  
2014051400000900068000000004884164204000842.40  
2014051400000900068000000004884164302000842.40  
2014051400000900068000000004884164304000144.05  
2014051400000900068000000004884164306000042.12  
2014051400000900068000000004884164308000144.05  
2014051400000900068000000004884164312000042.12  
2014051400000900068000000004884164999001176.68  
2014051400000900069000000003459316074000168.48  
2014051400000900069000000003459316204000842.40  
2014051400000900069000000003459316302000842.40  
2014051400000900069000000003459316304000144.05  
2014051400000900069000000003459316306000042.12  
2014051400000900069000000003459316308000144.05  
2014051400000900069000000003459316312000042.12  
2014051400000900069000000003459316999000522.94  
2014051400000900070000000003729038074000193.54  
2014051400000900070000000003729038204000967.68  
2014051400000900070000000003729038301000967.68  
2014051400000900070000000003729038303000165.47  
2014051400000900070000000003729038305000048.38  
2014051400000900070000000003729038307000165.47  
2014051400000900070000000003729038311000048.38  
2014051400000900070000000003729038999005239.00  
2014051400000900071000000003720522074000226.37  
2014051400000900071000000003720522204001131.84  
2014051400000900071000000003720522301001131.84  
2014051400000900071000000003720522303000193.54  
2014051400000900071000000003720522305000056.59  
2014051400000900071000000003720522307000193.54  
2014051400000900071000000003720522311000056.59  
2014051400000900071000000003720522999003101.50  
2014051400000900072000000004380103074000168.48  
2014051400000900072000000004380103204000842.40  
2014051400000900072000000004380103301000842.40  
2014051400000900072000000004380103303000144.05  
2014051400000900072000000004380103305000042.12  
2014051400000900072000000004380103307000144.05  
2014051400000900072000000004380103311000042.12  
2014051400000900072000000004380103999000258.61  
2014051400000900072000000004380103999001282.08  
2014051400000900073000000003729580074000168.48  
2014051400000900073000000003729580204000842.40  
2014051400000900073000000003729580302000842.40  
2014051400000900073000000003729580304000144.05  
2014051400000900073000000003729580306000042.12  
2014051400000900073000000003729580308000144.05  
2014051400000900073000000003729580312000042.12  
2014051400000900073000000003729580999000420.46  
2014051400000900074000000005291890074000175.39  
2014051400000900074000000005291890204000876.96  
2014051400000900074000000005291890302000876.96  
2014051400000900074000000005291890304000149.96  
2014051400000900074000000005291890306000043.85  
2014051400000900074000000005291890308000149.96  
2014051400000900074000000005291890312000043.85  
2014051400000900074000000005291890999003805.13  
2014051400000900075000000004013122074000146.88  
2014051400000900075000000004013122204000734.40  
2014051400000900075000000004013122301000734.40  
2014051400000900075000000004013122303000125.58  
2014051400000900075000000004013122305000036.72  
2014051400000900075000000004013122307000125.58  
2014051400000900075000000004013122311000036.72  
2014051400000900075000000004013122999000434.64  
2014051400000900076000000006466668074000175.39  
2014051400000900076000000006466668204000876.96  
2014051400000900076000000006466668302000876.96  
2014051400000900076000000006466668304000149.96  
2014051400000900076000000006466668306000043.85  
2014051400000900076000000006466668308000149.96  
2014051400000900076000000006466668312000043.85  
2014051400000900076000000006466668999000527.30  
2014051400000900078000000005241984074000155.39  
2014051400000900078000000005241984204000776.95  
2014051400000900078000000005241984301000776.95  
2014051400000900078000000005241984303000132.86  
2014051400000900078000000005241984305000038.85  
2014051400000900078000000005241984307000132.86  
2014051400000900078000000005241984311000038.85  
2014051400000900078000000005241984999001119.76  
2014051400000900079000000005225966074000146.88  
2014051400000900079000000005225966204000734.40  
2014051400000900079000000005225966301000734.40  
2014051400000900079000000005225966303000125.58  
2014051400000900079000000005225966305000036.72  
2014051400000900079000000005225966307000125.58  
2014051400000900079000000005225966311000036.72  
2014051400000900079000000005225966999003378.77  
2014051400000900080000000003768663074000142.56  
2014051400000900080000000003768663204000712.80  
2014051400000900080000000003768663302000712.80  
2014051400000900080000000003768663304000121.89  
2014051400000900080000000003768663306000035.64  
2014051400000900080000000003768663308000121.89  
2014051400000900080000000003768663312000035.64  
2014051400000900080000000003768663999000824.98  
2014051400000900081000000006408031074000139.01  
2014051400000900081000000006408031204000695.03  
2014051400000900081000000006408031301000695.03  
2014051400000900081000000006408031303000118.85  
2014051400000900081000000006408031305000034.75  
2014051400000900081000000006408031307000118.85  
2014051400000900081000000006408031311000034.75  
2014051400000900081000000006408031999000082.68  
2014051400000900082000000002899775074000136.08  
2014051400000900082000000002899775204000680.40  
2014051400000900082000000002899775301000680.40  
2014051400000900082000000002899775303000116.35  
2014051400000900082000000002899775305000034.02  
2014051400000900082000000002899775307000116.35  
2014051400000900082000000002899775311000034.02  
2014051400000900082000000002899775999001961.98  
2014051400000900083000000001930623074000136.08  
2014051400000900083000000001930623204000680.40  
2014051400000900083000000001930623302000680.40  
2014051400000900083000000001930623304000116.35  
2014051400000900083000000001930623306000034.02  
2014051400000900083000000001930623308000116.35  
2014051400000900083000000001930623312000034.02  
2014051400000900083000000001930623999000527.24  
2014051400000900084000000002879279074000161.14  
2014051400000900084000000002879279204000805.68  
2014051400000900084000000002879279302000805.68  
2014051400000900084000000002879279304000137.77  
2014051400000900084000000002879279306000040.28  
2014051400000900084000000002879279308000137.77  
2014051400000900084000000002879279312000040.28  
2014051400000900084000000002879279999000712.00  
2014051400000900085000000006473021074000136.08  
2014051400000900085000000006473021204000680.40  
2014051400000900085000000006473021301000680.40  
2014051400000900085000000006473021303000116.35  
2014051400000900085000000006473021305000034.02  
2014051400000900085000000006473021307000116.35  
2014051400000900085000000006473021311000034.02  
2014051400000900085000000006473021999002204.94  
2014051400000900086000000004461894074000141.26  
2014051400000900086000000004461894204000706.32  
2014051400000900086000000004461894301000706.32  
2014051400000900086000000004461894303000120.78  
2014051400000900086000000004461894305000035.32  
2014051400000900086000000004461894307000120.78  
2014051400000900086000000004461894311000035.32  
2014051400000900086000000004461894999002774.48  
2014051400000900087000000005193215074000136.08  
2014051400000900087000000005193215204000680.40  
2014051400000900087000000005193215301000680.40  
2014051400000900087000000005193215303000116.35  
2014051400000900087000000005193215305000034.02  
2014051400000900087000000005193215307000116.35  
2014051400000900087000000005193215311000034.02  
2014051400000900087000000005193215999001673.34  
2014051400000900088000000003742365074000141.26  
2014051400000900088000000003742365204000706.32  
2014051400000900088000000003742365301000706.32  
2014051400000900088000000003742365303000120.78  
2014051400000900088000000003742365305000035.32  
2014051400000900088000000003742365307000120.78  
2014051400000900088000000003742365311000035.32  
2014051400000900088000000003742365999000478.21  
2014051400000900089000000004526386074000116.64  
2014051400000900089000000004526386204000583.20  
2014051400000900089000000004526386302000583.20  
2014051400000900089000000004526386304000099.73  
2014051400000900089000000004526386306000029.16  
2014051400000900089000000004526386308000099.73  
2014051400000900089000000004526386312000029.16  
2014051400000900089000000004526386999002382.43  
2014051400000900090000000004510395074000120.96  
2014051400000900090000000004510395204000604.80  
2014051400000900090000000004510395301000604.80  
2014051400000900090000000004510395303000103.42  
2014051400000900090000000004510395305000030.24  
2014051400000900090000000004510395307000103.42  
2014051400000900090000000004510395311000030.24  
2014051400000900090000000004510395999003430.36  
2014051400000900092000000002914344074000203.33  
2014051400000900092000000002914344204001016.63  
2014051400000900092000000002914344301001016.63  
2014051400000900092000000002914344303000173.84  
2014051400000900092000000002914344305000050.83  
2014051400000900092000000002914344307000173.84  
2014051400000900092000000002914344311000050.83  
2014051400000900092000000002914344999001627.15  
2014051400000900093000000003078110074000176.93  
2014051400000900093000000003078110204000884.63  
2014051400000900093000000003078110301000884.63  
2014051400000900093000000003078110303000151.27  
2014051400000900093000000003078110305000044.23  
2014051400000900093000000003078110307000151.27  
2014051400000900093000000003078110311000044.23  
2014051400000900093000000003078110999003116.53  
2014051400000900094000000006087482074000116.64  
2014051400000900094000000006087482204000583.20  
2014051400000900094000000006087482302000583.20  
2014051400000900094000000006087482304000099.73  
2014051400000900094000000006087482306000029.16  
2014051400000900094000000006087482308000099.73  
2014051400000900094000000006087482312000029.16  
2014051400000900094000000006087482999000319.03  
2014051400000900095000000006431024074000120.96  
2014051400000900095000000006431024204000604.80  
2014051400000900095000000006431024302000604.80  
2014051400000900095000000006431024304000103.42  
2014051400000900095000000006431024306000030.24  
2014051400000900095000000006431024308000103.42  
2014051400000900095000000006431024312000030.24  
2014051400000900095000000006431024999001133.54  
2014051400000900096000000003099304074000144.29  
2014051400000900096000000003099304204000721.44  
2014051400000900096000000003099304301000721.44  
2014051400000900096000000003099304303000123.37  
2014051400000900096000000003099304305000036.07  
2014051400000900096000000003099304307000123.37  
2014051400000900096000000003099304311000036.07  
2014051400000900096000000003099304999000475.77  
2014051400000900097000000004502182074000116.64  
2014051400000900097000000004502182204000583.20  
2014051400000900097000000004502182301000583.20  
2014051400000900097000000004502182303000099.73  
2014051400000900097000000004502182305000029.16  
2014051400000900097000000004502182307000099.73  
2014051400000900097000000004502182311000029.16  
2014051400000900097000000004502182999000374.90  
2014051400000900098000000004022515074000149.47  
2014051400000900098000000004022515204000747.36  
2014051400000900098000000004022515302000747.36  
2014051400000900098000000004022515304000127.80  
2014051400000900098000000004022515306000037.37  
2014051400000900098000000004022515308000127.80  
2014051400000900098000000004022515312000037.37  
2014051400000900098000000004022515999003766.70  
2014051400000900099000000005648577074000144.29  
2014051400000900099000000005648577204000721.44  
2014051400000900099000000005648577302000721.44  
2014051400000900099000000005648577304000123.37  
2014051400000900099000000005648577306000036.07  
2014051400000900099000000005648577308000123.37  
2014051400000900099000000005648577312000036.07  
2014051400000900099000000005648577999001959.93  
2014051400000900100000000007349314074000159.84  
2014051400000900100000000007349314204000799.20  
2014051400000900100000000007349314301000799.20  
2014051400000900100000000007349314305000039.96  
2014051400000900100000000007349314311000039.96  
2014051400000900100000000007349314999000060.80  
2014051400000900101000000001370502074000193.08  
2014051400000900101000000001370502204000965.38  
2014051400000900101000000001370502301000965.38  
2014051400000900101000000001370502303000165.08  
2014051400000900101000000001370502305000048.27  
2014051400000900101000000001370502307000165.08  
2014051400000900101000000001370502311000048.27  
2014051400000900101000000001370502999003872.65  
2014051400000900102000000002692604074000157.41  
2014051400000900102000000002692604204000787.05  
2014051400000900102000000002692604301000787.05  
2014051400000900102000000002692604303000134.59  
2014051400000900102000000002692604305000039.35  
2014051400000900102000000002692604307000134.59  
2014051400000900102000000002692604311000039.35  
2014051400000900102000000002692604999004379.94  
2014051400000900103000000000959934074000149.04  
2014051400000900103000000000959934204000745.20  
2014051400000900103000000000959934302000745.20  
2014051400000900103000000000959934304000127.43  
2014051400000900103000000000959934306000037.26  
2014051400000900103000000000959934308000127.43  
2014051400000900103000000000959934312000037.26  
2014051400000900103000000000959934999001273.80  
2014051400000900104000000001760686074000149.47  
2014051400000900104000000001760686204000747.36  
2014051400000900104000000001760686301000747.36  
2014051400000900104000000001760686303000127.80  
2014051400000900104000000001760686305000037.37  
2014051400000900104000000001760686307000127.80  
2014051400000900104000000001760686311000037.37  
2014051400000900104000000001760686999002278.26  
2014051400000900105000000000803131074000149.04  
2014051400000900105000000000803131204000745.20  
2014051400000900105000000000803131302000745.20  
2014051400000900105000000000803131304000127.43  
2014051400000900105000000000803131306000037.26  
2014051400000900105000000000803131308000127.43  
2014051400000900105000000000803131312000037.26  
2014051400000900105000000000803131999000993.02  
2014051400000900106000000002045701074000149.04  
2014051400000900106000000002045701204000745.20  
2014051400000900106000000002045701301000745.20  
2014051400000900106000000002045701303000127.43  
2014051400000900106000000002045701305000037.26  
2014051400000900106000000002045701307000127.43  
2014051400000900106000000002045701311000037.26  
2014051400000900106000000002045701999001232.47  
2014051400000900107000000003831838074000128.30  
2014051400000900107000000003831838204000641.52  
2014051400000900107000000003831838301000641.52  
2014051400000900107000000003831838303000109.70  
2014051400000900107000000003831838305000032.08  
2014051400000900107000000003831838307000109.70  
2014051400000900107000000003831838311000032.08  
2014051400000900107000000003831838999003261.23  
2014051400000900108000000000855279074000149.04  
2014051400000900108000000000855279204000745.20  
2014051400000900108000000000855279301000745.20  
2014051400000900108000000000855279303000127.43  
2014051400000900108000000000855279305000037.26  
2014051400000900108000000000855279307000127.43  
2014051400000900108000000000855279311000037.26  
2014051400000900108000000000855279999003520.09  
2014051400000900109000000003782731074000196.53  
2014051400000900109000000003782731204000982.63  
2014051400000900109000000003782731301000982.63  
2014051400000900109000000003782731303000168.03  
2014051400000900109000000003782731305000049.13  
2014051400000900109000000003782731307000168.03  
2014051400000900109000000003782731311000049.13  
2014051400000900109000000003782731999001129.46  
2014051400000900110000000003720627074000203.74  
2014051400000900110000000003720627204001018.68  
2014051400000900110000000003720627301001018.68  
2014051400000900110000000003720627303000174.19  
2014051400000900110000000003720627305000050.93  
2014051400000900110000000003720627307000174.19  
2014051400000900110000000003720627311000050.93  
2014051400000900110000000003720627999004702.52  
2014051400000900111000000002894101074000135.22  
2014051400000900111000000002894101204000676.08  
2014051400000900111000000002894101301000676.08  
2014051400000900111000000002894101303000115.61  
2014051400000900111000000002894101305000033.80  
2014051400000900111000000002894101307000115.61  
2014051400000900111000000002894101311000033.80  
2014051400000900111000000002894101999002572.45  
2014051400000900112000000001714032074000149.04  
2014051400000900112000000001714032204000745.20  
2014051400000900112000000001714032301000745.20  
2014051400000900112000000001714032303000127.43  
2014051400000900112000000001714032305000037.26  
2014051400000900112000000001714032307000127.43  
2014051400000900112000000001714032311000037.26  
2014051400000900112000000001714032999001122.56  
2014051400000900113000000005916650074000110.16  
2014051400000900113000000005916650204000550.80  
2014051400000900113000000005916650302000550.80  
2014051400000900113000000005916650304000094.19  
2014051400000900113000000005916650306000027.54  
2014051400000900113000000005916650308000094.19  
2014051400000900113000000005916650312000027.54  
2014051400000900113000000005916650999000342.84  
2014051400000900114000000000960278074000128.30  
2014051400000900114000000000960278204000641.52  
2014051400000900114000000000960278301000641.52  
2014051400000900114000000000960278303000109.70  
2014051400000900114000000000960278305000032.08  
2014051400000900114000000000960278307000109.70  
2014051400000900114000000000960278311000032.08  
2014051400000900114000000000960278999001746.67  
2014051400000900115000000004329789074000189.55  
2014051400000900115000000004329789204000947.76  
2014051400000900115000000004329789301000947.76  
2014051400000900115000000004329789303000162.07  
2014051400000900115000000004329789305000047.39  
2014051400000900115000000004329789307000162.07  
2014051400000900115000000004329789311000047.39  
2014051400000900115000000004329789999002543.56  
2014051400000900116000000003504972074000151.93  
2014051400000900116000000003504972204000759.65  
2014051400000900116000000003504972301000759.65  
2014051400000900116000000003504972303000129.90  
2014051400000900116000000003504972305000037.98  
2014051400000900116000000003504972307000129.90  
2014051400000900116000000003504972311000037.98  
2014051400000900116000000003504972999001389.09  
2014051400000900117000000003754990074000177.34  
2014051400000900117000000003754990204000886.70  
2014051400000900117000000003754990301000886.70  
2014051400000900117000000003754990303000151.63  
2014051400000900117000000003754990305000044.34  
2014051400000900117000000003754990307000151.63  
2014051400000900117000000003754990311000044.34  
2014051400000900117000000003754990999003066.05  
2014051400000900118000000003482063074000159.20  
2014051400000900118000000003482063204000795.99  
2014051400000900118000000003482063301000795.99  
2014051400000900118000000003482063303000136.11  
2014051400000900118000000003482063305000039.80  
2014051400000900118000000003482063307000136.11  
2014051400000900118000000003482063311000039.80  
2014051400000900118000000003482063999000997.81  
2014051400000900119000000004800059074000127.25  
2014051400000900119000000004800059204000636.26  
2014051400000900119000000004800059302000636.26  
2014051400000900119000000004800059304000108.80  
2014051400000900119000000004800059306000031.81  
2014051400000900119000000004800059308000108.80  
2014051400000900119000000004800059312000031.81  
2014051400000900119000000004800059999002745.31  
2014051400000900120000000004292985074000153.67  
2014051400000900120000000004292985204000768.33  
2014051400000900120000000004292985301000768.33  
2014051400000900120000000004292985303000131.38  
2014051400000900120000000004292985305000038.42  
2014051400000900120000000004292985307000131.38  
2014051400000900120000000004292985311000038.42  
2014051400000900120000000004292985999001379.33  
2014051400000900121000000001864381074000148.89  
2014051400000900121000000001864381204000744.47  
2014051400000900121000000001864381301000744.47  
2014051400000900121000000001864381303000127.30  
2014051400000900121000000001864381305000037.22  
2014051400000900121000000001864381307000127.30  
2014051400000900121000000001864381311000037.22  
2014051400000900121000000001864381999001068.53  
2014051400000900122000000001764275074000153.96  
2014051400000900122000000001764275204000769.79  
2014051400000900122000000001764275301000769.79  
2014051400000900122000000001764275303000131.63  
2014051400000900122000000001764275305000038.49  
2014051400000900122000000001764275307000131.63  
2014051400000900122000000001764275311000038.49  
2014051400000900122000000001764275999004378.99  
2014051400000900123000000003417050074000135.57  
2014051400000900123000000003417050204000677.83  
2014051400000900123000000003417050301000677.83  
2014051400000900123000000003417050303000115.91  
2014051400000900123000000003417050305000033.89  
2014051400000900123000000003417050307000115.91  
2014051400000900123000000003417050311000033.89  
2014051400000900123000000003417050999001110.16  
2014051400000900124000000003786262074000119.17  
2014051400000900124000000003786262204000595.84  
2014051400000900124000000003786262301000595.84  
2014051400000900124000000003786262303000101.89  
2014051400000900124000000003786262305000029.79  
2014051400000900124000000003786262307000101.89  
2014051400000900124000000003786262311000029.79  
2014051400000900124000000003786262999002385.47  
2014051400000900125000000008854526074000158.50  
2014051400000900125000000008854526204000792.48  
2014051400000900125000000008854526301000792.48  
2014051400000900125000000008854526303000135.51  
2014051400000900125000000008854526305000039.62  
2014051400000900125000000008854526307000135.51  
2014051400000900125000000008854526311000039.62  
2014051400000900125000000008854526999002593.45  
2014051400000900126000000005151886074000137.36  
2014051400000900126000000005151886204000686.78  
2014051400000900126000000005151886301000686.78  
2014051400000900126000000005151886303000117.44  
2014051400000900126000000005151886305000034.34  
2014051400000900126000000005151886307000117.44  
2014051400000900126000000005151886311000034.34  
2014051400000900126000000005151886999003470.81  
2014051400000900127000000004538011074000088.56  
2014051400000900127000000004538011204000442.80  
2014051400000900127000000004538011302000442.80  
2014051400000900127000000004538011304000075.72  
2014051400000900127000000004538011306000022.14  
2014051400000900127000000004538011308000075.72  
2014051400000900127000000004538011312000022.14  
2014051400000900127000000004538011999002077.00  
2014051400000900128000000006096339074000131.40  
2014051400000900128000000006096339204000657.00  
2014051400000900128000000006096339302000657.00  
2014051400000900128000000006096339304000112.35  
2014051400000900128000000006096339306000032.85  
2014051400000900128000000006096339308000112.35  
2014051400000900128000000006096339312000032.85  
2014051400000900128000000006096339999000680.08  
2014051400000900129000000005179460074000146.10  
2014051400000900129000000005179460204000730.48  
2014051400000900129000000005179460302000730.48  
2014051400000900129000000005179460304000124.91  
2014051400000900129000000005179460306000036.52  
2014051400000900129000000005179460308000124.91  
2014051400000900129000000005179460312000036.52  
2014051400000900129000000005179460999004504.47  
2014051400000900130000000004410789074000142.89  
2014051400000900130000000004410789204000714.46  
2014051400000900130000000004410789301000714.46  
2014051400000900130000000004410789303000122.17  
2014051400000900130000000004410789305000035.72  
2014051400000900130000000004410789307000122.17  
2014051400000900130000000004410789311000035.72  
2014051400000900130000000004410789999002826.64  
2014051400000900131000000008666780074000030.01  
2014051400000900131000000008666780204000150.06  
2014051400000900131000000008666780301000150.06  
2014051400000900131000000008666780303000025.66  
2014051400000900131000000008666780305000007.50  
2014051400000900131000000008666780307000025.66  
2014051400000900131000000008666780311000007.50  
2014051400000900131000000008666780999000192.80  
2014051400000900132000000004415402074000153.75  
2014051400000900132000000004415402204000768.74  
2014051400000900132000000004415402301000768.74  
2014051400000900132000000004415402303000131.45  
2014051400000900132000000004415402305000038.44  
2014051400000900132000000004415402307000131.45  
2014051400000900132000000004415402311000038.44  
2014051400000900132000000004415402999002663.20  
2014051400000900133000000004200223074000119.10  
2014051400000900133000000004200223204000595.49  
2014051400000900133000000004200223302000595.49  
2014051400000900133000000004200223304000101.83  
2014051400000900133000000004200223306000029.77  
2014051400000900133000000004200223308000101.83  
2014051400000900133000000004200223312000029.77  
2014051400000900133000000004200223999004396.62  
2014051400000900134000000003605581074000084.24  
2014051400000900134000000003605581204000421.20  
2014051400000900134000000003605581301000421.20  
2014051400000900134000000003605581303000072.03  
2014051400000900134000000003605581305000021.06  
2014051400000900134000000003605581307000072.03  
2014051400000900134000000003605581311000021.06  
2014051400000900134000000003605581999000895.93  
2014051400000900135000000005903134074000138.90  
2014051400000900135000000005903134204000694.50  
2014051400000900135000000005903134301000694.50  
2014051400000900135000000005903134303000118.76  
2014051400000900135000000005903134305000034.73  
2014051400000900135000000005903134307000118.76  
2014051400000900135000000005903134311000034.73  
2014051400000900135000000005903134999002581.76  
2014051400000900136000000004702349074000149.38  
2014051400000900136000000004702349204000746.89  
2014051400000900136000000004702349301000746.89  
2014051400000900136000000004702349303000127.72  
2014051400000900136000000004702349305000037.34  
2014051400000900136000000004702349307000127.72  
2014051400000900136000000004702349311000037.34  
2014051400000900136000000004702349999003007.49  
2014051400000900137000000002551314074000113.62  
2014051400000900137000000002551314204000568.08  
2014051400000900137000000002551314302000568.08  
2014051400000900137000000002551314304000097.14  
2014051400000900137000000002551314306000028.40  
2014051400000900137000000002551314308000097.14  
2014051400000900137000000002551314312000028.40  
2014051400000900137000000002551314999001848.59  
2014051400000900138000000003693620074000101.09  
2014051400000900138000000003693620204000505.44  
2014051400000900138000000003693620301000505.44  
2014051400000900138000000003693620303000086.43  
2014051400000900138000000003693620305000025.27  
2014051400000900138000000003693620307000086.43  
2014051400000900138000000003693620311000025.27  
2014051400000900138000000003693620999001007.42  
2014051400000900139000000004897781074000125.93  
2014051400000900139000000004897781204000629.63  
2014051400000900139000000004897781301000629.63  
2014051400000900139000000004897781303000107.67  
2014051400000900139000000004897781305000031.48  
2014051400000900139000000004897781307000107.67  
2014051400000900139000000004897781311000031.48  
2014051400000900139000000004897781999000912.53  
2014051400000900140000000004886972074000075.60  
2014051400000900140000000004886972204000378.00  
2014051400000900140000000004886972302000378.00  
2014051400000900140000000004886972304000064.64  
2014051400000900140000000004886972306000018.90  
2014051400000900140000000004886972308000064.64  
2014051400000900140000000004886972312000018.90  
2014051400000900140000000004886972999001051.12  
2014051400000900141000000004870962074000075.60  
2014051400000900141000000004870962204000378.00  
2014051400000900141000000004870962302000378.00  
2014051400000900141000000004870962304000064.64  
2014051400000900141000000004870962306000018.90  
2014051400000900141000000004870962308000064.64  
2014051400000900141000000004870962312000018.90  
2014051400000900141000000004870962999001986.15  
2014051400000900142000000003064016074000108.00  
2014051400000900142000000003064016204000540.00  
2014051400000900142000000003064016301000540.00  
2014051400000900142000000003064016303000092.34  
2014051400000900142000000003064016305000027.00  
2014051400000900142000000003064016307000092.34  
2014051400000900142000000003064016311000027.00  
2014051400000900142000000003064016999001749.78  
2014051400000900143000000003753027074000086.83  
2014051400000900143000000003753027204000434.16  
2014051400000900143000000003753027301000434.16  
2014051400000900143000000003753027303000074.24  
2014051400000900143000000003753027305000021.71  
2014051400000900143000000003753027307000074.24  
2014051400000900143000000003753027311000021.71  
2014051400000900143000000003753027999001394.13  
2014051400000900144000000007962862074000089.86  
2014051400000900144000000007962862204000449.28  
2014051400000900144000000007962862301000449.28  
2014051400000900144000000007962862303000076.83  
2014051400000900144000000007962862305000022.46  
2014051400000900144000000007962862307000076.83  
2014051400000900144000000007962862311000022.46  
2014051400000900144000000007962862999000339.06  
2014051400000900145000000002454232074000086.29  
2014051400000900145000000002454232204000431.46  
2014051400000900145000000002454232302000431.46  
2014051400000900145000000002454232304000073.78  
2014051400000900145000000002454232306000021.57  
2014051400000900145000000002454232308000073.78  
2014051400000900145000000002454232312000021.57  
2014051400000900145000000002454232999000242.18  
2014051400000900146000000003734545074000294.84  
2014051400000900146000000003734545204001474.20  
2014051400000900146000000003734545301001474.20  
2014051400000900146000000003734545303000252.09  
2014051400000900146000000003734545305000073.71  
2014051400000900146000000003734545307000252.09  
2014051400000900146000000003734545311000073.71  
2014051400000900146000000003734545999000881.66  
2014051400000900200000000003757088074000242.35  
2014051400000900200000000003757088204001211.76  
2014051400000900200000000003757088301001211.76  
2014051400000900200000000003757088303000207.21  
2014051400000900200000000003757088305000060.59  
2014051400000900200000000003757088307000207.21  
2014051400000900200000000003757088311000060.59  
2014051400000900200000000003757088999004556.36  
2014051400000900201000000000998813074000394.48  
2014051400000900201000000000998813204001972.42  
2014051400000900201000000000998813301001972.42  
2014051400000900201000000000998813303000337.28  
2014051400000900201000000000998813305000098.62  
2014051400000900201000000000998813307000337.28  
2014051400000900201000000000998813311000098.62  
2014051400000900201000000000998813999004872.18  
2014051400000900202000000000953021074000796.12  
2014051400000900202000000000953021204003980.60  
2014051400000900202000000000953021302003980.60  
2014051400000900202000000000953021304000680.68  
2014051400000900202000000000953021306000199.03  
2014051400000900202000000000953021308000680.68  
2014051400000900202000000000953021312000199.03  
2014051400000900202000000000953021999006774.12  
2014051400000900203000000001069089074000770.40  
2014051400000900203000000001069089204003852.00  
2014051400000900203000000001069089302003852.00  
2014051400000900203000000001069089304000658.69  
2014051400000900203000000001069089306000192.60  
2014051400000900203000000001069089308000658.69  
2014051400000900203000000001069089312000192.60  
2014051400000900203000000001069089999002105.97  
2014051400000900203000000001069089999003188.35  
2014051400000900204000000003017631074000774.72  
2014051400000900204000000003017631204003873.60  
2014051400000900204000000003017631302003873.60  
2014051400000900204000000003017631304000662.39  
2014051400000900204000000003017631306000193.68  
2014051400000900204000000003017631308000662.39  
2014051400000900204000000003017631312000193.68  
2014051400000900204000000003017631999001317.76  
2014051400000900205000000001893812074000770.40  
2014051400000900205000000001893812204003852.00  
2014051400000900205000000001893812301003852.00  
2014051400000900205000000001893812303000658.69  
2014051400000900205000000001893812305000192.60  
2014051400000900205000000001893812307000658.69  
2014051400000900205000000001893812311000192.60  
2014051400000900205000000001893812999002893.60  
2014051400000900206000000003025505074000785.95  
2014051400000900206000000003025505204003929.76  
2014051400000900206000000003025505302003929.76  
2014051400000900206000000003025505304000671.99  
2014051400000900206000000003025505306000196.49  
2014051400000900206000000003025505308000671.99  
2014051400000900206000000003025505312000196.49  
2014051400000900206000000003025505999006567.27  
2014051400000900207000000005198940074000485.82  
2014051400000900207000000005198940204002429.10  
2014051400000900207000000005198940301002429.10  
2014051400000900207000000005198940303000415.38  
2014051400000900207000000005198940305000121.46  
2014051400000900207000000005198940307000415.38  
2014051400000900207000000005198940311000121.46  
2014051400000900207000000005198940999005494.24  
2014051400000900208000000000778882074000524.70  
2014051400000900208000000000778882204002623.50  
2014051400000900208000000000778882301002623.50  
2014051400000900208000000000778882305000131.18  
2014051400000900208000000000778882311000131.18  
2014051400000900208000000000778882999004733.03  
