20140514000011000530000000044701020900000111220000216.00  
20140514000011000530000000044701020900000111400001613.33  
20140514000011000530000000044701020900000111700019144.00  
20140514000011000530000000044701020900000113110001936.00  
20140514000011000530000000044701020900000113120000331.06  
20140514000011000530000000044701020900000113131000580.80  
20140514000011000530000000044701020900000113200000387.20  
20140514000011000890000000045263860900000111220000216.00  
20140514000011000890000000045263860900000111400001038.42  
20140514000011000890000000045263860900000111700012245.00  
20140514000011000890000000045263860900000113110001246.10  
20140514000011000890000000045263860900000113120000213.08  
20140514000011000890000000045263860900000113131000373.83  
20140514000011000890000000045263860900000113200000249.22  
20140514000011000540000000030812510900000111220001468.80  
20140514000011000540000000030812510900000111400001728.90  
20140514000011000540000000030812510900000111700019278.00  
20140514000011000540000000030812510900000113110002074.68  
20140514000011000540000000030812510900000113120000354.77  
20140514000011000540000000030812510900000113131000622.40  
20140514000011000540000000030812510900000113200000414.94  
20140514000011000900000000045103950900000111220000216.00  
20140514000011000900000000045103950900000111400001033.02  
20140514000011000900000000045103950900000111600002400.00  
20140514000011000900000000045103950900000111700012180.20  
20140514000011000900000000045103950900000113110001239.62  
20140514000011000900000000045103950900000113120000211.98  
20140514000011000900000000045103950900000113131000371.89  
20140514000011000900000000045103950900000113200000247.92  
20140514000011000440000000009521340900000111220001814.40  
20140514000011000440000000009521340900000111400002135.70  
20140514000011000440000000009521340900000111700023814.00  
20140514000011000440000000009521340900000113110002562.84  
20140514000011000440000000009521340900000113120000438.25  
20140514000011000440000000009521340900000113131000768.85  
20140514000011000440000000009521340900000113200000512.57  
20140514000011000280000000030994141100000111220000475.20  
20140514000011000280000000030994141100000111310005148.40  
20140514000011000280000000030994141100000111400002613.97  
20140514000011000280000000030994141100000111700025744.00  
20140514000011000280000000030994141100000113110003136.76  
20140514000011000280000000030994141100000113120000536.39  
20140514000011000280000000030994141100000113131000941.03  
20140514000011000280000000030994141100000113200000627.35  
20140514000011002190000000008109860900000111220001123.20  
20140514000011002190000000008109860900000111400002085.60  
20140514000011002190000000008109860900000111700023904.00  
20140514000011002190000000008109860900000113110002502.72  
20140514000011002190000000008109860900000113120000427.97  
20140514000011002190000000008109860900000113131000750.82  
20140514000011002190000000008109860900000113200000500.54  
20140514000011001150000000043297891100000111220001123.20  
20140514000011001150000000043297891100000111310002018.60  
20140514000011001150000000043297891100000111400001385.15  
20140514000011001150000000043297891100000111700010097.00  
20140514000011001150000000043297891100000111910003383.04  
20140514000011001150000000043297891100000113110001662.18  
20140514000011001150000000043297891100000113120000284.23  
20140514000011001150000000043297891100000113131000498.66  
20140514000011001150000000043297891100000113200000332.44  
20140514000011002180000000024064850900000111220000475.20  
20140514000011002180000000024064850900000111400002031.60  
20140514000011002180000000024064850900000111700023904.00  
20140514000011002180000000024064850900000113110002437.92  
20140514000011002180000000024064850900000113120000416.88  
20140514000011002180000000024064850900000113131000731.38  
20140514000011002180000000024064850900000113200000487.58  
20140514000011000550000000033144560900000111220000475.20  
20140514000011000550000000033144560900000111400001642.87  
20140514000011000550000000033144560900000111700019239.20  
20140514000011000550000000033144560900000113110001971.44  
20140514000011000550000000033144560900000113120000337.12  
20140514000011000550000000033144560900000113131000591.43  
20140514000011000550000000033144560900000113200000394.29  
20140514000011000210000000036231231100000111220001814.40  
20140514000011000210000000036231231100000111400002419.20  
20140514000011000210000000036231231100000111700027216.00  
20140514000011000210000000036231231100000113110002903.04  
20140514000011000210000000036231231100000113120000496.42  
20140514000011000210000000036231231100000113131000870.91  
20140514000011000210000000036231231100000113200000580.61  
20140514000011001210000000018643811100000111220001123.20  
20140514000011001210000000018643811100000111310001769.00  
20140514000011001210000000018643811100000111400001143.52  
20140514000011001210000000018643811100000111600001680.00  
20140514000011001210000000018643811100000111700008843.00  
20140514000011001210000000018643811100000111910001987.01  
20140514000011001210000000018643811100000113110001372.22  
20140514000011001210000000018643811100000113120000234.65  
20140514000011001210000000018643811100000113131000411.67  
20140514000011001210000000018643811100000113200000274.44  
20140514000011000450000000035116591200000111220000216.00  
20140514000011000450000000035116591200000111400001992.07  
20140514000011000450000000035116591200000111700023688.80  
20140514000011000450000000035116591200000113110002390.48  
20140514000011000450000000035116591200000113120000408.77  
20140514000011000450000000035116591200000113131000717.14  
20140514000011000450000000035116591200000113200000478.10  
20140514000011001220000000017642751100000111220000475.20  
20140514000011001220000000017642751100000111310001769.00  
20140514000011001220000000017642751100000111400001032.20  
20140514000011001220000000017642751100000111600002400.00  
20140514000011001220000000017642751100000111700008843.00  
20140514000011001220000000017642751100000111910001299.20  
20140514000011001220000000017642751100000113110001238.64  
20140514000011001220000000017642751100000113120000211.81  
20140514000011001220000000017642751100000113131000371.59  
20140514000011001220000000017642751100000113200000247.73  
20140514000011000290000000037708311100000111220001123.20  
20140514000011000290000000037708311100000111310004077.87  
20140514000011000290000000037708311100000111400002578.76  
20140514000011000290000000037708311100000111600000720.00  
20140514000011000290000000037708311100000111700025744.00  
20140514000011000290000000037708311100000113110003094.51  
20140514000011000290000000037708311100000113120000529.16  
20140514000011000290000000037708311100000113131000928.35  
20140514000011000290000000037708311100000113200000618.90  
20140514000011000560000000051699641000000111220000216.00  
20140514000011000560000000051699641000000111400001624.50  
20140514000011000560000000051699641000000111700019278.00  
20140514000011000560000000051699641000000113110001949.40  
20140514000011000560000000051699641000000113120000333.35  
20140514000011000560000000051699641000000113131000584.82  
20140514000011000560000000051699641000000113200000389.88  
20140514000011002110000000044147960900000111220000216.00  
20140514000011002110000000044147960900000111400002888.25  
20140514000011002110000000044147960900000111700034443.00  
20140514000011002110000000044147960900000113110003465.90  
20140514000011002110000000044147960900000113120000592.67  
20140514000011002110000000044147960900000113131001039.77  
20140514000011002110000000044147960900000113200000693.18  
20140514000011001160000000035049721100000111220001468.80  
20140514000011001160000000035049721100000111310002018.60  
20140514000011001160000000035049721100000111400001220.85  
20140514000011001160000000035049721100000111700010097.00  
20140514000011001160000000035049721100000111910001065.79  
20140514000011001160000000035049721100000113110001465.02  
20140514000011001160000000035049721100000113120000250.52  
20140514000011001160000000035049721100000113131000439.51  
20140514000011001160000000035049721100000113200000293.00  
20140514000011000650000000044144611100000111220000475.20  
20140514000011000650000000044144611100000111310003447.40  
20140514000011000650000000044144611100000111400001763.47  
20140514000011000650000000044144611100000111600002160.00  
20140514000011000650000000044144611100000111700017239.00  
20140514000011000650000000044144611100000113110002116.16  
20140514000011000650000000044144611100000113120000361.86  
20140514000011000650000000044144611100000113131000634.85  
20140514000011000650000000044144611100000113200000423.23  
20140514000011000570000000030128040900000111220000216.00  
20140514000011000570000000030128040900000111400001624.50  
20140514000011000570000000030128040900000111700019278.00  
20140514000011000570000000030128040900000113110001949.40  
20140514000011000570000000030128040900000113120000333.35  
20140514000011000570000000030128040900000113131000584.82  
20140514000011000570000000030128040900000113200000389.88  
20140514000011001170000000037549901100000111220001468.80  
20140514000011001170000000037549901100000111310002018.60  
20140514000011001170000000037549901100000111400001397.12  
20140514000011001170000000037549901100000111700010097.00  
20140514000011001170000000037549901100000111910003181.02  
20140514000011001170000000037549901100000113110001676.54  
20140514000011001170000000037549901100000113120000286.69  
20140514000011001170000000037549901100000113131000502.96  
20140514000011001170000000037549901100000113200000335.31  
20140514000011000080000000028681720900000111220000777.60  
20140514000011000080000000028681720900000111400002601.98  
20140514000011000080000000028681720900000111700030446.20  
20140514000011000080000000028681720900000113110003122.38  
20140514000011000080000000028681720900000113120000533.93  
20140514000011000080000000028681720900000113131000936.71  
20140514000011000080000000028681720900000113200000624.48  
20140514000011000740000000052918901100000111220000216.00  
20140514000011000740000000052918901100000111310002975.22  
20140514000011000740000000052918901100000111400001505.79  
20140514000011000740000000052918901100000111700014878.20  
20140514000011000740000000052918901100000113110001806.94  
20140514000011000740000000052918901100000113120000308.99  
20140514000011000740000000052918901100000113131000542.08  
20140514000011000740000000052918901100000113200000361.39  
20140514000011002000000000037570880900000111220000777.60  
20140514000011002000000000037570880900000111400002049.30  
20140514000011002000000000037570880900000111700023814.00  
20140514000011002000000000037570880900000113110002459.16  
20140514000011002000000000037570880900000113120000420.52  
20140514000011002000000000037570880900000113131000737.75  
20140514000011002000000000037570880900000113200000491.83  
20140514000011000750000000040131221000000111220000216.00  
20140514000011000750000000040131221000000111400001261.25  
20140514000011000750000000040131221000000111700014919.00  
20140514000011000750000000040131221000000113110001513.50  
20140514000011000750000000040131221000000113120000258.81  
20140514000011000750000000040131221000000113131000454.05  
20140514000011000750000000040131221000000113200000302.70  
20140514000011000910000000040761511100000111220000216.00  
20140514000011000910000000040761511100000111400001036.62  
20140514000011000910000000040761511100000111700012223.40  
20140514000011000910000000040761511100000113110001243.94  
20140514000011000910000000040761511100000113120000212.71  
20140514000011000910000000040761511100000113131000373.18  
20140514000011000910000000040761511100000113200000248.79  
20140514000011001230000000034170501100000111220000475.20  
20140514000011001230000000034170501100000111310001769.00  
20140514000011001230000000034170501100000111400001125.73  
20140514000011001230000000034170501100000111700008843.00  
20140514000011001230000000034170501100000111910002421.50  
20140514000011001230000000034170501100000113110001350.87  
20140514000011001230000000034170501100000113120000231.00  
20140514000011001230000000034170501100000113131000405.26  
20140514000011001230000000034170501100000113200000270.17  
20140514000011000470000000035904831000000111220000475.20  
20140514000011000470000000035904831000000111400002021.03  
20140514000011000470000000035904831000000111700023777.20  
20140514000011000470000000035904831000000113110002425.24  
20140514000011000470000000035904831000000113120000414.72  
20140514000011000470000000035904831000000113131000727.57  
20140514000011000470000000035904831000000113200000485.05  
20140514000011000580000000044506571000000111220000216.00  
20140514000011000580000000044506571000000111400001624.50  
20140514000011000580000000044506571000000111600003600.00  
20140514000011000580000000044506571000000111700019278.00  
20140514000011000580000000044506571000000113110001949.40  
20140514000011000580000000044506571000000113120000333.35  
20140514000011000580000000044506571000000113131000584.82  
20140514000011000580000000044506571000000113200000389.88  
20140514000011001380000000036936201000000111220000777.60  
20140514000011001380000000036936201000000111310001496.80  
20140514000011001380000000036936201000000111400000812.87  
20140514000011001380000000036936201000000111700007480.00  
20140514000011001380000000036936201000000113110000975.44  
20140514000011001380000000036936201000000113120000166.80  
20140514000011001380000000036936201000000113131000292.63  
20140514000011001380000000036936201000000113200000195.09  
20140514000011001010000000013705021100000111220001468.80  
20140514000011001010000000013705021100000111310002222.60  
20140514000011001010000000013705021100000111400001545.41  
20140514000011001010000000013705021100000111700011111.00  
20140514000011001010000000013705021100000111910003742.50  
20140514000011001010000000013705021100000113110001854.49  
20140514000011001010000000013705021100000113120000317.12  
20140514000011001010000000013705021100000113131000556.35  
20140514000011001010000000013705021100000113200000370.90  
20140514000011000180000000030045571200000111220001123.20  
20140514000011000180000000030045571200000111400002454.30  
20140514000011000180000000030045571200000111700028328.40  
20140514000011000180000000030045571200000113110002945.16  
20140514000011000180000000030045571200000113120000503.62  
20140514000011000180000000030045571200000113131000883.55  
20140514000011000180000000030045571200000113200000589.03  
20140514000011001020000000026926041100000111220001123.20  
20140514000011001020000000026926041100000111310002222.60  
20140514000011001020000000026926041100000111400001282.98  
20140514000011001020000000026926041100000111700011111.00  
20140514000011001020000000026926041100000111910000938.91  
20140514000011001020000000026926041100000113110001539.57  
20140514000011001020000000026926041100000113120000263.27  
20140514000011001020000000026926041100000113131000461.87  
20140514000011001020000000026926041100000113200000307.91  
20140514000011000920000000029143441100000111220001814.40  
20140514000011000920000000029143441100000111310002449.40  
20140514000011000920000000029143441100000111400001693.95  
20140514000011000920000000029143441100000111700012245.00  
20140514000011000920000000029143441100000111910003818.64  
20140514000011000920000000029143441100000113110002032.74  
20140514000011000920000000029143441100000113120000347.60  
20140514000011000920000000029143441100000113131000609.82  
20140514000011000920000000029143441100000113200000406.55  
20140514000011002130000000052135240900000111220000216.00  
20140514000011002130000000052135240900000111400002455.75  
20140514000011002130000000052135240900000111700029253.00  
20140514000011002130000000052135240900000113110002946.90  
20140514000011002130000000052135240900000113120000503.92  
20140514000011002130000000052135240900000113131000884.07  
20140514000011002130000000052135240900000113200000589.38  
20140514000011001030000000009599340900000111220002160.00  
20140514000011001030000000009599340900000111400001105.92  
20140514000011001030000000009599340900000111700011111.00  
20140514000011001030000000009599340900000113110001327.10  
20140514000011001030000000009599340900000113120000226.93  
20140514000011001030000000009599340900000113131000398.13  
20140514000011001030000000009599340900000113200000265.42  
20140514000011001240000000037862621100000111220000777.60  
20140514000011001240000000037862621100000111310001769.00  
20140514000011001240000000037862621100000111400000978.05  
20140514000011001240000000037862621100000111700008843.00  
20140514000011001240000000037862621100000111910000346.95  
20140514000011001240000000037862621100000113110001173.66  
20140514000011001240000000037862621100000113120000200.70  
20140514000011001240000000037862621100000113131000352.10  
20140514000011001240000000037862621100000113200000234.73  
20140514000011000090000000028683471000000111220000475.20  
20140514000011000090000000028683471000000111400002576.78  
20140514000011000090000000028683471000000111700030446.20  
20140514000011000090000000028683471000000113110003092.14  
20140514000011000090000000028683471000000113120000528.76  
20140514000011000090000000028683471000000113131000927.64  
20140514000011000090000000028683471000000113200000618.43  
20140514000011000100000000031374600900000111220001468.80  
20140514000011000100000000031374600900000111400002659.58  
20140514000011000100000000031374600900000111700030446.20  
20140514000011000100000000031374600900000113110003191.50  
20140514000011000100000000031374600900000113120000545.75  
20140514000011000100000000031374600900000113131000957.45  
20140514000011000100000000031374600900000113200000638.30  
20140514000011000810000000064080310900000111220000216.00  
20140514000011000810000000064080310900000111400001225.66  
20140514000011000810000000064080310900000111700013806.60  
20140514000011000810000000064080310900000111910000685.30  
20140514000011000810000000064080310900000113110001470.79  
20140514000011000810000000064080310900000113120000251.51  
20140514000011000810000000064080310900000113131000441.24  
20140514000011000810000000064080310900000113200000294.16  
20140514000011000760000000064666681100000111220000216.00  
20140514000011000760000000064666681100000111310002989.48  
20140514000011000760000000064666681100000111400001512.91  
20140514000011000760000000064666681100000111700014949.40  
20140514000011000760000000064666681100000113110001815.49  
20140514000011000760000000064666681100000113120000310.45  
20140514000011000760000000064666681100000113131000544.65  
20140514000011000760000000064666681100000113200000363.10  
20140514000011000110000000030253460900000111400002538.98  
20140514000011000110000000030253460900000111700030467.80  
20140514000011000110000000030253460900000113110003046.78  
20140514000011000110000000030253460900000113120000521.00  
20140514000011000110000000030253460900000113131000914.03  
20140514000011000110000000030253460900000113200000609.36  
20140514000011000300000000037697441200000111220000216.00  
20140514000011000300000000037697441200000111400002163.33  
20140514000011000300000000037697441200000111700025744.00  
20140514000011000300000000037697441200000113110002596.00  
20140514000011000300000000037697441200000113120000443.92  
20140514000011000300000000037697441200000113131000778.80  
20140514000011000300000000037697441200000113200000519.20  
20140514000011000930000000030781101100000111220001468.80  
20140514000011000930000000030781101100000111310002449.40  
20140514000011000930000000030781101100000111400001417.67  
20140514000011000930000000030781101100000111700012245.00  
20140514000011000930000000030781101100000111910000848.89  
20140514000011000930000000030781101100000113110001701.21  
20140514000011000930000000030781101100000113120000290.91  
20140514000011000930000000030781101100000113131000510.36  
20140514000011000930000000030781101100000113200000340.24  
20140514000011001250000000088545261100000111220000216.00  
20140514000011001250000000088545261100000111310001769.00  
20140514000011001250000000088545261100000111400001097.49  
20140514000011001250000000088545261100000111700008843.00  
20140514000011001250000000088545261100000111910002341.87  
20140514000011001250000000088545261100000113110001316.99  
20140514000011001250000000088545261100000113120000225.20  
20140514000011001250000000088545261100000113131000395.10  
20140514000011001250000000088545261100000113200000263.40  
20140514000011000590000000009363050900000111220001468.80  
20140514000011000590000000009363050900000111400001722.07  
20140514000011000590000000009363050900000111700019196.00  
20140514000011000590000000009363050900000113110002066.48  
20140514000011000590000000009363050900000113120000353.37  
20140514000011000590000000009363050900000113131000619.94  
20140514000011000590000000009363050900000113200000413.30  
20140514000011001260000000051518861100000111220000475.20  
20140514000011001260000000051518861100000111310001769.00  
20140514000011001260000000051518861100000111400001127.61  
20140514000011001260000000051518861100000111700008843.00  
20140514000011001260000000051518861100000111910002444.07  
20140514000011001260000000051518861100000113110001353.13  
20140514000011001260000000051518861100000113120000231.38  
20140514000011001260000000051518861100000113131000405.94  
20140514000011001260000000051518861100000113200000270.63  
20140514000011000820000000028997750900000111220000216.00  
20140514000011000820000000028997750900000111400001171.08  
20140514000011000820000000028997750900000111700013837.00  
20140514000011000820000000028997750900000113110001405.30  
20140514000011000820000000028997750900000113120000240.31  
20140514000011000820000000028997750900000113131000421.59  
20140514000011000820000000028997750900000113200000281.06  
20140514000011000310000000036220651100000111220001468.80  
20140514000011000310000000036220651100000111400002267.73  
20140514000011000310000000036220651100000111700025744.00  
20140514000011000310000000036220651100000113110002721.28  
20140514000011000310000000036220651100000113120000465.34  
20140514000011000310000000036220651100000113131000816.38  
20140514000011000310000000036220651100000113200000544.26  
20140514000011000660000000051617001100000111220000216.00  
20140514000011000660000000051617001100000111310003447.40  
20140514000011000660000000051617001100000111400001741.87  
20140514000011000660000000051617001100000111700017239.00  
20140514000011000660000000051617001100000113110002090.24  
20140514000011000660000000051617001100000113120000357.43  
20140514000011000660000000051617001100000113131000627.07  
20140514000011000660000000051617001100000113200000418.05  
20140514000011001270000000045380110900000111220000216.00  
20140514000011001270000000045380110900000111400000754.92  
20140514000011001270000000045380110900000111700008843.00  
20140514000011001270000000045380110900000113110000905.90  
20140514000011001270000000045380110900000113120000154.91  
20140514000011001270000000045380110900000113131000271.77  
20140514000011001270000000045380110900000113200000181.18  
20140514000011000830000000019306230900000111220000216.00  
20140514000011000830000000019306230900000111400001166.75  
20140514000011000830000000019306230900000111700013785.00  
20140514000011000830000000019306230900000113110001400.10  
20140514000011000830000000019306230900000113120000239.42  
20140514000011000830000000019306230900000113131000420.03  
20140514000011000830000000019306230900000113200000280.02  
20140514000011000940000000060874820900000111220000216.00  
20140514000011000940000000060874820900000111400001038.42  
20140514000011000940000000060874820900000111700012245.00  
20140514000011000940000000060874820900000113110001246.10  
20140514000011000940000000060874820900000113120000213.08  
20140514000011000940000000060874820900000113131000373.83  
20140514000011000940000000060874820900000113200000249.22  
20140514000011000950000000064310240900000111220000216.00  
20140514000011000950000000064310240900000111400001038.43  
20140514000011000950000000064310240900000111700012245.20  
20140514000011000950000000064310240900000113110001246.12  
20140514000011000950000000064310240900000113120000213.09  
20140514000011000950000000064310240900000113131000373.84  
20140514000011000950000000064310240900000113200000249.22  
20140514000011001040000000017606861100000111220001123.20  
20140514000011001040000000017606861100000111310002218.71  
20140514000011001040000000017606861100000111400001202.81  
20140514000011001040000000017606861100000111700011091.80  
20140514000011001040000000017606861100000113110001443.37  
20140514000011001040000000017606861100000113120000246.82  
20140514000011001040000000017606861100000113131000433.01  
20140514000011001040000000017606861100000113200000288.67  
20140514000011001180000000034820631100000111220001468.80  
20140514000011001180000000034820631100000111310002018.60  
20140514000011001180000000034820631100000111400001348.80  
20140514000011001180000000034820631100000111700010097.00  
20140514000011001180000000034820631100000111910002601.25  
20140514000011001180000000034820631100000113110001618.57  
20140514000011001180000000034820631100000113120000276.77  
20140514000011001180000000034820631100000113131000485.57  
20140514000011001180000000034820631100000113200000323.71  
20140514000011002010000000009988131100000111220000475.20  
20140514000011002010000000009988131100000111400001643.68  
20140514000011002010000000009988131100000111700019249.00  
20140514000011002010000000009988131100000113110001972.42  
20140514000011002010000000009988131100000113120000337.28  
20140514000011002010000000009988131100000113131000591.73  
20140514000011002010000000009988131100000113200000394.48  
20140514000011000670000000045398890900000111220000216.00  
20140514000011000670000000045398890900000111400001454.58  
20140514000011000670000000045398890900000111700017239.00  
20140514000011000670000000045398890900000113110001745.50  
20140514000011000670000000045398890900000113120000298.48  
20140514000011000670000000045398890900000113131000523.65  
20140514000011000670000000045398890900000113200000349.10  
20140514000011001190000000048000591100000111220000475.20  
20140514000011001190000000048000591100000111310001996.17  
20140514000011001190000000048000591100000111400001064.91  
20140514000011001190000000048000591100000111700010146.48  
20140514000011001190000000048000591100000111910000161.08  
20140514000011001190000000048000591100000113110001277.89  
20140514000011001190000000048000591100000113120000218.52  
20140514000011001190000000048000591100000113131000383.37  
20140514000011001190000000048000591100000113200000255.58  
20140514000011000960000000030993041100000111220000216.00  
20140514000011000960000000030993041100000111310002449.40  
20140514000011000960000000030993041100000111400001242.53  
20140514000011000960000000030993041100000111700012245.00  
20140514000011000960000000030993041100000113110001491.04  
20140514000011000960000000030993041100000113120000254.97  
20140514000011000960000000030993041100000113131000447.31  
20140514000011000960000000030993041100000113200000298.21  
20140514000011001200000000042929851100000111220000216.00  
20140514000011001200000000042929851100000111310002018.60  
20140514000011001200000000042929851100000111400001334.35  
20140514000011001200000000042929851100000111700010097.00  
20140514000011001200000000042929851100000111910003680.60  
20140514000011001200000000042929851100000113110001601.22  
20140514000011001200000000042929851100000113120000273.81  
20140514000011001200000000042929851100000113131000480.37  
20140514000011001200000000042929851100000113200000320.24  
20140514000011001050000000008031310900000111220002160.00  
20140514000011001050000000008031310900000111400001102.32  
20140514000011001050000000008031310900000111700011067.80  
20140514000011001050000000008031310900000113110001322.78  
20140514000011001050000000008031310900000113120000226.20  
20140514000011001050000000008031310900000113131000396.83  
20140514000011001050000000008031310900000113200000264.56  
20140514000011002090000000049012270900000111220000216.00  
20140514000011002090000000049012270900000111400002989.48  
20140514000011002090000000049012270900000111700035657.80  
20140514000011002090000000049012270900000113110003587.38  
20140514000011002090000000049012270900000113120000613.44  
20140514000011002090000000049012270900000113131001076.21  
20140514000011002090000000049012270900000113200000717.48  
20140514000011000680000000048841640900000111220000216.00  
20140514000011000680000000048841640900000111400001454.58  
20140514000011000680000000048841640900000111700017239.00  
20140514000011000680000000048841640900000113110001745.50  
20140514000011000680000000048841640900000113120000298.48  
20140514000011000680000000048841640900000113131000523.65  
20140514000011000680000000048841640900000113200000349.10  
20140514000011000840000000028792790900000111220001468.80  
20140514000011000840000000028792790900000111400001272.95  
20140514000011000840000000028792790900000111700013806.60  
20140514000011000840000000028792790900000113110001527.54  
20140514000011000840000000028792790900000113120000261.21  
20140514000011000840000000028792790900000113131000458.26  
20140514000011000840000000028792790900000113200000305.51  
20140514000011000850000000064730211000000111220000216.00  
20140514000011000850000000064730211000000111400001171.08  
20140514000011000850000000064730211000000111700013837.00  
20140514000011000850000000064730211000000113110001405.30  
20140514000011000850000000064730211000000113120000240.31  
20140514000011000850000000064730211000000113131000421.59  
20140514000011000850000000064730211000000113200000281.06  
20140514000011001390000000048977811100000111220000216.00  
20140514000011001390000000048977811100000111310001496.80  
20140514000011001390000000048977811100000111400000973.21  
20140514000011001390000000048977811100000111700007480.00  
20140514000011001390000000048977811100000111910002485.74  
20140514000011001390000000048977811100000113110001167.85  
20140514000011001390000000048977811100000113120000199.70  
20140514000011001390000000048977811100000113131000350.36  
20140514000011001390000000048977811100000113200000233.57  
20140514000011000320000000037688620900000111220000475.20  
20140514000011000320000000037688620900000111400002184.93  
20140514000011000320000000037688620900000111700025744.00  
20140514000011000320000000037688620900000113110002621.92  
20140514000011000320000000037688620900000113120000448.35  
20140514000011000320000000037688620900000113131000786.58  
20140514000011000320000000037688620900000113200000524.38  
20140514000011001060000000020457011000000111220002160.00  
20140514000011001060000000020457011000000111400001105.92  
20140514000011001060000000020457011000000111700011111.00  
20140514000011001060000000020457011000000113110001327.10  
20140514000011001060000000020457011000000113120000226.93  
20140514000011001060000000020457011000000113131000398.13  
20140514000011001060000000020457011000000113200000265.42  
20140514000011001460000000037345451000000111220000216.00  
20140514000011001460000000037345451000000111400002428.00  
20140514000011001460000000037345451000000111700028920.00  
20140514000011001460000000037345451000000113110002913.60  
20140514000011001460000000037345451000000113120000498.23  
20140514000011001460000000037345451000000113131000874.08  
20140514000011001460000000037345451000000113200000582.72  
20140514000011000340000000052702481200000111220000216.00  
20140514000011000340000000052702481200000111400002163.33  
20140514000011000340000000052702481200000111700025744.00  
20140514000011000340000000052702481200000113110002596.00  
20140514000011000340000000052702481200000113120000443.92  
20140514000011000340000000052702481200000113131000778.80  
20140514000011000340000000052702481200000113200000519.20  
20140514000011000770000000006851341000000111220000216.00  
20140514000011000770000000006851341000000111400001265.58  
20140514000011000770000000006851341000000111700014971.00  
20140514000011000770000000006851341000000113110001518.70  
20140514000011000770000000006851341000000113120000259.70  
20140514000011000770000000006851341000000113131000455.61  
20140514000011000770000000006851341000000113200000303.74  
20140514000011001400000000048869720900000111220000216.00  
20140514000011001400000000048869720900000111400000653.20  
20140514000011001400000000048869720900000111600001680.00  
20140514000011001400000000048869720900000111700007622.40  
20140514000011001400000000048869720900000113110000783.84  
20140514000011001400000000048869720900000113120000134.04  
20140514000011001400000000048869720900000113131000235.15  
20140514000011001400000000048869720900000113200000156.77  
20140514000011000510000000019326181100000111220000411.84  
20140514000011000510000000019326181100000111400001245.58  
20140514000011000510000000019326181100000111700014535.07  
20140514000011000510000000019326181100000113110001494.69  
20140514000011000510000000019326181100000113120000255.59  
20140514000011000510000000019326181100000113131000448.41  
20140514000011000510000000019326181100000113200000298.94  
20140514000011000350000000044334130900000111400002145.33  
20140514000011000350000000044334130900000111700025744.00  
20140514000011000350000000044334130900000113110002574.40  
20140514000011000350000000044334130900000113120000440.22  
20140514000011000350000000044334130900000113131000772.32  
20140514000011000350000000044334130900000113200000514.88  
20140514000011001070000000038318380900000111220001123.20  
20140514000011001070000000038318380900000111400001020.05  
20140514000011001070000000038318380900000111700011117.40  
20140514000011001070000000038318380900000113110001224.06  
20140514000011001070000000038318380900000113120000209.31  
20140514000011001070000000038318380900000113131000367.22  
20140514000011001070000000038318380900000113200000244.81  
20140514000011000520000000036166271100000111220000079.20  
20140514000011000520000000036166271100000111400001225.22  
20140514000011000520000000036166271100000111700014623.47  
20140514000011000520000000036166271100000113110001470.27  
20140514000011000520000000036166271100000113120000251.42  
20140514000011000520000000036166271100000113131000441.08  
20140514000011000520000000036166271100000113200000294.05  
20140514000011002050000000018938121100000111400003210.00  
20140514000011002050000000018938121100000111700038520.00  
20140514000011002050000000018938121100000113110003852.00  
20140514000011002050000000018938121100000113120000658.69  
20140514000011002050000000018938121100000113131001155.60  
20140514000011002050000000018938121100000113200000770.40  
20140514000011001080000000008552790900000111220002160.00  
20140514000011001080000000008552790900000111400001105.92  
20140514000011001080000000008552790900000111700011111.00  
20140514000011001080000000008552790900000113110001327.10  
20140514000011001080000000008552790900000113120000226.93  
20140514000011001080000000008552790900000113131000398.13  
20140514000011001080000000008552790900000113200000265.42  
20140514000011000690000000034593161200000111220000216.00  
20140514000011000690000000034593161200000111400001504.68  
20140514000011000690000000034593161200000111700017840.12  
20140514000011000690000000034593161200000113110001805.61  
20140514000011000690000000034593161200000113120000308.76  
20140514000011000690000000034593161200000113131000541.68  
20140514000011000690000000034593161200000113200000361.12  
20140514000011001280000000060963391100000111220000216.00  
20140514000011001280000000060963391100000111310001760.97  
20140514000011001280000000060963391100000111400001038.57  
20140514000011001280000000060963391100000111700008959.40  
20140514000011001280000000060963391100000111910001526.43  
20140514000011001280000000060963391100000113110001246.28  
20140514000011001280000000060963391100000113120000213.11  
20140514000011001280000000060963391100000113131000373.88  
20140514000011001280000000060963391100000113200000249.26  
20140514000011000700000000037290380900000111220001468.80  
20140514000011000700000000037290380900000111400001555.38  
20140514000011000700000000037290380900000111700017195.80  
20140514000011000700000000037290380900000113110001866.46  
20140514000011000700000000037290380900000113120000319.16  
20140514000011000700000000037290380900000113131000559.94  
20140514000011000700000000037290380900000113200000373.29  
20140514000011000710000000037205221100000111220001468.80  
20140514000011000710000000037205221100000111310003447.40  
20140514000011000710000000037205221100000111400001846.27  
20140514000011000710000000037205221100000111700017239.00  
20140514000011000710000000037205221100000113110002215.52  
20140514000011000710000000037205221100000113120000378.85  
20140514000011000710000000037205221100000113131000664.66  
20140514000011000710000000037205221100000113200000443.10  
20140514000011000360000000028904760900000111400002145.33  
20140514000011000360000000028904760900000111700025744.00  
20140514000011000360000000028904760900000113110002574.40  
20140514000011000360000000028904760900000113120000440.22  
20140514000011000360000000028904760900000113131000772.32  
20140514000011000360000000028904760900000113200000514.88  
20140514000011000370000000044187971200000111220000216.00  
20140514000011000370000000044187971200000111400002163.33  
20140514000011000370000000044187971200000111700025744.00  
20140514000011000370000000044187971200000113110002596.00  
20140514000011000370000000044187971200000113120000443.92  
20140514000011000370000000044187971200000113131000778.80  
20140514000011000370000000044187971200000113200000519.20  
20140514000011001290000000051794601100000111220000475.20  
20140514000011001290000000051794601100000111310001769.00  
20140514000011001290000000051794601100000111400001084.67  
20140514000011001290000000051794601100000111600003840.00  
20140514000011001290000000051794601100000111700008843.00  
20140514000011001290000000051794601100000111910001928.88  
20140514000011001290000000051794601100000113110001301.61  
20140514000011001290000000051794601100000113120000222.57  
20140514000011001290000000051794601100000113131000390.48  
20140514000011001290000000051794601100000113200000260.32  
20140514000011001300000000044107891100000111220001123.20  
20140514000011001300000000044107891100000111310001769.00  
20140514000011001300000000044107891100000111400001152.42  
20140514000011001300000000044107891100000111700008843.00  
20140514000011001300000000044107891100000111910002093.87  
20140514000011001300000000044107891100000113110001382.91  
20140514000011001300000000044107891100000113120000236.48  
20140514000011001300000000044107891100000113131000414.87  
20140514000011001300000000044107891100000113200000276.58  
20140514000011000480000000036173220900000111220000216.00  
20140514000011000480000000036173220900000111400001995.30  
20140514000011000480000000036173220900000111700023727.60  
20140514000011000480000000036173220900000113110002394.36  
20140514000011000480000000036173220900000113120000409.44  
20140514000011000480000000036173220900000113131000718.31  
20140514000011000480000000036173220900000113200000478.87  
20140514000011002060000000030255050900000111220000777.60  
20140514000011002060000000030255050900000111400003323.23  
20140514000011002060000000030255050900000111700039101.20  
20140514000011002060000000030255050900000113110003987.88  
20140514000011002060000000030255050900000113120000681.93  
20140514000011002060000000030255050900000113131001196.36  
20140514000011002060000000030255050900000113200000797.58  
20140514000011001090000000037827311100000111220001814.40  
20140514000011001090000000037827311100000111310002222.60  
20140514000011001090000000037827311100000111400001511.47  
20140514000011001090000000037827311100000111700011111.00  
20140514000011001090000000037827311100000111910002989.59  
20140514000011001090000000037827311100000113110001813.76  
20140514000011001090000000037827311100000113120000310.15  
20140514000011001090000000037827311100000113131000544.13  
20140514000011001090000000037827311100000113200000362.75  
20140514000011000780000000052419840900000111220000216.00  
20140514000011000780000000052419840900000111400001381.73  
20140514000011000780000000052419840900000111700014971.00  
20140514000011000780000000052419840900000111910001393.72  
20140514000011000780000000052419840900000113110001658.07  
20140514000011000780000000052419840900000113120000283.53  
20140514000011000780000000052419840900000113131000497.42  
20140514000011000780000000052419840900000113200000331.61  
20140514000011002030000000010690890900000111400003210.00  
20140514000011002030000000010690890900000111700038520.00  
20140514000011002030000000010690890900000113110003852.00  
20140514000011002030000000010690890900000113120000658.69  
20140514000011002030000000010690890900000113131001155.60  
20140514000011002030000000010690890900000113200000770.40  
20140514000011000130000000031378190900000111220001468.80  
20140514000011000130000000031378190900000111400002659.58  
20140514000011000130000000031378190900000111700030446.20  
20140514000011000130000000031378190900000113110003191.50  
20140514000011000130000000031378190900000113120000545.75  
20140514000011000130000000031378190900000113131000957.45  
20140514000011000130000000031378190900000113200000638.30  
20140514000011000790000000052259660900000111220000216.00  
20140514000011000790000000052259660900000111400001265.58  
20140514000011000790000000052259660900000111700014971.00  
20140514000011000790000000052259660900000113110001518.70  
20140514000011000790000000052259660900000113120000259.70  
20140514000011000790000000052259660900000113131000455.61  
20140514000011000790000000052259660900000113200000303.74  
20140514000011000860000000044618940900000111220000475.20  
20140514000011000860000000044618940900000111400001186.76  
20140514000011000860000000044618940900000111700013765.88  
20140514000011000860000000044618940900000113110001424.11  
20140514000011000860000000044618940900000113120000243.52  
20140514000011000860000000044618940900000113131000427.23  
20140514000011000860000000044618940900000113200000284.82  
20140514000011001410000000048709620900000111220000216.00  
20140514000011001410000000048709620900000111400000641.33  
20140514000011001410000000048709620900000111600003600.00  
20140514000011001410000000048709620900000111700007480.00  
20140514000011001410000000048709620900000113110000769.60  
20140514000011001410000000048709620900000113120000131.60  
20140514000011001410000000048709620900000113131000230.88  
20140514000011001410000000048709620900000113200000153.92  
20140514000011000870000000051932150900000111220000216.00  
20140514000011000870000000051932150900000111400001168.55  
20140514000011000870000000051932150900000111700013806.60  
20140514000011000870000000051932150900000113110001402.26  
20140514000011000870000000051932150900000113120000239.79  
20140514000011000870000000051932150900000113131000420.68  
20140514000011000870000000051932150900000113200000280.45  
20140514000011000190000000005681381200000111220002160.00  
20140514000011000190000000005681381200000111400002540.70  
20140514000011000190000000005681381200000111700028328.40  
20140514000011000190000000005681381200000113110003048.84  
20140514000011000190000000005681381200000113131000914.65  
20140514000011000190000000005681381200000113200000609.77  
20140514000011000600000000044208961000000111220000216.00  
20140514000011000600000000044208961000000111400001624.50  
20140514000011000600000000044208961000000111600003600.00  
20140514000011000600000000044208961000000111700019278.00  
20140514000011000600000000044208961000000113110001949.40  
20140514000011000600000000044208961000000113120000333.35  
20140514000011000600000000044208961000000113131000584.82  
20140514000011000600000000044208961000000113200000389.88  
20140514000011000610000000035181171000000111220000475.20  
20140514000011000610000000035181171000000111400001646.10  
20140514000011000610000000035181171000000111700019278.00  
20140514000011000610000000035181171000000113110001975.32  
20140514000011000610000000035181171000000113120000337.78  
20140514000011000610000000035181171000000113131000592.60  
20140514000011000610000000035181171000000113200000395.06  
20140514000011001420000000030640161000000111220001123.20  
20140514000011001420000000030640161000000111310001496.80  
20140514000011001420000000030640161000000111400000841.67  
20140514000011001420000000030640161000000111700007480.00  
20140514000011001420000000030640161000000113110001010.00  
20140514000011001420000000030640161000000113120000172.71  
20140514000011001420000000030640161000000113131000303.00  
20140514000011001420000000030640161000000113200000202.00  
20140514000011000970000000045021820900000111400001020.42  
20140514000011000970000000045021820900000111700012245.00  
20140514000011000970000000045021820900000113110001224.50  
20140514000011000970000000045021820900000113120000209.39  
20140514000011000970000000045021820900000113131000367.35  
20140514000011000970000000045021820900000113200000244.90  
20140514000011000980000000040225151100000111220000475.20  
20140514000011000980000000040225151100000111310002436.44  
20140514000011000980000000040225151100000111400001257.65  
20140514000011000980000000040225151100000111600003600.00  
20140514000011000980000000040225151100000111700012180.20  
20140514000011000980000000040225151100000113110001509.18  
20140514000011000980000000040225151100000113120000258.07  
20140514000011000980000000040225151100000113131000452.76  
20140514000011000980000000040225151100000113200000301.84  
20140514000011001320000000044154021100000111220000475.20  
20140514000011001320000000044154021100000111310001769.00  
20140514000011001320000000044154021100000111400001143.31  
20140514000011001320000000044154021100000111700008843.00  
20140514000011001320000000044154021100000111910002632.47  
20140514000011001320000000044154021100000113110001371.97  
20140514000011001320000000044154021100000113120000234.61  
20140514000011001320000000044154021100000113131000411.59  
20140514000011001320000000044154021100000113200000274.39  
20140514000011001330000000042002231100000111220000216.00  
20140514000011001330000000042002231100000111310001760.97  
20140514000011001330000000042002231100000111400001063.29  
20140514000011001330000000042002231100000111600002160.00  
20140514000011001330000000042002231100000111700008959.40  
20140514000011001330000000042002231100000111910001823.15  
20140514000011001330000000042002231100000113110001275.95  
20140514000011001330000000042002231100000113120000218.19  
20140514000011001330000000042002231100000113131000382.79  
20140514000011001330000000042002231100000113200000255.19  
20140514000011002070000000051989401000000111220000216.00  
20140514000011002070000000051989401000000111400002277.33  
20140514000011002070000000051989401000000111700027111.93  
20140514000011002070000000051989401000000113110002732.79  
20140514000011002070000000051989401000000113120000467.31  
20140514000011002070000000051989401000000113131000819.84  
20140514000011002070000000051989401000000113200000546.56  
20140514000011000990000000056485771100000111220000216.00  
20140514000011000990000000056485771100000111310002449.40  
20140514000011000990000000056485771100000111400001242.53  
20140514000011000990000000056485771100000111700012245.00  
20140514000011000990000000056485771100000113110001491.04  
20140514000011000990000000056485771100000113120000254.97  
20140514000011000990000000056485771100000113131000447.31  
20140514000011000990000000056485771100000113200000298.21  
20140514000011000380000000044249661000000111220000216.00  
20140514000011000380000000044249661000000111400002163.33  
20140514000011000380000000044249661000000111700025744.00  
20140514000011000380000000044249661000000113110002596.00  
20140514000011000380000000044249661000000113120000443.92  
20140514000011000380000000044249661000000113131000778.80  
20140514000011000380000000044249661000000113200000519.20  
20140514000011001340000000036055810900000111400000736.92  
20140514000011001340000000036055810900000111700008843.00  
20140514000011001340000000036055810900000113110000884.30  
20140514000011001340000000036055810900000113120000151.22  
20140514000011001340000000036055810900000113131000265.29  
20140514000011001340000000036055810900000113200000176.86  
20140514000011001430000000037530270900000111220000777.60  
20140514000011001430000000037530270900000111400000688.13  
20140514000011001430000000037530270900000111700007480.00  
20140514000011001430000000037530270900000113110000825.76  
20140514000011001430000000037530270900000113120000141.20  
20140514000011001430000000037530270900000113131000247.73  
20140514000011001430000000037530270900000113200000165.15  
20140514000011002100000000036212690900000111220001468.80  
20140514000011002100000000036212690900000111400002945.98  
20140514000011002100000000036212690900000111600000960.00  
20140514000011002100000000036212690900000111700033883.00  
20140514000011002100000000036212690900000113110003535.18  
20140514000011002100000000036212690900000113120000604.52  
20140514000011002100000000036212690900000113131001060.55  
20140514000011002100000000036212690900000113200000707.04  
20140514000011000150000000035888920900000111400002531.74  
20140514000011000150000000035888920900000111700030380.92  
20140514000011000150000000035888920900000113110003038.09  
20140514000011000150000000035888920900000113120000519.51  
20140514000011000150000000035888920900000113131000911.43  
20140514000011000150000000035888920900000113200000607.62  
20140514000011001350000000059031341100000111220000475.20  
20140514000011001350000000059031341100000111310001769.00  
20140514000011001350000000059031341100000111400001112.84  
20140514000011001350000000059031341100000111600003840.00  
20140514000011001350000000059031341100000111700008843.00  
20140514000011001350000000059031341100000111910002266.86  
20140514000011001350000000059031341100000113110001335.41  
20140514000011001350000000059031341100000113120000228.35  
20140514000011001350000000059031341100000113131000400.62  
20140514000011001350000000059031341100000113200000267.08  
20140514000011000620000000044678691200000111220000216.00  
20140514000011000620000000044678691200000111400001624.50  
20140514000011000620000000044678691200000111700019278.00  
20140514000011000620000000044678691200000113110001949.40  
20140514000011000620000000044678691200000113120000333.35  
20140514000011000620000000044678691200000113131000584.82  
20140514000011000620000000044678691200000113200000389.88  
20140514000011002120000000044119031000000111400002006.25  
20140514000011002120000000044119031000000111700024075.00  
20140514000011002120000000044119031000000113110002407.50  
20140514000011002120000000044119031000000113120000411.68  
20140514000011002120000000044119031000000113131000722.25  
20140514000011002120000000044119031000000113200000481.50  
20140514000011000880000000037423651200000111220000475.20  
20140514000011000880000000037423651200000111400001192.68  
20140514000011000880000000037423651200000111700013837.00  
20140514000011000880000000037423651200000113110001431.22  
20140514000011000880000000037423651200000113120000244.74  
20140514000011000880000000037423651200000113131000429.37  
20140514000011000880000000037423651200000113200000286.24  
20140514000011001100000000037206271100000111220001814.40  
20140514000011001100000000037206271100000111310002222.60  
20140514000011001100000000037206271100000111400001485.08  
20140514000011001100000000037206271100000111700011111.00  
20140514000011001100000000037206271100000111910002672.99  
20140514000011001100000000037206271100000113110001782.10  
20140514000011001100000000037206271100000113120000304.74  
20140514000011001100000000037206271100000113131000534.63  
20140514000011001100000000037206271100000113200000356.42  
20140514000011000400000000035564380900000111220000475.20  
20140514000011000400000000035564380900000111400002373.42  
20140514000011000400000000035564380900000111700025538.80  
20140514000011000400000000035564380900000111910002467.06  
20140514000011000400000000035564380900000113110002848.11  
20140514000011000400000000035564380900000113120000487.03  
20140514000011000400000000035564380900000113131000854.43  
20140514000011000400000000035564380900000113200000569.62  
20140514000011001110000000028941011100000111220001468.80  
20140514000011001110000000028941011100000111400001048.32  
20140514000011001110000000028941011100000111700011111.00  
20140514000011001110000000028941011100000113110001257.98  
20140514000011001110000000028941011100000113120000215.11  
20140514000011001110000000028941011100000113131000377.39  
20140514000011001110000000028941011100000113200000251.60  
20140514000011000410000000028750931100000111220000216.00  
20140514000011000410000000028750931100000111400002163.33  
20140514000011000410000000028750931100000111700025744.00  
20140514000011000410000000028750931100000113110002596.00  
20140514000011000410000000028750931100000113120000443.92  
20140514000011000410000000028750931100000113131000778.80  
20140514000011000410000000028750931100000113200000519.20  
20140514000011002020000000009530210900000111220000216.00  
20140514000011002020000000009530210900000111400003365.60  
20140514000011002020000000009530210900000111700040171.20  
20140514000011002020000000009530210900000113110004038.72  
20140514000011002020000000009530210900000113120000690.62  
20140514000011002020000000009530210900000113131001211.62  
20140514000011002020000000009530210900000113200000807.74  
20140514000011001120000000017140321000000111220002160.00  
20140514000011001120000000017140321000000111400001267.92  
20140514000011001120000000017140321000000111700011111.00  
20140514000011001120000000017140321000000111910001944.06  
20140514000011001120000000017140321000000113110001521.51  
20140514000011001120000000017140321000000113120000260.18  
20140514000011001120000000017140321000000113131000456.45  
20140514000011001120000000017140321000000113200000304.30  
20140514000011000720000000043801031100000111220000079.20  
20140514000011000720000000043801031100000111400000966.65  
20140514000011000720000000043801031100000111700011520.63  
20140514000011000720000000043801031100000113110001159.98  
20140514000011000720000000043801031100000113120000198.36  
20140514000011000720000000043801031100000113131000347.99  
20140514000011000720000000043801031100000113200000232.00  
20140514000011002170000000037787980900000111220001468.80  
20140514000011002170000000037787980900000111400002332.07  
20140514000011002170000000037787980900000111700026516.00  
20140514000011002170000000037787980900000113110002798.48  
20140514000011002170000000037787980900000113120000478.54  
20140514000011002170000000037787980900000113131000839.54  
20140514000011002170000000037787980900000113200000559.70  
20140514000011000800000000037686630900000111220000216.00  
20140514000011000800000000037686630900000111400001265.57  
20140514000011000800000000037686630900000111700014970.80  
20140514000011000800000000037686630900000113110001518.68  
20140514000011000800000000037686630900000113120000259.69  
20140514000011000800000000037686630900000113131000455.60  
20140514000011000800000000037686630900000113200000303.74  
20140514000011000200000000042889520900000111220000216.00  
20140514000011000200000000042889520900000111400002380.50  
20140514000011000200000000042889520900000111700028350.00  
20140514000011000200000000042889520900000113110002856.60  
20140514000011000200000000042889520900000113120000488.48  
20140514000011000200000000042889520900000113131000856.98  
20140514000011000200000000042889520900000113200000571.32  
20140514000011001360000000047023491100000111220000475.20  
20140514000011001360000000047023491100000111310001769.00  
20140514000011001360000000047023491100000111400001131.81  
20140514000011001360000000047023491100000111700008843.00  
20140514000011001360000000047023491100000111910002494.54  
20140514000011001360000000047023491100000113110001358.17  
20140514000011001360000000047023491100000113120000232.25  
20140514000011001360000000047023491100000113131000407.45  
20140514000011001360000000047023491100000113200000271.63  
20140514000011002040000000030176310900000111220000216.00  
20140514000011002040000000030176310900000111400003228.00  
20140514000011002040000000030176310900000111700038520.00  
20140514000011002040000000030176310900000113110003873.60  
20140514000011002040000000030176310900000113120000662.39  
20140514000011002040000000030176310900000113131001162.08  
20140514000011002040000000030176310900000113200000774.72  
20140514000011000250000000031317101100000111220001814.40  
20140514000011000250000000031317101100000111400002419.20  
20140514000011000250000000031317101100000111700027216.00  
20140514000011000250000000031317101100000113110002903.04  
20140514000011000250000000031317101100000113120000496.42  
20140514000011000250000000031317101100000113131000870.91  
20140514000011000250000000031317101100000113200000580.61  
20140514000011001130000000059166500900000111220000216.00  
20140514000011001130000000059166500900000111400000943.93  
20140514000011001130000000059166500900000111700011111.20  
20140514000011001130000000059166500900000113110001132.72  
20140514000011001130000000059166500900000113120000193.70  
20140514000011001130000000059166500900000113131000339.82  
20140514000011001130000000059166500900000113200000226.54  
20140514000011001370000000025513140900000111220001468.80  
20140514000011001370000000025513140900000111400000859.32  
20140514000011001370000000025513140900000111700008843.00  
20140514000011001370000000025513140900000113110001031.18  
20140514000011001370000000025513140900000113120000176.33  
20140514000011001370000000025513140900000113131000309.35  
20140514000011001370000000025513140900000113200000206.24  
20140514000011000730000000037295801200000111220000216.00  
20140514000011000730000000037295801200000111400001450.98  
20140514000011000730000000037295801200000111700017195.80  
20140514000011000730000000037295801200000113110001741.18  
20140514000011000730000000037295801200000113120000297.74  
20140514000011000730000000037295801200000113131000522.35  
20140514000011000730000000037295801200000113200000348.24  
20140514000011001440000000079628621100000111220000216.00  
20140514000011001440000000079628621100000111310001493.95  
20140514000011001440000000079628621100000111400000777.70  
20140514000011001440000000079628621100000111700007622.40  
20140514000011001440000000079628621100000113110000933.24  
20140514000011001440000000079628621100000113120000159.58  
20140514000011001440000000079628621100000113131000279.97  
20140514000011001440000000079628621100000113200000186.65  
20140514000011000260000000013206270900000111220000216.00  
20140514000011000260000000013206270900000111400002286.00  
20140514000011000260000000013206270900000111700027216.00  
20140514000011000260000000013206270900000113110002743.20  
20140514000011000260000000013206270900000113120000469.09  
20140514000011000260000000013206270900000113131000822.96  
20140514000011000260000000013206270900000113200000548.64  
20140514000011000270000000013847921000000111220000216.00  
20140514000011000270000000013847921000000111400002286.00  
20140514000011000270000000013847921000000111700027216.00  
20140514000011000270000000013847921000000113110002743.20  
20140514000011000270000000013847921000000113120000469.09  
20140514000011000270000000013847921000000113131000822.96  
20140514000011000270000000013847921000000113200000548.64  
20140514000011000430000000021398970900000111220001814.40  
20140514000011000430000000021398970900000111400002296.53  
20140514000011000430000000021398970900000111700025744.00  
20140514000011000430000000021398970900000113110002755.84  
20140514000011000430000000021398970900000113120000471.25  
20140514000011000430000000021398970900000113131000826.75  
20140514000011000430000000021398970900000113200000551.17  
20140514000011000160000000037321240900000111220001123.20  
20140514000011000160000000037321240900000111400002632.58  
20140514000011000160000000037321240900000111700030467.80  
20140514000011000160000000037321240900000113110003159.10  
20140514000011000160000000037321240900000113120000540.21  
20140514000011000160000000037321240900000113131000947.73  
20140514000011000160000000037321240900000113200000631.82  
20140514000011001000000000073493141000000111220002160.00  
20140514000011001000000000073493141000000111400001200.42  
20140514000011001000000000073493141000000111700012245.00  
20140514000011001000000000073493141000000113110001440.50  
20140514000011001000000000073493141000000113131000432.15  
20140514000011001000000000073493141000000113200000288.10  
20140514000011001450000000024542320900000111220000216.00  
20140514000011001450000000024542320900000111400000745.59  
20140514000011001450000000024542320900000111700007653.31  
20140514000011001450000000024542320900000111910001077.82  
20140514000011001450000000024542320900000113110000894.71  
20140514000011001450000000024542320900000113120000153.00  
20140514000011001450000000024542320900000113131000268.41  
20140514000011001450000000024542320900000113200000178.94  
20140514000011002080000000007788821200000111220002160.00  
20140514000011002080000000007788821200000111400002544.27  
20140514000011002080000000007788821200000111700028371.20  
20140514000011002080000000007788821200000113110003053.12  
20140514000011002080000000007788821200000113131000915.94  
20140514000011002080000000007788821200000113200000610.62  
20140514000011000630000000059353090900000111220000216.00  
20140514000011000630000000059353090900000111400001617.67  
20140514000011000630000000059353090900000111700019196.00  
20140514000011000630000000059353090900000113110001941.20  
20140514000011000630000000059353090900000113120000331.95  
20140514000011000630000000059353090900000113131000582.36  
20140514000011000630000000059353090900000113200000388.24  
20140514000011001140000000009602780900000111220001123.20  
20140514000011001140000000009602780900000111400001019.52  
20140514000011001140000000009602780900000111700011111.00  
20140514000011001140000000009602780900000113110001223.42  
20140514000011001140000000009602780900000113120000209.20  
20140514000011001140000000009602780900000113131000367.03  
20140514000011001140000000009602780900000113200000244.68  
20140514000011000640000000044674200900000111220001123.20  
20140514000011000640000000044674200900000111400001693.27  
20140514000011000640000000044674200900000111700019196.00  
20140514000011000640000000044674200900000113110002031.92  
20140514000011000640000000044674200900000113120000347.46  
20140514000011000640000000044674200900000113131000609.58  
20140514000011000640000000044674200900000113200000406.38  
