20140514000012000530000000044701020900000111220000216.00  
20140514000012000530000000044701020900000111700010098.00  
20140514000012000530000000044701020900000113110001031.40  
20140514000012000530000000044701020900000113120000176.37  
20140514000012000530000000044701020900000113131000309.42  
20140514000012000530000000044701020900000113200000206.28  
20140514000012000890000000045263860900000111220000216.00  
20140514000012000890000000045263860900000111700006415.00  
20140514000012000890000000045263860900000113110000663.10  
20140514000012000890000000045263860900000113120000113.39  
20140514000012000890000000045263860900000113131000198.93  
20140514000012000890000000045263860900000113200000132.62  
20140514000012000540000000030812510900000111220001468.80  
20140514000012000540000000030812510900000111700010098.00  
20140514000012000540000000030812510900000113110001156.68  
20140514000012000540000000030812510900000113120000197.79  
20140514000012000540000000030812510900000113131000347.00  
20140514000012000540000000030812510900000113200000231.34  
20140514000012000900000000045103950900000111220000216.00  
20140514000012000900000000045103950900000111700006415.00  
20140514000012000900000000045103950900000113110000663.10  
20140514000012000900000000045103950900000113120000113.39  
20140514000012000900000000045103950900000113131000198.93  
20140514000012000900000000045103950900000113200000132.62  
20140514000012000440000000009521340900000111220001814.40  
20140514000012000440000000009521340900000111700012474.00  
20140514000012000440000000009521340900000113110001428.84  
20140514000012000440000000009521340900000113120000244.33  
20140514000012000440000000009521340900000113131000428.65  
20140514000012000440000000009521340900000113200000285.77  
20140514000012000280000000030994141100000111220000475.20  
20140514000012000280000000030994141100000111310002696.80  
20140514000012000280000000030994141100000111700013484.00  
20140514000012000280000000030994141100000113110001665.60  
20140514000012000280000000030994141100000113120000284.82  
20140514000012000280000000030994141100000113131000499.68  
20140514000012000280000000030994141100000113200000333.12  
20140514000012002190000000008109860900000111220001123.20  
20140514000012002190000000008109860900000111700013484.00  
20140514000012002190000000008109860900000113110001460.72  
20140514000012002190000000008109860900000113120000249.78  
20140514000012002190000000008109860900000113131000438.22  
20140514000012002190000000008109860900000113200000292.14  
20140514000012001150000000043297891100000111220001123.20  
20140514000012001150000000043297891100000111310001057.40  
20140514000012001150000000043297891100000111700005287.00  
20140514000012001150000000043297891100000111910000703.83  
20140514000012001150000000043297891100000113110000817.14  
20140514000012001150000000043297891100000113120000139.73  
20140514000012001150000000043297891100000113131000245.14  
20140514000012001150000000043297891100000113200000163.43  
20140514000012002180000000024064850900000111220000475.20  
20140514000012002180000000024064850900000111700013484.00  
20140514000012002180000000024064850900000113110001395.92  
20140514000012002180000000024064850900000113120000238.70  
20140514000012002180000000024064850900000113131000418.78  
20140514000012002180000000024064850900000113200000279.18  
20140514000012000550000000033144560900000111220000475.20  
20140514000012000550000000033144560900000111700010098.00  
20140514000012000550000000033144560900000113110001057.32  
20140514000012000550000000033144560900000113120000180.80  
20140514000012000550000000033144560900000113131000317.20  
20140514000012000550000000033144560900000113200000211.46  
20140514000012000210000000036231231100000111220001814.40  
20140514000012000210000000036231231100000111700014256.00  
20140514000012000210000000036231231100000113110001607.04  
20140514000012000210000000036231231100000113120000274.80  
20140514000012000210000000036231231100000113131000482.11  
20140514000012000210000000036231231100000113200000321.41  
20140514000012001210000000018643811100000111220001123.20  
20140514000012001210000000018643811100000111310000926.60  
20140514000012001210000000018643811100000111600001440.00  
20140514000012001210000000018643811100000111700004633.00  
20140514000012001210000000018643811100000111910001629.27  
20140514000012001210000000018643811100000113110000831.21  
20140514000012001210000000018643811100000113120000142.14  
20140514000012001210000000018643811100000113131000249.36  
20140514000012001210000000018643811100000113200000166.24  
20140514000012000450000000035116591200000111220000216.00  
20140514000012000450000000035116591200000111700012474.00  
20140514000012000450000000035116591200000113110001269.00  
20140514000012000450000000035116591200000113120000217.00  
20140514000012000450000000035116591200000113131000380.70  
20140514000012000450000000035116591200000113200000253.80  
20140514000012001220000000017642751100000111220000475.20  
20140514000012001220000000017642751100000111310000926.60  
20140514000012001220000000017642751100000111700004633.00  
20140514000012001220000000017642751100000111910000327.22  
20140514000012001220000000017642751100000113110000636.20  
20140514000012001220000000017642751100000113120000108.79  
20140514000012001220000000017642751100000113131000190.86  
20140514000012001220000000017642751100000113200000127.24  
20140514000012000290000000037708311100000111220001123.20  
20140514000012000290000000037708311100000111310002696.80  
20140514000012000290000000037708311100000111700013484.00  
20140514000012000290000000037708311100000113110001730.40  
20140514000012000290000000037708311100000113120000295.90  
20140514000012000290000000037708311100000113131000519.12  
20140514000012000290000000037708311100000113200000346.08  
20140514000012000560000000051699641000000111220000216.00  
20140514000012000560000000051699641000000111700010098.00  
20140514000012000560000000051699641000000113110001031.40  
20140514000012000560000000051699641000000113120000176.37  
20140514000012000560000000051699641000000113131000309.42  
20140514000012000560000000051699641000000113200000206.28  
20140514000012002110000000044147960900000111220000216.00  
20140514000012002110000000044147960900000111700024075.00  
20140514000012002110000000044147960900000113110002429.10  
20140514000012002110000000044147960900000113120000415.38  
20140514000012002110000000044147960900000113131000728.73  
20140514000012002110000000044147960900000113200000485.82  
20140514000012001160000000035049721100000111220001468.80  
20140514000012001160000000035049721100000111310001057.40  
20140514000012001160000000035049721100000111700005287.00  
20140514000012001160000000035049721100000111910001277.70  
20140514000012001160000000035049721100000113110000909.09  
20140514000012001160000000035049721100000113120000155.45  
20140514000012001160000000035049721100000113131000272.73  
20140514000012001160000000035049721100000113200000181.82  
20140514000012000650000000044144611100000111220000475.20  
20140514000012000650000000044144611100000111310001805.80  
20140514000012000650000000044144611100000111700009029.00  
20140514000012000650000000044144611100000113110001131.00  
20140514000012000650000000044144611100000113120000193.40  
20140514000012000650000000044144611100000113131000339.30  
20140514000012000650000000044144611100000113200000226.20  
20140514000012000570000000030128040900000111220000216.00  
20140514000012000570000000030128040900000111700010098.00  
20140514000012000570000000030128040900000113110001031.40  
20140514000012000570000000030128040900000113120000176.37  
20140514000012000570000000030128040900000113131000309.42  
20140514000012000570000000030128040900000113200000206.28  
20140514000012001170000000037549901100000111220001468.80  
20140514000012001170000000037549901100000111310001057.40  
20140514000012001170000000037549901100000111700005287.00  
20140514000012001170000000037549901100000113110000781.32  
20140514000012001170000000037549901100000113120000133.61  
20140514000012001170000000037549901100000113131000234.40  
20140514000012001170000000037549901100000113200000156.26  
20140514000012000080000000028681720900000111220000777.60  
20140514000012000080000000028681720900000111700015979.00  
20140514000012000080000000028681720900000113110001675.66  
20140514000012000080000000028681720900000113120000286.54  
20140514000012000080000000028681720900000113131000502.70  
20140514000012000080000000028681720900000113200000335.13  
20140514000012000740000000052918901100000111220000216.00  
20140514000012000740000000052918901100000111310001568.20  
20140514000012000740000000052918901100000111700007841.00  
20140514000012000740000000052918901100000113110000962.52  
20140514000012000740000000052918901100000113120000164.59  
20140514000012000740000000052918901100000113131000288.76  
20140514000012000740000000052918901100000113200000192.50  
20140514000012002000000000037570880900000111220000777.60  
20140514000012002000000000037570880900000111700012474.00  
20140514000012002000000000037570880900000113110001325.16  
20140514000012002000000000037570880900000113120000226.60  
20140514000012002000000000037570880900000113131000397.55  
20140514000012002000000000037570880900000113200000265.03  
20140514000012000750000000040131221000000111220000216.00  
20140514000012000750000000040131221000000111700007841.00  
20140514000012000750000000040131221000000113110000805.70  
20140514000012000750000000040131221000000113120000137.77  
20140514000012000750000000040131221000000113131000241.71  
20140514000012000750000000040131221000000113200000161.14  
20140514000012000910000000040761511100000111220000216.00  
20140514000012000910000000040761511100000111700006415.00  
20140514000012000910000000040761511100000113110000663.10  
20140514000012000910000000040761511100000113120000113.39  
20140514000012000910000000040761511100000113131000198.93  
20140514000012000910000000040761511100000113200000132.62  
20140514000012001230000000034170501100000111220000475.20  
20140514000012001230000000034170501100000111310000926.60  
20140514000012001230000000034170501100000111700004633.00  
20140514000012001230000000034170501100000111910001242.22  
20140514000012001230000000034170501100000113110000727.70  
20140514000012001230000000034170501100000113120000124.44  
20140514000012001230000000034170501100000113131000218.31  
20140514000012001230000000034170501100000113200000145.54  
20140514000012000470000000035904831000000111220000475.20  
20140514000012000470000000035904831000000111700012474.00  
20140514000012000470000000035904831000000113110001294.92  
20140514000012000470000000035904831000000113120000221.43  
20140514000012000470000000035904831000000113131000388.48  
20140514000012000470000000035904831000000113200000258.98  
20140514000012000580000000044506571000000111220000216.00  
20140514000012000580000000044506571000000111600001440.00  
20140514000012000580000000044506571000000111700010098.00  
20140514000012000580000000044506571000000113110001031.40  
20140514000012000580000000044506571000000113120000176.37  
20140514000012000580000000044506571000000113131000309.42  
20140514000012000580000000044506571000000113200000206.28  
20140514000012001380000000036936201000000111220000777.60  
20140514000012001380000000036936201000000111310000784.00  
20140514000012001380000000036936201000000111700003920.00  
20140514000012001380000000036936201000000113110000548.16  
20140514000012001380000000036936201000000113120000093.74  
20140514000012001380000000036936201000000113131000164.45  
20140514000012001380000000036936201000000113200000109.63  
20140514000012001010000000013705021100000111220001468.80  
20140514000012001010000000013705021100000111310001164.20  
20140514000012001010000000013705021100000111700005821.00  
20140514000012001010000000013705021100000111910002064.03  
20140514000012001010000000013705021100000113110001051.80  
20140514000012001010000000013705021100000113120000179.86  
20140514000012001010000000013705021100000113131000315.54  
20140514000012001010000000013705021100000113200000210.36  
20140514000012000180000000030045571200000111220001123.20  
20140514000012000180000000030045571200000111700014850.00  
20140514000012000180000000030045571200000113110001597.32  
20140514000012000180000000030045571200000113120000273.14  
20140514000012000180000000030045571200000113131000479.20  
20140514000012000180000000030045571200000113200000319.46  
20140514000012001020000000026926041100000111220001123.20  
20140514000012001020000000026926041100000111310001164.20  
20140514000012001020000000026926041100000111700005821.00  
20140514000012001020000000026926041100000111910000436.58  
20140514000012001020000000026926041100000113110000854.50  
20140514000012001020000000026926041100000113120000146.12  
20140514000012001020000000026926041100000113131000256.35  
20140514000012001020000000026926041100000113200000170.90  
20140514000012000920000000029143441100000111220001814.40  
20140514000012000920000000029143441100000111310001283.00  
20140514000012000920000000029143441100000111700006415.00  
20140514000012000920000000029143441100000111910000641.51  
20140514000012000920000000029143441100000113110001015.39  
20140514000012000920000000029143441100000113120000173.63  
20140514000012000920000000029143441100000113131000304.62  
20140514000012000920000000029143441100000113200000203.08  
20140514000012002130000000052135240900000111220000216.00  
20140514000012002130000000052135240900000111700015979.00  
20140514000012002130000000052135240900000113110001619.50  
20140514000012002130000000052135240900000113120000276.93  
20140514000012002130000000052135240900000113131000485.85  
20140514000012002130000000052135240900000113200000323.90  
20140514000012001030000000009599340900000111220002160.00  
20140514000012001030000000009599340900000111700005821.00  
20140514000012001030000000009599340900000113110000798.10  
20140514000012001030000000009599340900000113120000136.48  
20140514000012001030000000009599340900000113131000239.43  
20140514000012001030000000009599340900000113200000159.62  
20140514000012001240000000037862621100000111220000777.60  
20140514000012001240000000037862621100000111310000926.60  
20140514000012001240000000037862621100000111700004633.00  
20140514000012001240000000037862621100000111910000185.32  
20140514000012001240000000037862621100000113110000652.25  
20140514000012001240000000037862621100000113120000111.54  
20140514000012001240000000037862621100000113131000195.68  
20140514000012001240000000037862621100000113200000130.45  
20140514000012000090000000028683471000000111220000475.20  
20140514000012000090000000028683471000000111700015979.00  
20140514000012000090000000028683471000000113110001645.42  
20140514000012000090000000028683471000000113120000281.37  
20140514000012000090000000028683471000000113131000493.63  
20140514000012000090000000028683471000000113200000329.08  
20140514000012000100000000031374600900000111220001468.80  
20140514000012000100000000031374600900000111700015979.00  
20140514000012000100000000031374600900000113110001744.78  
20140514000012000100000000031374600900000113120000298.36  
20140514000012000100000000031374600900000113131000523.43  
20140514000012000100000000031374600900000113200000348.96  
20140514000012000810000000064080310900000111220000216.00  
20140514000012000810000000064080310900000111700007247.00  
20140514000012000810000000064080310900000111910000579.76  
20140514000012000810000000064080310900000113110000804.28  
20140514000012000810000000064080310900000113120000137.53  
20140514000012000810000000064080310900000113131000241.28  
20140514000012000810000000064080310900000113200000160.86  
20140514000012000760000000064666681100000111220000216.00  
20140514000012000760000000064666681100000111310001568.20  
20140514000012000760000000064666681100000111700007841.00  
20140514000012000760000000064666681100000113110000962.52  
20140514000012000760000000064666681100000113120000164.59  
20140514000012000760000000064666681100000113131000288.76  
20140514000012000760000000064666681100000113200000192.50  
20140514000012000110000000030253460900000111700015979.00  
20140514000012000110000000030253460900000113110001597.90  
20140514000012000110000000030253460900000113120000273.24  
20140514000012000110000000030253460900000113131000479.37  
20140514000012000110000000030253460900000113200000319.58  
20140514000012000300000000037697441200000111220000216.00  
20140514000012000300000000037697441200000111700013484.00  
20140514000012000300000000037697441200000113110001370.00  
20140514000012000300000000037697441200000113120000234.27  
20140514000012000300000000037697441200000113131000411.00  
20140514000012000300000000037697441200000113200000274.00  
20140514000012000930000000030781101100000111220001468.80  
20140514000012000930000000030781101100000111310001283.00  
20140514000012000930000000030781101100000111700006415.00  
20140514000012000930000000030781101100000111910001422.00  
20140514000012000930000000030781101100000113110001058.88  
20140514000012000930000000030781101100000113120000181.07  
20140514000012000930000000030781101100000113131000317.66  
20140514000012000930000000030781101100000113200000211.78  
20140514000012001250000000088545261100000111220000216.00  
20140514000012001250000000088545261100000111310000926.60  
20140514000012001250000000088545261100000111700004633.00  
20140514000012001250000000088545261100000111910000707.50  
20140514000012001250000000088545261100000113110000648.31  
20140514000012001250000000088545261100000113120000110.86  
20140514000012001250000000088545261100000113131000194.49  
20140514000012001250000000088545261100000113200000129.66  
20140514000012000590000000009363050900000111220001468.80  
20140514000012000590000000009363050900000111700010098.00  
20140514000012000590000000009363050900000113110001156.68  
20140514000012000590000000009363050900000113120000197.79  
20140514000012000590000000009363050900000113131000347.00  
20140514000012000590000000009363050900000113200000231.34  
20140514000012001260000000051518861100000111220000475.20  
20140514000012001260000000051518861100000111310000926.60  
20140514000012001260000000051518861100000111700004633.00  
20140514000012001260000000051518861100000111910000600.36  
20140514000012001260000000051518861100000113110000663.52  
20140514000012001260000000051518861100000113120000113.46  
20140514000012001260000000051518861100000113131000199.05  
20140514000012001260000000051518861100000113200000132.70  
20140514000012000820000000028997750900000111220000216.00  
20140514000012000820000000028997750900000111700007247.00  
20140514000012000820000000028997750900000113110000746.30  
20140514000012000820000000028997750900000113120000127.62  
20140514000012000820000000028997750900000113131000223.89  
20140514000012000820000000028997750900000113200000149.26  
20140514000012000310000000036220651100000111220001468.80  
20140514000012000310000000036220651100000111700013484.00  
20140514000012000310000000036220651100000113110001495.28  
20140514000012000310000000036220651100000113120000255.69  
20140514000012000310000000036220651100000113131000448.58  
20140514000012000310000000036220651100000113200000299.06  
20140514000012000660000000051617001100000111220000216.00  
20140514000012000660000000051617001100000111310001805.80  
20140514000012000660000000051617001100000111700009029.00  
20140514000012000660000000051617001100000113110001105.08  
20140514000012000660000000051617001100000113120000188.97  
20140514000012000660000000051617001100000113131000331.52  
20140514000012000660000000051617001100000113200000221.02  
20140514000012001270000000045380110900000111220000216.00  
20140514000012001270000000045380110900000111700004633.00  
20140514000012001270000000045380110900000113110000484.90  
20140514000012001270000000045380110900000113120000082.92  
20140514000012001270000000045380110900000113131000145.47  
20140514000012001270000000045380110900000113200000096.98  
20140514000012000830000000019306230900000111220000216.00  
20140514000012000830000000019306230900000111700007247.00  
20140514000012000830000000019306230900000113110000746.30  
20140514000012000830000000019306230900000113120000127.62  
20140514000012000830000000019306230900000113131000223.89  
20140514000012000830000000019306230900000113200000149.26  
20140514000012000940000000060874820900000111220000216.00  
20140514000012000940000000060874820900000111700006415.00  
20140514000012000940000000060874820900000113110000663.10  
20140514000012000940000000060874820900000113120000113.39  
20140514000012000940000000060874820900000113131000198.93  
20140514000012000940000000060874820900000113200000132.62  
20140514000012000950000000064310240900000111220000216.00  
20140514000012000950000000064310240900000111700006415.00  
20140514000012000950000000064310240900000113110000663.10  
20140514000012000950000000064310240900000113120000113.39  
20140514000012000950000000064310240900000113131000198.93  
20140514000012000950000000064310240900000113200000132.62  
20140514000012001040000000017606861100000111220001123.20  
20140514000012001040000000017606861100000111310001164.20  
20140514000012001040000000017606861100000111700005821.00  
20140514000012001040000000017606861100000113110000810.84  
20140514000012001040000000017606861100000113120000138.65  
20140514000012001040000000017606861100000113131000243.25  
20140514000012001040000000017606861100000113200000162.17  
20140514000012001180000000034820631100000111220001468.80  
20140514000012001180000000034820631100000111310001057.40  
20140514000012001180000000034820631100000111700005287.00  
20140514000012001180000000034820631100000111910001502.39  
20140514000012001180000000034820631100000113110000931.56  
20140514000012001180000000034820631100000113120000159.30  
20140514000012001180000000034820631100000113131000279.47  
20140514000012001180000000034820631100000113200000186.31  
20140514000012002010000000009988131100000111220000348.48  
20140514000012002010000000009988131100000111700014115.93  
20140514000012002010000000009988131100000113110001446.44  
20140514000012002010000000009988131100000113120000247.34  
20140514000012002010000000009988131100000113131000433.93  
20140514000012002010000000009988131100000113200000289.29  
20140514000012000670000000045398890900000111220000216.00  
20140514000012000670000000045398890900000111700009029.00  
20140514000012000670000000045398890900000113110000924.50  
20140514000012000670000000045398890900000113120000158.09  
20140514000012000670000000045398890900000113131000277.35  
20140514000012000670000000045398890900000113200000184.90  
20140514000012001190000000048000591100000111220000475.20  
20140514000012001190000000048000591100000111310001057.40  
20140514000012001190000000048000591100000111700005287.00  
20140514000012001190000000048000591100000111910000079.31  
20140514000012001190000000048000591100000113110000689.89  
20140514000012001190000000048000591100000113120000117.97  
20140514000012001190000000048000591100000113131000206.97  
20140514000012001190000000048000591100000113200000137.98  
20140514000012000960000000030993041100000111220000216.00  
20140514000012000960000000030993041100000111310001283.00  
20140514000012000960000000030993041100000111700006415.00  
20140514000012000960000000030993041100000113110000791.40  
20140514000012000960000000030993041100000113120000135.33  
20140514000012000960000000030993041100000113131000237.42  
20140514000012000960000000030993041100000113200000158.28  
20140514000012001200000000042929851100000111220000216.00  
20140514000012001200000000042929851100000111310001057.40  
20140514000012001200000000042929851100000111700005287.00  
20140514000012001200000000042929851100000111910000682.91  
20140514000012001200000000042929851100000113110000724.33  
20140514000012001200000000042929851100000113120000123.86  
20140514000012001200000000042929851100000113131000217.30  
20140514000012001200000000042929851100000113200000144.87  
20140514000012001050000000008031310900000111220002160.00  
20140514000012001050000000008031310900000111700005821.00  
20140514000012001050000000008031310900000113110000798.10  
20140514000012001050000000008031310900000113120000136.48  
20140514000012001050000000008031310900000113131000239.43  
20140514000012001050000000008031310900000113200000159.62  
20140514000012002090000000049012270900000111220000216.00  
20140514000012002090000000049012270900000111700024075.00  
20140514000012002090000000049012270900000113110002429.10  
20140514000012002090000000049012270900000113120000415.38  
20140514000012002090000000049012270900000113131000728.73  
20140514000012002090000000049012270900000113200000485.82  
20140514000012000680000000048841640900000111220000216.00  
20140514000012000680000000048841640900000111700009029.00  
20140514000012000680000000048841640900000113110000924.50  
20140514000012000680000000048841640900000113120000158.09  
20140514000012000680000000048841640900000113131000277.35  
20140514000012000680000000048841640900000113200000184.90  
20140514000012000840000000028792790900000111220001468.80  
20140514000012000840000000028792790900000111700007247.00  
20140514000012000840000000028792790900000113110000871.58  
20140514000012000840000000028792790900000113120000149.04  
20140514000012000840000000028792790900000113131000261.47  
20140514000012000840000000028792790900000113200000174.32  
20140514000012000850000000064730211000000111220000216.00  
20140514000012000850000000064730211000000111700007247.00  
20140514000012000850000000064730211000000113110000746.30  
20140514000012000850000000064730211000000113120000127.62  
20140514000012000850000000064730211000000113131000223.89  
20140514000012000850000000064730211000000113200000149.26  
20140514000012001390000000048977811100000111220000216.00  
20140514000012001390000000048977811100000111310000784.00  
20140514000012001390000000048977811100000111700003920.00  
20140514000012001390000000048977811100000111910001134.35  
20140514000012001390000000048977811100000113110000605.44  
20140514000012001390000000048977811100000113120000103.53  
20140514000012001390000000048977811100000113131000181.63  
20140514000012001390000000048977811100000113200000121.09  
20140514000012000320000000037688620900000111220000475.20  
20140514000012000320000000037688620900000111700013484.00  
20140514000012000320000000037688620900000113110001395.92  
20140514000012000320000000037688620900000113120000238.70  
20140514000012000320000000037688620900000113131000418.78  
20140514000012000320000000037688620900000113200000279.18  
20140514000012001060000000020457011000000111220002160.00  
20140514000012001060000000020457011000000111700005821.00  
20140514000012001060000000020457011000000113110000798.10  
20140514000012001060000000020457011000000113120000136.48  
20140514000012001060000000020457011000000113131000239.43  
20140514000012001060000000020457011000000113200000159.62  
20140514000012001460000000037345451000000111220000216.00  
20140514000012001460000000037345451000000111700015979.00  
20140514000012001460000000037345451000000113110001619.50  
20140514000012001460000000037345451000000113120000276.93  
20140514000012001460000000037345451000000113131000485.85  
20140514000012001460000000037345451000000113200000323.90  
20140514000012000340000000052702481200000111220000216.00  
20140514000012000340000000052702481200000111700013484.00  
20140514000012000340000000052702481200000113110001370.00  
20140514000012000340000000052702481200000113120000234.27  
20140514000012000340000000052702481200000113131000411.00  
20140514000012000340000000052702481200000113200000274.00  
20140514000012000770000000006851341000000111220000216.00  
20140514000012000770000000006851341000000111700007841.00  
20140514000012000770000000006851341000000113110000805.70  
20140514000012000770000000006851341000000113120000137.77  
20140514000012000770000000006851341000000113131000241.71  
20140514000012000770000000006851341000000113200000161.14  
20140514000012001400000000048869720900000111220000216.00  
20140514000012001400000000048869720900000111600001440.00  
20140514000012001400000000048869720900000111700003920.00  
20140514000012001400000000048869720900000113110000413.60  
20140514000012001400000000048869720900000113120000070.73  
20140514000012001400000000048869720900000113131000124.08  
20140514000012001400000000048869720900000113200000082.72  
20140514000012000350000000044334130900000111220000216.00  
20140514000012000350000000044334130900000111700013484.00  
20140514000012000350000000044334130900000113110001370.00  
20140514000012000350000000044334130900000113120000234.27  
20140514000012000350000000044334130900000113131000411.00  
20140514000012000350000000044334130900000113200000274.00  
20140514000012001070000000038318380900000111220001123.20  
20140514000012001070000000038318380900000111700005821.00  
20140514000012001070000000038318380900000113110000694.42  
20140514000012001070000000038318380900000113120000118.75  
20140514000012001070000000038318380900000113131000208.33  
20140514000012001070000000038318380900000113200000138.88  
20140514000012002050000000018938121100000111700038520.00  
20140514000012002050000000018938121100000113110003852.00  
20140514000012002050000000018938121100000113120000658.69  
20140514000012002050000000018938121100000113131001155.60  
20140514000012002050000000018938121100000113200000770.40  
20140514000012001080000000008552790900000111220002160.00  
20140514000012001080000000008552790900000111700005821.00  
20140514000012001080000000008552790900000113110000798.10  
20140514000012001080000000008552790900000113120000136.48  
20140514000012001080000000008552790900000113131000239.43  
20140514000012001080000000008552790900000113200000159.62  
20140514000012000690000000034593161200000111220000216.00  
20140514000012000690000000034593161200000111700009029.00  
20140514000012000690000000034593161200000113110000924.50  
20140514000012000690000000034593161200000113120000158.09  
20140514000012000690000000034593161200000113131000277.35  
20140514000012000690000000034593161200000113200000184.90  
20140514000012001280000000060963391100000111220000216.00  
20140514000012001280000000060963391100000111310000926.60  
20140514000012001280000000060963391100000111700004633.00  
20140514000012001280000000060963391100000111910001128.33  
20140514000012001280000000060963391100000113110000690.39  
20140514000012001280000000060963391100000113120000118.06  
20140514000012001280000000060963391100000113131000207.12  
20140514000012001280000000060963391100000113200000138.08  
20140514000012000700000000037290380900000111220001468.80  
20140514000012000700000000037290380900000111700009029.00  
20140514000012000700000000037290380900000113110001049.78  
20140514000012000700000000037290380900000113120000179.51  
20140514000012000700000000037290380900000113131000314.93  
20140514000012000700000000037290380900000113200000209.96  
20140514000012000710000000037205221100000111220001468.80  
20140514000012000710000000037205221100000111310001805.80  
20140514000012000710000000037205221100000111700009029.00  
20140514000012000710000000037205221100000113110001230.36  
20140514000012000710000000037205221100000113120000210.39  
20140514000012000710000000037205221100000113131000369.11  
20140514000012000710000000037205221100000113200000246.07  
20140514000012000360000000028904760900000111700013484.00  
20140514000012000360000000028904760900000113110001348.40  
20140514000012000360000000028904760900000113120000230.58  
20140514000012000360000000028904760900000113131000404.52  
20140514000012000360000000028904760900000113200000269.68  
20140514000012000370000000044187971200000111220000216.00  
20140514000012000370000000044187971200000111700013484.00  
20140514000012000370000000044187971200000113110001370.00  
20140514000012000370000000044187971200000113120000234.27  
20140514000012000370000000044187971200000113131000411.00  
20140514000012000370000000044187971200000113200000274.00  
20140514000012001290000000051794601100000111220000475.20  
20140514000012001290000000051794601100000111310000926.60  
20140514000012001290000000051794601100000111600001440.00  
20140514000012001290000000051794601100000111700004633.00  
20140514000012001290000000051794601100000111910000254.82  
20140514000012001290000000051794601100000113110000628.96  
20140514000012001290000000051794601100000113120000107.55  
20140514000012001290000000051794601100000113131000188.69  
20140514000012001290000000051794601100000113200000125.79  
20140514000012001300000000044107891100000111220001123.20  
20140514000012001300000000044107891100000111310000926.60  
20140514000012001300000000044107891100000111700004633.00  
20140514000012001300000000044107891100000111910001511.52  
20140514000012001300000000044107891100000113110000819.43  
20140514000012001300000000044107891100000113120000140.12  
20140514000012001300000000044107891100000113131000245.83  
20140514000012001300000000044107891100000113200000163.89  
20140514000012000480000000036173220900000111220000216.00  
20140514000012000480000000036173220900000111700012474.00  
20140514000012000480000000036173220900000113110001269.00  
20140514000012000480000000036173220900000113120000217.00  
20140514000012000480000000036173220900000113131000380.70  
20140514000012000480000000036173220900000113200000253.80  
20140514000012002060000000030255050900000111220000777.60  
20140514000012002060000000030255050900000111700038520.00  
20140514000012002060000000030255050900000113110003929.76  
20140514000012002060000000030255050900000113120000671.99  
20140514000012002060000000030255050900000113131001178.93  
20140514000012002060000000030255050900000113200000785.95  
20140514000012001090000000037827311100000111220001814.40  
20140514000012001090000000037827311100000111310001164.20  
20140514000012001090000000037827311100000111700005821.00  
20140514000012001090000000037827311100000111910001093.86  
20140514000012001090000000037827311100000113110000989.35  
20140514000012001090000000037827311100000113120000169.18  
20140514000012001090000000037827311100000113131000296.80  
20140514000012001090000000037827311100000113200000197.87  
20140514000012000780000000052419840900000111220000216.00  
20140514000012000780000000052419840900000111700007841.00  
20140514000012000780000000052419840900000111910000627.28  
20140514000012000780000000052419840900000113110000868.43  
20140514000012000780000000052419840900000113120000148.50  
20140514000012000780000000052419840900000113131000260.53  
20140514000012000780000000052419840900000113200000173.69  
20140514000012002010000000029910070900000111700005133.07  
20140514000012002010000000029910070900000113110000513.31  
20140514000012002010000000029910070900000113120000087.78  
20140514000012002010000000029910070900000113131000153.99  
20140514000012002010000000029910070900000113200000102.66  
20140514000012002030000000010690890900000111700038520.00  
20140514000012002030000000010690890900000113110003852.00  
20140514000012002030000000010690890900000113120000658.69  
20140514000012002030000000010690890900000113131001155.60  
20140514000012002030000000010690890900000113200000770.40  
20140514000012000130000000031378190900000111220001468.80  
20140514000012000130000000031378190900000111700015979.00  
20140514000012000130000000031378190900000113110001744.78  
20140514000012000130000000031378190900000113120000298.36  
20140514000012000130000000031378190900000113131000523.43  
20140514000012000130000000031378190900000113200000348.96  
20140514000012000790000000052259660900000111220000216.00  
20140514000012000790000000052259660900000111700007841.00  
20140514000012000790000000052259660900000113110000805.70  
20140514000012000790000000052259660900000113120000137.77  
20140514000012000790000000052259660900000113131000241.71  
20140514000012000790000000052259660900000113200000161.14  
20140514000012000860000000044618940900000111220000475.20  
20140514000012000860000000044618940900000111700007247.00  
20140514000012000860000000044618940900000113110000772.22  
20140514000012000860000000044618940900000113120000132.05  
20140514000012000860000000044618940900000113131000231.67  
20140514000012000860000000044618940900000113200000154.44  
20140514000012001410000000048709620900000111220000216.00  
20140514000012001410000000048709620900000111600001440.00  
20140514000012001410000000048709620900000111700003920.00  
20140514000012001410000000048709620900000113110000413.60  
20140514000012001410000000048709620900000113120000070.73  
20140514000012001410000000048709620900000113131000124.08  
20140514000012001410000000048709620900000113200000082.72  
20140514000012000870000000051932150900000111220000216.00  
20140514000012000870000000051932150900000111700007247.00  
20140514000012000870000000051932150900000113110000746.30  
20140514000012000870000000051932150900000113120000127.62  
20140514000012000870000000051932150900000113131000223.89  
20140514000012000870000000051932150900000113200000149.26  
20140514000012000190000000005681381200000111220002160.00  
20140514000012000190000000005681381200000111700014850.00  
20140514000012000190000000005681381200000113110001701.00  
20140514000012000190000000005681381200000113131000510.30  
20140514000012000190000000005681381200000113200000340.20  
20140514000012000600000000044208961000000111220000216.00  
20140514000012000600000000044208961000000111600001440.00  
20140514000012000600000000044208961000000111700010098.00  
20140514000012000600000000044208961000000113110001031.40  
20140514000012000600000000044208961000000113120000176.37  
20140514000012000600000000044208961000000113131000309.42  
20140514000012000600000000044208961000000113200000206.28  
20140514000012000610000000035181171000000111220000475.20  
20140514000012000610000000035181171000000111700010098.00  
20140514000012000610000000035181171000000113110001057.32  
20140514000012000610000000035181171000000113120000180.80  
20140514000012000610000000035181171000000113131000317.20  
20140514000012000610000000035181171000000113200000211.46  
20140514000012001420000000030640161000000111220001123.20  
20140514000012001420000000030640161000000111310000784.00  
20140514000012001420000000030640161000000111700003920.00  
20140514000012001420000000030640161000000113110000582.72  
20140514000012001420000000030640161000000113120000099.65  
20140514000012001420000000030640161000000113131000174.82  
20140514000012001420000000030640161000000113200000116.54  
20140514000012000970000000045021820900000111220000216.00  
20140514000012000970000000045021820900000111700006415.00  
20140514000012000970000000045021820900000113110000663.10  
20140514000012000970000000045021820900000113120000113.39  
20140514000012000970000000045021820900000113131000198.93  
20140514000012000970000000045021820900000113200000132.62  
20140514000012000980000000040225151100000111220000475.20  
20140514000012000980000000040225151100000111310001283.00  
20140514000012000980000000040225151100000111600001440.00  
20140514000012000980000000040225151100000111700006415.00  
20140514000012000980000000040225151100000113110000817.32  
20140514000012000980000000040225151100000113120000139.76  
20140514000012000980000000040225151100000113131000245.20  
20140514000012000980000000040225151100000113200000163.46  
20140514000012001320000000044154021100000111220000475.20  
20140514000012001320000000044154021100000111310000926.60  
20140514000012001320000000044154021100000111700004633.00  
20140514000012001320000000044154021100000111910000191.12  
20140514000012001320000000044154021100000113110000622.59  
20140514000012001320000000044154021100000113120000106.46  
20140514000012001320000000044154021100000113131000186.78  
20140514000012001320000000044154021100000113200000124.52  
20140514000012001330000000042002231100000111220000216.00  
20140514000012001330000000042002231100000111310000926.60  
20140514000012001330000000042002231100000111700004633.00  
20140514000012001330000000042002231100000111910001450.71  
20140514000012001330000000042002231100000113110000722.63  
20140514000012001330000000042002231100000113120000123.57  
20140514000012001330000000042002231100000113131000216.79  
20140514000012001330000000042002231100000113200000144.53  
20140514000012002070000000051989401000000111220000216.00  
20140514000012002070000000051989401000000111700024075.00  
20140514000012002070000000051989401000000113110002429.10  
20140514000012002070000000051989401000000113120000415.38  
20140514000012002070000000051989401000000113131000728.73  
20140514000012002070000000051989401000000113200000485.82  
20140514000012000990000000056485771100000111220000216.00  
20140514000012000990000000056485771100000111310001283.00  
20140514000012000990000000056485771100000111700006415.00  
20140514000012000990000000056485771100000113110000791.40  
20140514000012000990000000056485771100000113120000135.33  
20140514000012000990000000056485771100000113131000237.42  
20140514000012000990000000056485771100000113200000158.28  
20140514000012000380000000044249661000000111220000216.00  
20140514000012000380000000044249661000000111700013484.00  
20140514000012000380000000044249661000000113110001370.00  
20140514000012000380000000044249661000000113120000234.27  
20140514000012000380000000044249661000000113131000411.00  
20140514000012000380000000044249661000000113200000274.00  
20140514000012001340000000036055810900000111220000216.00  
20140514000012001340000000036055810900000111700004633.00  
20140514000012001340000000036055810900000113110000484.90  
20140514000012001340000000036055810900000113120000082.92  
20140514000012001340000000036055810900000113131000145.47  
20140514000012001340000000036055810900000113200000096.98  
20140514000012001430000000037530270900000111220000777.60  
20140514000012001430000000037530270900000111700003920.00  
20140514000012001430000000037530270900000113110000469.76  
20140514000012001430000000037530270900000113120000080.33  
20140514000012001430000000037530270900000113131000140.93  
20140514000012001430000000037530270900000113200000093.95  
20140514000012002100000000036212690900000111220001468.80  
20140514000012002100000000036212690900000111700024075.00  
20140514000012002100000000036212690900000113110002554.38  
20140514000012002100000000036212690900000113120000436.80  
20140514000012002100000000036212690900000113131000766.31  
20140514000012002100000000036212690900000113200000510.88  
20140514000012000150000000035888920900000111700015979.00  
20140514000012000150000000035888920900000113110001597.90  
20140514000012000150000000035888920900000113120000273.24  
20140514000012000150000000035888920900000113131000479.37  
20140514000012000150000000035888920900000113200000319.58  
20140514000012001350000000059031341100000111220000475.20  
20140514000012001350000000059031341100000111310000926.60  
20140514000012001350000000059031341100000111600001440.00  
20140514000012001350000000059031341100000111700004633.00  
20140514000012001350000000059031341100000111910000235.51  
20140514000012001350000000059031341100000113110000627.03  
20140514000012001350000000059031341100000113120000107.22  
20140514000012001350000000059031341100000113131000188.11  
20140514000012001350000000059031341100000113200000125.41  
20140514000012000620000000044678691200000111220000216.00  
20140514000012000620000000044678691200000111700010098.00  
20140514000012000620000000044678691200000113110001031.40  
20140514000012000620000000044678691200000113120000176.37  
20140514000012000620000000044678691200000113131000309.42  
20140514000012000620000000044678691200000113200000206.28  
20140514000012002120000000044119031000000111700024075.00  
20140514000012002120000000044119031000000113110002407.50  
20140514000012002120000000044119031000000113120000411.68  
20140514000012002120000000044119031000000113131000722.25  
20140514000012002120000000044119031000000113200000481.50  
20140514000012000880000000037423651200000111220000475.20  
20140514000012000880000000037423651200000111700007247.00  
20140514000012000880000000037423651200000113110000772.22  
20140514000012000880000000037423651200000113120000132.05  
20140514000012000880000000037423651200000113131000231.67  
20140514000012000880000000037423651200000113200000154.44  
20140514000012001100000000037206271100000111220001814.40  
20140514000012001100000000037206271100000111310001164.20  
20140514000012001100000000037206271100000111700005821.00  
20140514000012001100000000037206271100000111910000405.05  
20140514000012001100000000037206271100000113110000920.47  
20140514000012001100000000037206271100000113120000157.40  
20140514000012001100000000037206271100000113131000276.14  
20140514000012001100000000037206271100000113200000184.09  
20140514000012000400000000035564380900000111220000475.20  
20140514000012000400000000035564380900000111700013484.00  
20140514000012000400000000035564380900000111910001146.14  
20140514000012000400000000035564380900000113110001510.53  
20140514000012000400000000035564380900000113120000258.30  
20140514000012000400000000035564380900000113131000453.16  
20140514000012000400000000035564380900000113200000302.11  
20140514000012001110000000028941011100000111220001468.80  
20140514000012001110000000028941011100000111700005821.00  
20140514000012001110000000028941011100000113110000728.98  
20140514000012001110000000028941011100000113120000124.66  
20140514000012001110000000028941011100000113131000218.69  
20140514000012001110000000028941011100000113200000145.80  
20140514000012000410000000028750931100000111220000216.00  
20140514000012000410000000028750931100000111700013484.00  
20140514000012000410000000028750931100000113110001370.00  
20140514000012000410000000028750931100000113120000234.27  
20140514000012000410000000028750931100000113131000411.00  
20140514000012000410000000028750931100000113200000274.00  
20140514000012002020000000009530210900000111220000216.00  
20140514000012002020000000009530210900000111700039590.00  
20140514000012002020000000009530210900000113110003980.60  
20140514000012002020000000009530210900000113120000680.68  
20140514000012002020000000009530210900000113131001194.18  
20140514000012002020000000009530210900000113200000796.12  
20140514000012001120000000017140321000000111220002160.00  
20140514000012001120000000017140321000000111700005821.00  
20140514000012001120000000017140321000000111910001576.52  
20140514000012001120000000017140321000000113110000955.75  
20140514000012001120000000017140321000000113120000163.43  
20140514000012001120000000017140321000000113131000286.73  
20140514000012001120000000017140321000000113200000191.15  
20140514000012002170000000037787980900000111220001468.80  
20140514000012002170000000037787980900000111700014256.00  
20140514000012002170000000037787980900000113110001572.48  
20140514000012002170000000037787980900000113120000268.89  
20140514000012002170000000037787980900000113131000471.74  
20140514000012002170000000037787980900000113200000314.50  
20140514000012000800000000037686630900000111220000216.00  
20140514000012000800000000037686630900000111700007841.00  
20140514000012000800000000037686630900000113110000805.70  
20140514000012000800000000037686630900000113120000137.77  
20140514000012000800000000037686630900000113131000241.71  
20140514000012000800000000037686630900000113200000161.14  
20140514000012000200000000042889520900000111220000216.00  
20140514000012000200000000042889520900000111700014850.00  
20140514000012000200000000042889520900000113110001506.60  
20140514000012000200000000042889520900000113120000257.63  
20140514000012000200000000042889520900000113131000451.98  
20140514000012000200000000042889520900000113200000301.32  
20140514000012001360000000047023491100000111220000475.20  
20140514000012001360000000047023491100000111310000926.60  
20140514000012001360000000047023491100000111700004633.00  
20140514000012001360000000047023491100000111910000338.79  
20140514000012001360000000047023491100000113110000637.36  
20140514000012001360000000047023491100000113120000108.99  
20140514000012001360000000047023491100000113131000191.21  
20140514000012001360000000047023491100000113200000127.47  
20140514000012002040000000030176310900000111220000216.00  
20140514000012002040000000030176310900000111700038520.00  
20140514000012002040000000030176310900000113110003873.60  
20140514000012002040000000030176310900000113120000662.39  
20140514000012002040000000030176310900000113131001162.08  
20140514000012002040000000030176310900000113200000774.72  
20140514000012000250000000031317101100000111220001814.40  
20140514000012000250000000031317101100000111700014256.00  
20140514000012000250000000031317101100000113110001607.04  
20140514000012000250000000031317101100000113120000274.80  
20140514000012000250000000031317101100000113131000482.11  
20140514000012000250000000031317101100000113200000321.41  
20140514000012001130000000059166500900000111220000216.00  
20140514000012001130000000059166500900000111600001440.00  
20140514000012001130000000059166500900000111700005821.00  
20140514000012001130000000059166500900000113110000603.70  
20140514000012001130000000059166500900000113120000103.23  
20140514000012001130000000059166500900000113131000181.11  
20140514000012001130000000059166500900000113200000120.74  
20140514000012001370000000025513140900000111220001468.80  
20140514000012001370000000025513140900000111700004633.00  
20140514000012001370000000025513140900000113110000610.18  
20140514000012001370000000025513140900000113120000104.34  
20140514000012001370000000025513140900000113131000183.05  
20140514000012001370000000025513140900000113200000122.04  
20140514000012000730000000037295801200000111220000216.00  
20140514000012000730000000037295801200000111700009029.00  
20140514000012000730000000037295801200000113110000924.50  
20140514000012000730000000037295801200000113120000158.09  
20140514000012000730000000037295801200000113131000277.35  
20140514000012000730000000037295801200000113200000184.90  
20140514000012001440000000079628621100000111220000216.00  
20140514000012001440000000079628621100000111310000784.00  
20140514000012001440000000079628621100000111700003920.00  
20140514000012001440000000079628621100000113110000492.00  
20140514000012001440000000079628621100000113120000084.13  
20140514000012001440000000079628621100000113131000147.60  
20140514000012001440000000079628621100000113200000098.40  
20140514000012000260000000013206270900000111220000216.00  
20140514000012000260000000013206270900000111700014256.00  
20140514000012000260000000013206270900000113110001447.20  
20140514000012000260000000013206270900000113120000247.47  
20140514000012000260000000013206270900000113131000434.16  
20140514000012000260000000013206270900000113200000289.44  
20140514000012000270000000013847921000000111220000216.00  
20140514000012000270000000013847921000000111700014256.00  
20140514000012000270000000013847921000000113110001447.20  
20140514000012000270000000013847921000000113120000247.47  
20140514000012000270000000013847921000000113131000434.16  
20140514000012000270000000013847921000000113200000289.44  
20140514000012000430000000021398970900000111220001814.40  
20140514000012000430000000021398970900000111700013484.00  
20140514000012000430000000021398970900000113110001529.84  
20140514000012000430000000021398970900000113120000261.60  
20140514000012000430000000021398970900000113131000458.95  
20140514000012000430000000021398970900000113200000305.97  
20140514000012000160000000037321240900000111220001123.20  
20140514000012000160000000037321240900000111700015979.00  
20140514000012000160000000037321240900000113110001710.22  
20140514000012000160000000037321240900000113120000292.45  
20140514000012000160000000037321240900000113131000513.07  
20140514000012000160000000037321240900000113200000342.04  
20140514000012001000000000073493141000000111220002160.00  
20140514000012001000000000073493141000000111700006415.00  
20140514000012001000000000073493141000000113110000857.50  
20140514000012001000000000073493141000000113131000257.25  
20140514000012001000000000073493141000000113200000171.50  
20140514000012001450000000024542320900000111220000216.00  
20140514000012001450000000024542320900000111700003920.00  
20140514000012001450000000024542320900000111910000588.00  
20140514000012001450000000024542320900000113110000472.40  
20140514000012001450000000024542320900000113120000080.78  
20140514000012001450000000024542320900000113131000141.72  
20140514000012001450000000024542320900000113200000094.48  
20140514000012002080000000007788821200000111220002160.00  
20140514000012002080000000007788821200000111700024075.00  
20140514000012002080000000007788821200000113110002623.50  
20140514000012002080000000007788821200000113131000787.05  
20140514000012002080000000007788821200000113200000524.70  
20140514000012000630000000059353090900000111220000216.00  
20140514000012000630000000059353090900000111700010098.00  
20140514000012000630000000059353090900000113110001031.40  
20140514000012000630000000059353090900000113120000176.37  
20140514000012000630000000059353090900000113131000309.42  
20140514000012000630000000059353090900000113200000206.28  
20140514000012001140000000009602780900000111220001123.20  
20140514000012001140000000009602780900000111700005821.00  
20140514000012001140000000009602780900000113110000694.42  
20140514000012001140000000009602780900000113120000118.75  
20140514000012001140000000009602780900000113131000208.33  
20140514000012001140000000009602780900000113200000138.88  
20140514000012000640000000044674200900000111220001123.20  
20140514000012000640000000044674200900000111700010098.00  
20140514000012000640000000044674200900000113110001122.12  
20140514000012000640000000044674200900000113120000191.88  
20140514000012000640000000044674200900000113131000336.64  
20140514000012000640000000044674200900000113200000224.42  
