20150514000001000000000000000301010000009596005876.2200000000
20150514000001000000000000000301010000009598205816.5600000000
20150514000001000000000000000301010000009599002292.3800000000
20150514000001000000000000000301010000009600116917.6700000000
20150514000001000000000000000301010000009601005129.9100000000
20150514000001000000000000000301010000009602011866.8000000000
20150514000001000000000000000301010000009602054627.7100000000
20150514000001000000000000000301010000009602163066.1600000000
20150514000001000000000000000901010000009597002986.7700000000
20150514000001000000000855279301010000009606000550.0000000000
20150514000001000000005179460301010000009605000350.0000000000
20150514000001000000160130029301010000009603007200.0000000000
20150514000001000000168206024901010000009604005760.0000000000
20150514000001000001023013022301010000009595002116.7800000000
20150514000001000001023013022301010000009595002194.7200000000
20150514000001000001023013022301010000009595033146.3200000000
20150514000001000001023013022301010000009595129641.3000000000
20150514000001000001028415020301010000000000016286.6900000000
20150514000001000001028415020301010000000000016634.2000000000
20150514000001000001028415020301010000000000074430.0000000000
20150514000001000001028415020301010000000000201909.8600000000
20150514000001000001028415020301010000000000893662.0900000000
