2015051400000100008000000002868172074000335.13  
2015051400000100008000000002868172204001675.66  
2015051400000100008000000002868172302001675.66  
2015051400000100008000000002868172304000286.54  
2015051400000100008000000002868172306000083.78  
2015051400000100008000000002868172308000286.54  
2015051400000100008000000002868172312000083.78  
2015051400000100008000000002868172999000277.03  
2015051400000100008000000002868172999002553.02  
2015051400000100009000000002868347074000329.08  
2015051400000100009000000002868347204001645.42  
2015051400000100009000000002868347301001645.42  
2015051400000100009000000002868347303000281.37  
2015051400000100009000000002868347305000082.27  
2015051400000100009000000002868347307000281.37  
2015051400000100009000000002868347311000082.27  
2015051400000100009000000002868347999003276.29  
2015051400000100010000000003137460074000348.96  
2015051400000100010000000003137460204001744.78  
2015051400000100010000000003137460301001744.78  
2015051400000100010000000003137460303000298.36  
2015051400000100010000000003137460305000087.24  
2015051400000100010000000003137460307000298.36  
2015051400000100010000000003137460311000087.24  
2015051400000100010000000003137460999007356.85  
2015051400000100011000000003025346074000319.58  
2015051400000100011000000003025346204001597.90  
2015051400000100011000000003025346302001597.90  
2015051400000100011000000003025346304000273.24  
2015051400000100011000000003025346306000079.90  
2015051400000100011000000003025346308000273.24  
2015051400000100011000000003025346312000079.90  
2015051400000100011000000003025346999000886.25  
2015051400000100013000000003137819074000348.96  
2015051400000100013000000003137819204001744.78  
2015051400000100013000000003137819301001744.78  
2015051400000100013000000003137819303000298.36  
2015051400000100013000000003137819305000087.24  
2015051400000100013000000003137819307000298.36  
2015051400000100013000000003137819311000087.24  
2015051400000100013000000003137819999001793.41  
2015051400000100015000000003588892074000319.58  
2015051400000100015000000003588892204001597.90  
2015051400000100015000000003588892302001597.90  
2015051400000100015000000003588892304000273.24  
2015051400000100015000000003588892306000079.90  
2015051400000100015000000003588892308000273.24  
2015051400000100015000000003588892312000079.90  
2015051400000100015000000003588892999000167.47  
2015051400000100015000000003588892999000311.10  
2015051400000100016000000003732124074000342.04  
2015051400000100016000000003732124204001710.22  
2015051400000100016000000003732124301001710.22  
2015051400000100016000000003732124303000292.45  
2015051400000100016000000003732124305000085.51  
2015051400000100016000000003732124307000292.45  
2015051400000100016000000003732124311000085.51  
2015051400000100016000000003732124999001197.09  
2015051400000100018000000003004557074000319.46  
2015051400000100018000000003004557204001597.32  
2015051400000100018000000003004557301001597.32  
2015051400000100018000000003004557303000273.14  
2015051400000100018000000003004557305000079.87  
2015051400000100018000000003004557307000273.14  
2015051400000100018000000003004557311000079.87  
2015051400000100018000000003004557999000738.26  
2015051400000100019000000000568138074000340.20  
2015051400000100019000000000568138204001701.00  
2015051400000100019000000000568138301001701.00  
2015051400000100019000000000568138305000085.05  
2015051400000100019000000000568138311000085.05  
2015051400000100019000000000568138999002979.90  
2015051400000100020000000004288952074000301.32  
2015051400000100020000000004288952204001506.60  
2015051400000100020000000004288952301001506.60  
2015051400000100020000000004288952303000257.63  
2015051400000100020000000004288952305000075.33  
2015051400000100020000000004288952307000257.63  
2015051400000100020000000004288952311000075.33  
2015051400000100020000000004288952999000020.66  
2015051400000100021000000003623123074000321.41  
2015051400000100021000000003623123204001607.04  
2015051400000100021000000003623123302001607.04  
2015051400000100021000000003623123304000274.80  
2015051400000100021000000003623123306000080.35  
2015051400000100021000000003623123308000274.80  
2015051400000100021000000003623123312000080.35  
2015051400000100021000000003623123999003381.98  
2015051400000100025000000003131710074000321.41  
2015051400000100025000000003131710204001607.04  
2015051400000100025000000003131710301001607.04  
2015051400000100025000000003131710303000274.80  
2015051400000100025000000003131710305000080.35  
2015051400000100025000000003131710307000274.80  
2015051400000100025000000003131710311000080.35  
2015051400000100025000000003131710999006881.81  
2015051400000100026000000001320627074000289.44  
2015051400000100026000000001320627204001447.20  
2015051400000100026000000001320627301001447.20  
2015051400000100026000000001320627303000247.47  
2015051400000100026000000001320627305000072.36  
2015051400000100026000000001320627307000247.47  
2015051400000100026000000001320627311000072.36  
2015051400000100026000000001320627999000969.75  
2015051400000100026000000001320627999000157.92  
2015051400000100027000000001384792074000289.44  
2015051400000100027000000001384792204001447.20  
2015051400000100027000000001384792302001447.20  
2015051400000100027000000001384792304000247.47  
2015051400000100027000000001384792306000072.36  
2015051400000100027000000001384792308000247.47  
2015051400000100027000000001384792312000072.36  
2015051400000100027000000001384792999001341.65  
2015051400000100028000000003099414074000333.12  
2015051400000100028000000003099414204001665.60  
2015051400000100028000000003099414302001665.60  
2015051400000100028000000003099414304000284.82  
2015051400000100028000000003099414306000083.28  
2015051400000100028000000003099414308000284.82  
2015051400000100028000000003099414312000083.28  
2015051400000100028000000003099414999004203.03  
2015051400000100029000000003770831074000346.08  
2015051400000100029000000003770831204001730.40  
2015051400000100029000000003770831301001730.40  
2015051400000100029000000003770831303000295.90  
2015051400000100029000000003770831305000086.52  
2015051400000100029000000003770831307000295.90  
2015051400000100029000000003770831311000086.52  
2015051400000100029000000003770831999003510.99  
2015051400000100030000000003769744074000274.00  
2015051400000100030000000003769744204001370.00  
2015051400000100030000000003769744301001370.00  
2015051400000100030000000003769744303000234.27  
2015051400000100030000000003769744305000068.50  
2015051400000100030000000003769744307000234.27  
2015051400000100030000000003769744311000068.50  
2015051400000100030000000003769744999001244.87  
2015051400000100031000000003622065074000299.06  
2015051400000100031000000003622065204001495.28  
2015051400000100031000000003622065301001495.28  
2015051400000100031000000003622065303000255.69  
2015051400000100031000000003622065305000074.76  
2015051400000100031000000003622065307000255.69  
2015051400000100031000000003622065311000074.76  
2015051400000100031000000003622065999006006.84  
2015051400000100032000000003768862074000279.18  
2015051400000100032000000003768862204001395.92  
2015051400000100032000000003768862301001395.92  
2015051400000100032000000003768862303000238.70  
2015051400000100032000000003768862305000069.80  
2015051400000100032000000003768862307000238.70  
2015051400000100032000000003768862311000069.80  
2015051400000100032000000003768862999001195.06  
2015051400000100034000000005270248074000274.00  
2015051400000100034000000005270248204001370.00  
2015051400000100034000000005270248301001370.00  
2015051400000100034000000005270248303000234.27  
2015051400000100034000000005270248305000068.50  
2015051400000100034000000005270248307000234.27  
2015051400000100034000000005270248311000068.50  
2015051400000100034000000005270248999000645.60  
2015051400000100035000000004433413074000274.00  
2015051400000100035000000004433413204001370.00  
2015051400000100035000000004433413301001370.00  
2015051400000100035000000004433413303000234.27  
2015051400000100035000000004433413305000068.50  
2015051400000100035000000004433413307000234.27  
2015051400000100035000000004433413311000068.50  
2015051400000100035000000004433413999000773.14  
2015051400000100036000000002890476074000269.68  
2015051400000100036000000002890476204001348.40  
2015051400000100036000000002890476301001348.40  
2015051400000100036000000002890476303000230.58  
2015051400000100036000000002890476305000067.42  
2015051400000100036000000002890476307000230.58  
2015051400000100036000000002890476311000067.42  
2015051400000100036000000002890476999000046.14  
2015051400000100037000000004418797074000274.00  
2015051400000100037000000004418797204001370.00  
2015051400000100037000000004418797302001370.00  
2015051400000100037000000004418797304000234.27  
2015051400000100037000000004418797306000068.50  
2015051400000100037000000004418797308000234.27  
2015051400000100037000000004418797312000068.50  
2015051400000100037000000004418797999000799.44  
2015051400000100038000000004424966074000274.00  
2015051400000100038000000004424966204001370.00  
2015051400000100038000000004424966301001370.00  
2015051400000100038000000004424966303000234.27  
2015051400000100038000000004424966305000068.50  
2015051400000100038000000004424966307000234.27  
2015051400000100038000000004424966311000068.50  
2015051400000100038000000004424966999003429.28  
2015051400000100040000000003556438074000306.15  
2015051400000100040000000003556438204001530.76  
2015051400000100040000000003556438302001530.76  
2015051400000100040000000003556438304000261.76  
2015051400000100040000000003556438306000076.54  
2015051400000100040000000003556438308000261.76  
2015051400000100040000000003556438312000076.54  
2015051400000100040000000003556438999002710.90  
2015051400000100041000000002875093074000274.00  
2015051400000100041000000002875093204001370.00  
2015051400000100041000000002875093302001370.00  
2015051400000100041000000002875093304000234.27  
2015051400000100041000000002875093306000068.50  
2015051400000100041000000002875093308000234.27  
2015051400000100041000000002875093312000068.50  
2015051400000100041000000002875093999000646.20  
2015051400000100043000000002139897074000305.97  
2015051400000100043000000002139897204001529.84  
2015051400000100043000000002139897301001529.84  
2015051400000100043000000002139897303000261.60  
2015051400000100043000000002139897305000076.49  
2015051400000100043000000002139897307000261.60  
2015051400000100043000000002139897311000076.49  
2015051400000100043000000002139897999006416.24  
2015051400000100044000000000952134074000285.77  
2015051400000100044000000000952134204001428.84  
2015051400000100044000000000952134302001428.84  
2015051400000100044000000000952134304000244.33  
2015051400000100044000000000952134306000071.44  
2015051400000100044000000000952134308000244.33  
2015051400000100044000000000952134312000071.44  
2015051400000100044000000000952134999001234.97  
2015051400000100045000000003511659074000253.80  
2015051400000100045000000003511659204001269.00  
2015051400000100045000000003511659301001269.00  
2015051400000100045000000003511659303000217.00  
2015051400000100045000000003511659305000063.45  
2015051400000100045000000003511659307000217.00  
2015051400000100045000000003511659311000063.45  
2015051400000100045000000003511659999000147.84  
2015051400000100047000000003590483074000258.98  
2015051400000100047000000003590483204001294.92  
2015051400000100047000000003590483301001294.92  
2015051400000100047000000003590483303000221.43  
2015051400000100047000000003590483305000064.75  
2015051400000100047000000003590483307000221.43  
2015051400000100047000000003590483311000064.75  
2015051400000100047000000003590483999003558.39  
2015051400000100048000000003617322074000253.80  
2015051400000100048000000003617322204001269.00  
2015051400000100048000000003617322302001269.00  
2015051400000100048000000003617322304000217.00  
2015051400000100048000000003617322306000063.45  
2015051400000100048000000003617322308000217.00  
2015051400000100048000000003617322312000063.45  
2015051400000100048000000003617322999005582.77  
2015051400000100053000000004470102074000206.28  
2015051400000100053000000004470102204001031.40  
2015051400000100053000000004470102301001031.40  
2015051400000100053000000004470102303000176.37  
2015051400000100053000000004470102305000051.57  
2015051400000100053000000004470102307000176.37  
2015051400000100053000000004470102311000051.57  
2015051400000100053000000004470102999000106.69  
2015051400000100053000000004470102999000603.12  
2015051400000100054000000003081251074000231.34  
2015051400000100054000000003081251204001156.68  
2015051400000100054000000003081251301001156.68  
2015051400000100054000000003081251303000197.79  
2015051400000100054000000003081251305000057.83  
2015051400000100054000000003081251307000197.79  
2015051400000100054000000003081251311000057.83  
2015051400000100054000000003081251999002809.13  
2015051400000100055000000003314456074000211.46  
2015051400000100055000000003314456204001057.32  
2015051400000100055000000003314456301001057.32  
2015051400000100055000000003314456303000180.80  
2015051400000100055000000003314456305000052.87  
2015051400000100055000000003314456307000180.80  
2015051400000100055000000003314456311000052.87  
2015051400000100055000000003314456999004038.06  
2015051400000100056000000005169964074000206.28  
2015051400000100056000000005169964204001031.40  
2015051400000100056000000005169964302001031.40  
2015051400000100056000000005169964304000176.37  
2015051400000100056000000005169964306000051.57  
2015051400000100056000000005169964308000176.37  
2015051400000100056000000005169964312000051.57  
2015051400000100056000000005169964999000775.11  
2015051400000100057000000003012804074000206.28  
2015051400000100057000000003012804204001031.40  
2015051400000100057000000003012804302001031.40  
2015051400000100057000000003012804304000176.37  
2015051400000100057000000003012804306000051.57  
2015051400000100057000000003012804308000176.37  
2015051400000100057000000003012804312000051.57  
2015051400000100057000000003012804999002500.05  
2015051400000100058000000004450657074000206.28  
2015051400000100058000000004450657204001031.40  
2015051400000100058000000004450657301001031.40  
2015051400000100058000000004450657303000176.37  
2015051400000100058000000004450657305000051.57  
2015051400000100058000000004450657307000176.37  
2015051400000100058000000004450657311000051.57  
2015051400000100058000000004450657999001479.60  
2015051400000100059000000000936305074000231.34  
2015051400000100059000000000936305204001156.68  
2015051400000100059000000000936305301001156.68  
2015051400000100059000000000936305303000197.79  
2015051400000100059000000000936305305000057.83  
2015051400000100059000000000936305307000197.79  
2015051400000100059000000000936305311000057.83  
2015051400000100059000000000936305999004640.00  
2015051400000100060000000004420896074000206.28  
2015051400000100060000000004420896204001031.40  
2015051400000100060000000004420896301001031.40  
2015051400000100060000000004420896303000176.37  
2015051400000100060000000004420896305000051.57  
2015051400000100060000000004420896307000176.37  
2015051400000100060000000004420896311000051.57  
2015051400000100060000000004420896999001451.00  
2015051400000100061000000003518117074000211.46  
2015051400000100061000000003518117204001057.32  
2015051400000100061000000003518117301001057.32  
2015051400000100061000000003518117303000180.80  
2015051400000100061000000003518117305000052.87  
2015051400000100061000000003518117307000180.80  
2015051400000100061000000003518117311000052.87  
2015051400000100061000000003518117999002906.54  
2015051400000100062000000004467869074000206.28  
2015051400000100062000000004467869204001031.40  
2015051400000100062000000004467869301001031.40  
2015051400000100062000000004467869303000176.37  
2015051400000100062000000004467869305000051.57  
2015051400000100062000000004467869307000176.37  
2015051400000100062000000004467869311000051.57  
2015051400000100062000000004467869999000755.54  
2015051400000100063000000005935309074000206.28  
2015051400000100063000000005935309204001031.40  
2015051400000100063000000005935309301001031.40  
2015051400000100063000000005935309303000176.37  
2015051400000100063000000005935309305000051.57  
2015051400000100063000000005935309307000176.37  
2015051400000100063000000005935309311000051.57  
2015051400000100063000000005935309999000013.10  
2015051400000100064000000004467420074000224.42  
2015051400000100064000000004467420204001122.12  
2015051400000100064000000004467420301001122.12  
2015051400000100064000000004467420303000191.88  
2015051400000100064000000004467420305000056.11  
2015051400000100064000000004467420307000191.88  
2015051400000100064000000004467420311000056.11  
2015051400000100064000000004467420999004902.17  
2015051400000100065000000004414461074000226.20  
2015051400000100065000000004414461204001131.00  
2015051400000100065000000004414461301001131.00  
2015051400000100065000000004414461303000193.40  
2015051400000100065000000004414461305000056.55  
2015051400000100065000000004414461307000193.40  
2015051400000100065000000004414461311000056.55  
2015051400000100065000000004414461999000169.41  
2015051400000100066000000005161700074000221.02  
2015051400000100066000000005161700204001105.08  
2015051400000100066000000005161700301001105.08  
2015051400000100066000000005161700303000188.97  
2015051400000100066000000005161700305000055.25  
2015051400000100066000000005161700307000188.97  
2015051400000100066000000005161700311000055.25  
2015051400000100066000000005161700999000647.07  
2015051400000100067000000004539889074000184.90  
2015051400000100067000000004539889204000924.50  
2015051400000100067000000004539889301000924.50  
2015051400000100067000000004539889303000158.09  
2015051400000100067000000004539889305000046.23  
2015051400000100067000000004539889307000158.09  
2015051400000100067000000004539889311000046.23  
2015051400000100067000000004539889999003634.48  
2015051400000100068000000004884164074000184.90  
2015051400000100068000000004884164204000924.50  
2015051400000100068000000004884164302000924.50  
2015051400000100068000000004884164304000158.09  
2015051400000100068000000004884164306000046.23  
2015051400000100068000000004884164308000158.09  
2015051400000100068000000004884164312000046.23  
2015051400000100068000000004884164999001344.08  
2015051400000100069000000003459316074000184.90  
2015051400000100069000000003459316204000924.50  
2015051400000100069000000003459316302000924.50  
2015051400000100069000000003459316304000158.09  
2015051400000100069000000003459316306000046.23  
2015051400000100069000000003459316308000158.09  
2015051400000100069000000003459316312000046.23  
2015051400000100069000000003459316999000555.99  
2015051400000100070000000003729038074000209.96  
2015051400000100070000000003729038204001049.78  
2015051400000100070000000003729038301001049.78  
2015051400000100070000000003729038303000179.51  
2015051400000100070000000003729038305000052.49  
2015051400000100070000000003729038307000179.51  
2015051400000100070000000003729038311000052.49  
2015051400000100070000000003729038999005214.87  
2015051400000100071000000003720522074000246.07  
2015051400000100071000000003720522204001230.36  
2015051400000100071000000003720522301001230.36  
2015051400000100071000000003720522303000210.39  
2015051400000100071000000003720522305000061.52  
2015051400000100071000000003720522307000210.39  
2015051400000100071000000003720522311000061.52  
2015051400000100071000000003720522999003142.90  
2015051400000100073000000003729580074000184.90  
2015051400000100073000000003729580204000924.50  
2015051400000100073000000003729580302000924.50  
2015051400000100073000000003729580304000158.09  
2015051400000100073000000003729580306000046.23  
2015051400000100073000000003729580308000158.09  
2015051400000100073000000003729580312000046.23  
2015051400000100073000000003729580999001967.70  
2015051400000100074000000005291890074000192.50  
2015051400000100074000000005291890204000962.52  
2015051400000100074000000005291890302000962.52  
2015051400000100074000000005291890304000164.59  
2015051400000100074000000005291890306000048.13  
2015051400000100074000000005291890308000164.59  
2015051400000100074000000005291890312000048.13  
2015051400000100074000000005291890999003821.61  
2015051400000100075000000004013122074000161.14  
2015051400000100075000000004013122204000805.70  
2015051400000100075000000004013122301000805.70  
2015051400000100075000000004013122303000137.77  
2015051400000100075000000004013122305000040.29  
2015051400000100075000000004013122307000137.77  
2015051400000100075000000004013122311000040.29  
2015051400000100075000000004013122999000470.29  
2015051400000100076000000006466668074000192.50  
2015051400000100076000000006466668204000962.52  
2015051400000100076000000006466668302000962.52  
2015051400000100076000000006466668304000164.59  
2015051400000100076000000006466668306000048.13  
2015051400000100076000000006466668308000164.59  
2015051400000100076000000006466668312000048.13  
2015051400000100076000000006466668999000572.23  
2015051400000100077000000000685134074000161.14  
2015051400000100077000000000685134204000805.70  
2015051400000100077000000000685134301000805.70  
2015051400000100077000000000685134303000137.77  
2015051400000100077000000000685134305000040.29  
2015051400000100077000000000685134307000137.77  
2015051400000100077000000000685134311000040.29  
2015051400000100077000000000685134999000106.21  
2015051400000100078000000005241984074000176.82  
2015051400000100078000000005241984204000884.11  
2015051400000100078000000005241984301000884.11  
2015051400000100078000000005241984303000151.18  
2015051400000100078000000005241984305000044.21  
2015051400000100078000000005241984307000151.18  
2015051400000100078000000005241984311000044.21  
2015051400000100078000000005241984999001645.23  
2015051400000100079000000005225966074000161.14  
2015051400000100079000000005225966204000805.70  
2015051400000100079000000005225966301000805.70  
2015051400000100079000000005225966303000137.77  
2015051400000100079000000005225966305000040.29  
2015051400000100079000000005225966307000137.77  
2015051400000100079000000005225966311000040.29  
2015051400000100079000000005225966999003718.53  
2015051400000100080000000003768663074000161.14  
2015051400000100080000000003768663204000805.70  
2015051400000100080000000003768663302000805.70  
2015051400000100080000000003768663304000137.77  
2015051400000100080000000003768663306000040.29  
2015051400000100080000000003768663308000137.77  
2015051400000100080000000003768663312000040.29  
2015051400000100080000000003768663999001027.79  
2015051400000100081000000006408031074000163.75  
2015051400000100081000000006408031204000818.77  
2015051400000100081000000006408031301000818.77  
2015051400000100081000000006408031303000140.01  
2015051400000100081000000006408031305000040.94  
2015051400000100081000000006408031307000140.01  
2015051400000100081000000006408031311000040.94  
2015051400000100081000000006408031999000084.37  
2015051400000100082000000002899775074000149.26  
2015051400000100082000000002899775204000746.30  
2015051400000100082000000002899775301000746.30  
2015051400000100082000000002899775303000127.62  
2015051400000100082000000002899775305000037.32  
2015051400000100082000000002899775307000127.62  
2015051400000100082000000002899775311000037.32  
2015051400000100082000000002899775999002081.38  
2015051400000100083000000001930623074000149.26  
2015051400000100083000000001930623204000746.30  
2015051400000100083000000001930623302000746.30  
2015051400000100083000000001930623304000127.62  
2015051400000100083000000001930623306000037.32  
2015051400000100083000000001930623308000127.62  
2015051400000100083000000001930623312000037.32  
2015051400000100083000000001930623999000702.52  
2015051400000100084000000002879279074000174.32  
2015051400000100084000000002879279204000871.58  
2015051400000100084000000002879279302000871.58  
2015051400000100084000000002879279304000149.04  
2015051400000100084000000002879279306000043.58  
2015051400000100084000000002879279308000149.04  
2015051400000100084000000002879279312000043.58  
2015051400000100084000000002879279999000732.00  
2015051400000100085000000006473021074000149.26  
2015051400000100085000000006473021204000746.30  
2015051400000100085000000006473021301000746.30  
2015051400000100085000000006473021303000127.62  
2015051400000100085000000006473021305000037.32  
2015051400000100085000000006473021307000127.62  
2015051400000100085000000006473021311000037.32  
2015051400000100085000000006473021999002859.23  
2015051400000100086000000004461894074000154.44  
2015051400000100086000000004461894204000772.22  
2015051400000100086000000004461894301000772.22  
2015051400000100086000000004461894303000132.05  
2015051400000100086000000004461894305000038.61  
2015051400000100086000000004461894307000132.05  
2015051400000100086000000004461894311000038.61  
2015051400000100086000000004461894999003256.70  
2015051400000100087000000005193215074000149.26  
2015051400000100087000000005193215204000746.30  
2015051400000100087000000005193215301000746.30  
2015051400000100087000000005193215303000127.62  
2015051400000100087000000005193215305000037.32  
2015051400000100087000000005193215307000127.62  
2015051400000100087000000005193215311000037.32  
2015051400000100087000000005193215999001847.72  
2015051400000100088000000003742365074000154.44  
2015051400000100088000000003742365204000772.22  
2015051400000100088000000003742365301000772.22  
2015051400000100088000000003742365303000132.05  
2015051400000100088000000003742365305000038.61  
2015051400000100088000000003742365307000132.05  
2015051400000100088000000003742365311000038.61  
2015051400000100088000000003742365999000491.26  
2015051400000100089000000004526386074000132.62  
2015051400000100089000000004526386204000663.10  
2015051400000100089000000004526386302000663.10  
2015051400000100089000000004526386304000113.39  
2015051400000100089000000004526386306000033.16  
2015051400000100089000000004526386308000113.39  
2015051400000100089000000004526386312000033.16  
2015051400000100089000000004526386999002986.09  
2015051400000100090000000004510395074000132.62  
2015051400000100090000000004510395204000663.10  
2015051400000100090000000004510395301000663.10  
2015051400000100090000000004510395303000113.39  
2015051400000100090000000004510395305000033.16  
2015051400000100090000000004510395307000113.39  
2015051400000100090000000004510395311000033.16  
2015051400000100090000000004510395999002569.46  
2015051400000100091000000004076151074000132.62  
2015051400000100091000000004076151204000663.10  
2015051400000100091000000004076151301000663.10  
2015051400000100091000000004076151303000113.39  
2015051400000100091000000004076151305000033.16  
2015051400000100091000000004076151307000113.39  
2015051400000100091000000004076151311000033.16  
2015051400000100091000000004076151999002981.22  
2015051400000100092000000002914344074000205.32  
2015051400000100092000000002914344204001026.62  
2015051400000100092000000002914344301001026.62  
2015051400000100092000000002914344303000175.55  
2015051400000100092000000002914344305000051.33  
2015051400000100092000000002914344307000175.55  
2015051400000100092000000002914344311000051.33  
2015051400000100092000000002914344999001638.32  
2015051400000100093000000003078110074000193.60  
2015051400000100093000000003078110204000968.00  
2015051400000100093000000003078110301000968.00  
2015051400000100093000000003078110303000165.53  
2015051400000100093000000003078110305000048.40  
2015051400000100093000000003078110307000165.53  
2015051400000100093000000003078110311000048.40  
2015051400000100093000000003078110999003130.44  
2015051400000100095000000006431024074000132.62  
2015051400000100095000000006431024204000663.10  
2015051400000100095000000006431024302000663.10  
2015051400000100095000000006431024304000113.39  
2015051400000100095000000006431024306000033.16  
2015051400000100095000000006431024308000113.39  
2015051400000100095000000006431024312000033.16  
2015051400000100095000000006431024999001365.57  
2015051400000100096000000003099304074000158.28  
2015051400000100096000000003099304204000791.40  
2015051400000100096000000003099304301000791.40  
2015051400000100096000000003099304303000135.33  
2015051400000100096000000003099304305000039.57  
2015051400000100096000000003099304307000135.33  
2015051400000100096000000003099304311000039.57  
2015051400000100096000000003099304999000749.48  
2015051400000100097000000004502182074000132.62  
2015051400000100097000000004502182204000663.10  
2015051400000100097000000004502182301000663.10  
2015051400000100097000000004502182303000113.39  
2015051400000100097000000004502182305000033.16  
2015051400000100097000000004502182307000113.39  
2015051400000100097000000004502182311000033.16  
2015051400000100097000000004502182999000473.65  
2015051400000100098000000004022515074000163.46  
2015051400000100098000000004022515204000817.32  
2015051400000100098000000004022515302000817.32  
2015051400000100098000000004022515304000139.76  
2015051400000100098000000004022515306000040.87  
2015051400000100098000000004022515308000139.76  
2015051400000100098000000004022515312000040.87  
2015051400000100098000000004022515999004023.32  
2015051400000100099000000005648577074000158.28  
2015051400000100099000000005648577204000791.40  
2015051400000100099000000005648577302000791.40  
2015051400000100099000000005648577304000135.33  
2015051400000100099000000005648577306000039.57  
2015051400000100099000000005648577308000135.33  
2015051400000100099000000005648577312000039.57  
2015051400000100099000000005648577999001397.32  
2015051400000100100000000007349314074000171.50  
2015051400000100100000000007349314204000857.50  
2015051400000100100000000007349314301000857.50  
2015051400000100100000000007349314305000042.88  
2015051400000100100000000007349314311000042.88  
2015051400000100100000000007349314999000038.30  
2015051400000100101000000001370502074000175.68  
2015051400000100101000000001370502204000878.39  
2015051400000100101000000001370502301000878.39  
2015051400000100101000000001370502303000150.20  
2015051400000100101000000001370502305000043.92  
2015051400000100101000000001370502307000150.20  
2015051400000100101000000001370502311000043.92  
2015051400000100101000000001370502999003819.58  
2015051400000100102000000002692604074000166.82  
2015051400000100102000000002692604204000834.12  
2015051400000100102000000002692604301000834.12  
2015051400000100102000000002692604303000142.64  
2015051400000100102000000002692604305000041.71  
2015051400000100102000000002692604307000142.64  
2015051400000100102000000002692604311000041.71  
2015051400000100102000000002692604999005137.12  
2015051400000100103000000000959934074000159.62  
2015051400000100103000000000959934204000798.10  
2015051400000100103000000000959934302000798.10  
2015051400000100103000000000959934304000136.48  
2015051400000100103000000000959934306000039.91  
2015051400000100103000000000959934308000136.48  
2015051400000100103000000000959934312000039.91  
2015051400000100103000000000959934999001285.90  
2015051400000100104000000001760686074000162.17  
2015051400000100104000000001760686204000810.84  
2015051400000100104000000001760686301000810.84  
2015051400000100104000000001760686303000138.65  
2015051400000100104000000001760686305000040.54  
2015051400000100104000000001760686307000138.65  
2015051400000100104000000001760686311000040.54  
2015051400000100104000000001760686999002098.79  
2015051400000100105000000000803131074000159.62  
2015051400000100105000000000803131204000798.10  
2015051400000100105000000000803131302000798.10  
2015051400000100105000000000803131304000136.48  
2015051400000100105000000000803131306000039.91  
2015051400000100105000000000803131308000136.48  
2015051400000100105000000000803131312000039.91  
2015051400000100105000000000803131999001000.11  
2015051400000100106000000002045701074000159.62  
2015051400000100106000000002045701204000798.10  
2015051400000100106000000002045701301000798.10  
2015051400000100106000000002045701303000136.48  
2015051400000100106000000002045701305000039.91  
2015051400000100106000000002045701307000136.48  
2015051400000100106000000002045701311000039.91  
2015051400000100106000000002045701999001237.47  
2015051400000100107000000003831838074000138.88  
2015051400000100107000000003831838204000694.42  
2015051400000100107000000003831838301000694.42  
2015051400000100107000000003831838303000118.75  
2015051400000100107000000003831838305000034.72  
2015051400000100107000000003831838307000118.75  
2015051400000100107000000003831838311000034.72  
2015051400000100107000000003831838999003271.14  
2015051400000100108000000000855279074000159.62  
2015051400000100108000000000855279204000798.10  
2015051400000100108000000000855279301000798.10  
2015051400000100108000000000855279303000136.48  
2015051400000100108000000000855279305000039.91  
2015051400000100108000000000855279307000136.48  
2015051400000100108000000000855279311000039.91  
2015051400000100108000000000855279999003310.55  
2015051400000100109000000003782731074000209.56  
2015051400000100109000000003782731204001047.80  
2015051400000100109000000003782731301001047.80  
2015051400000100109000000003782731303000179.17  
2015051400000100109000000003782731305000052.39  
2015051400000100109000000003782731307000179.17  
2015051400000100109000000003782731311000052.39  
2015051400000100109000000003782731999001132.52  
2015051400000100110000000003720627074000194.04  
2015051400000100110000000003720627204000970.19  
2015051400000100110000000003720627301000970.19  
2015051400000100110000000003720627303000165.90  
2015051400000100110000000003720627305000048.51  
2015051400000100110000000003720627307000165.90  
2015051400000100110000000003720627311000048.51  
2015051400000100110000000003720627999004671.80  
2015051400000100111000000002894101074000145.80  
2015051400000100111000000002894101204000728.98  
2015051400000100111000000002894101301000728.98  
2015051400000100111000000002894101303000124.66  
2015051400000100111000000002894101305000036.45  
2015051400000100111000000002894101307000124.66  
2015051400000100111000000002894101311000036.45  
2015051400000100111000000002894101999002804.32  
2015051400000100112000000001714032074000184.84  
2015051400000100112000000001714032204000924.22  
2015051400000100112000000001714032301000924.22  
2015051400000100112000000001714032303000158.04  
2015051400000100112000000001714032305000046.21  
2015051400000100112000000001714032307000158.04  
2015051400000100112000000001714032311000046.21  
2015051400000100112000000001714032999001136.27  
2015051400000100113000000005916650074000120.74  
2015051400000100113000000005916650204000603.70  
2015051400000100113000000005916650302000603.70  
2015051400000100113000000005916650304000103.23  
2015051400000100113000000005916650306000030.19  
2015051400000100113000000005916650308000103.23  
2015051400000100113000000005916650312000030.19  
2015051400000100113000000005916650999001809.29  
2015051400000100114000000000960278074000138.88  
2015051400000100114000000000960278204000694.42  
2015051400000100114000000000960278301000694.42  
2015051400000100114000000000960278303000118.75  
2015051400000100114000000000960278305000034.72  
2015051400000100114000000000960278307000118.75  
2015051400000100114000000000960278311000034.72  
2015051400000100114000000000960278999001661.39  
2015051400000100115000000004329789074000167.24  
2015051400000100115000000004329789204000836.20  
2015051400000100115000000004329789301000836.20  
2015051400000100115000000004329789303000142.99  
2015051400000100115000000004329789305000041.81  
2015051400000100115000000004329789307000142.99  
2015051400000100115000000004329789311000041.81  
2015051400000100115000000004329789999002477.69  
2015051400000100116000000003504972074000164.19  
2015051400000100116000000003504972204000820.97  
2015051400000100116000000003504972301000820.97  
2015051400000100116000000003504972303000140.39  
2015051400000100116000000003504972305000041.05  
2015051400000100116000000003504972307000140.39  
2015051400000100116000000003504972311000041.05  
2015051400000100116000000003504972999001408.53  
2015051400000100117000000003754990074000174.83  
2015051400000100117000000003754990204000874.17  
2015051400000100117000000003754990301000874.17  
2015051400000100117000000003754990303000149.48  
2015051400000100117000000003754990305000043.71  
2015051400000100117000000003754990307000149.48  
2015051400000100117000000003754990311000043.71  
2015051400000100117000000003754990999003044.05  
2015051400000100118000000003482063074000178.82  
2015051400000100118000000003482063204000894.11  
2015051400000100118000000003482063301000894.11  
2015051400000100118000000003482063303000152.89  
2015051400000100118000000003482063305000044.71  
2015051400000100118000000003482063307000152.89  
2015051400000100118000000003482063311000044.71  
2015051400000100118000000003482063999000997.39  
2015051400000100119000000004800059074000138.51  
2015051400000100119000000004800059204000692.53  
2015051400000100119000000004800059302000692.53  
2015051400000100119000000004800059304000118.42  
2015051400000100119000000004800059306000034.63  
2015051400000100119000000004800059308000118.42  
2015051400000100119000000004800059312000034.63  
2015051400000100119000000004800059999002752.70  
2015051400000100120000000004292985074000153.52  
2015051400000100120000000004292985204000767.62  
2015051400000100120000000004292985301000767.62  
2015051400000100120000000004292985303000131.26  
2015051400000100120000000004292985305000038.38  
2015051400000100120000000004292985307000131.26  
2015051400000100120000000004292985311000038.38  
2015051400000100120000000004292985999001390.61  
2015051400000100121000000001864381074000157.32  
2015051400000100121000000001864381204000786.61  
2015051400000100121000000001864381301000786.61  
2015051400000100121000000001864381303000134.51  
2015051400000100121000000001864381305000039.33  
2015051400000100121000000001864381307000134.51  
2015051400000100121000000001864381311000039.33  
2015051400000100121000000001864381999002442.78  
2015051400000100122000000001764275074000162.49  
2015051400000100122000000001764275204000812.45  
2015051400000100122000000001764275301000812.45  
2015051400000100122000000001764275303000138.93  
2015051400000100122000000001764275305000040.62  
2015051400000100122000000001764275307000138.93  
2015051400000100122000000001764275311000040.62  
2015051400000100122000000001764275999003302.87  
2015051400000100123000000003417050074000147.76  
2015051400000100123000000003417050204000738.80  
2015051400000100123000000003417050301000738.80  
2015051400000100123000000003417050303000126.34  
2015051400000100123000000003417050305000036.94  
2015051400000100123000000003417050307000126.34  
2015051400000100123000000003417050311000036.94  
2015051400000100123000000003417050999001107.47  
2015051400000100124000000003786262074000129.06  
2015051400000100124000000003786262204000645.30  
2015051400000100124000000003786262301000645.30  
2015051400000100124000000003786262303000110.35  
2015051400000100124000000003786262305000032.27  
2015051400000100124000000003786262307000110.35  
2015051400000100124000000003786262311000032.27  
2015051400000100124000000003786262999002378.08  
2015051400000100125000000008854526074000131.19  
2015051400000100125000000008854526204000655.94  
2015051400000100125000000008854526301000655.94  
2015051400000100125000000008854526303000112.16  
2015051400000100125000000008854526305000032.80  
2015051400000100125000000008854526307000112.16  
2015051400000100125000000008854526311000032.80  
2015051400000100125000000008854526999002832.68  
2015051400000100126000000005151886074000125.33  
2015051400000100126000000005151886204000626.65  
2015051400000100126000000005151886301000626.65  
2015051400000100126000000005151886303000107.16  
2015051400000100126000000005151886305000031.33  
2015051400000100126000000005151886307000107.16  
2015051400000100126000000005151886311000031.33  
2015051400000100126000000005151886999003292.23  
2015051400000100127000000004538011074000096.98  
2015051400000100127000000004538011204000484.90  
2015051400000100127000000004538011302000484.90  
2015051400000100127000000004538011304000082.92  
2015051400000100127000000004538011306000024.25  
2015051400000100127000000004538011308000082.92  
2015051400000100127000000004538011312000024.25  
2015051400000100127000000004538011999002115.45  
2015051400000100128000000006096339074000140.97  
2015051400000100128000000006096339204000704.87  
2015051400000100128000000006096339302000704.87  
2015051400000100128000000006096339304000120.53  
2015051400000100128000000006096339306000035.24  
2015051400000100128000000006096339308000120.53  
2015051400000100128000000006096339312000035.24  
2015051400000100128000000006096339999000934.24  
2015051400000100129000000005179460074000162.86  
2015051400000100129000000005179460204000814.28  
2015051400000100129000000005179460302000814.28  
2015051400000100129000000005179460304000139.24  
2015051400000100129000000005179460306000040.71  
2015051400000100129000000005179460308000139.24  
2015051400000100129000000005179460312000040.71  
2015051400000100129000000005179460999005056.93  
2015051400000100130000000004410789074000162.40  
2015051400000100130000000004410789204000812.00  
2015051400000100130000000004410789301000812.00  
2015051400000100130000000004410789303000138.85  
2015051400000100130000000004410789305000040.60  
2015051400000100130000000004410789307000138.85  
2015051400000100130000000004410789311000040.60  
2015051400000100130000000004410789999002904.11  
2015051400000100132000000004415402074000135.83  
2015051400000100132000000004415402204000679.15  
2015051400000100132000000004415402301000679.15  
2015051400000100132000000004415402303000116.14  
2015051400000100132000000004415402305000033.96  
2015051400000100132000000004415402307000116.14  
2015051400000100132000000004415402311000033.96  
2015051400000100132000000004415402999002623.03  
2015051400000100133000000004200223074000141.44  
2015051400000100133000000004200223204000707.19  
2015051400000100133000000004200223302000707.19  
2015051400000100133000000004200223304000120.93  
2015051400000100133000000004200223306000035.36  
2015051400000100133000000004200223308000120.93  
2015051400000100133000000004200223312000035.36  
2015051400000100133000000004200223999003057.68  
2015051400000100134000000003605581074000096.98  
2015051400000100134000000003605581204000484.90  
2015051400000100134000000003605581301000484.90  
2015051400000100134000000003605581303000082.92  
2015051400000100134000000003605581305000024.25  
2015051400000100134000000003605581307000082.92  
2015051400000100134000000003605581311000024.25  
2015051400000100134000000003605581999001820.41  
2015051400000100135000000005903134074000139.46  
2015051400000100135000000005903134204000697.30  
2015051400000100135000000005903134301000697.30  
2015051400000100135000000005903134303000119.24  
2015051400000100135000000005903134305000034.86  
2015051400000100135000000005903134307000119.24  
2015051400000100135000000005903134311000034.86  
2015051400000100135000000005903134999002951.26  
2015051400000100136000000004702349074000161.72  
2015051400000100136000000004702349204000808.59  
2015051400000100136000000004702349301000808.59  
2015051400000100136000000004702349303000138.27  
2015051400000100136000000004702349305000040.43  
2015051400000100136000000004702349307000138.27  
2015051400000100136000000004702349311000040.43  
2015051400000100136000000004702349999003010.55  
2015051400000100137000000002551314074000122.04  
2015051400000100137000000002551314204000610.18  
2015051400000100137000000002551314302000610.18  
2015051400000100137000000002551314304000104.34  
2015051400000100137000000002551314306000030.51  
2015051400000100137000000002551314308000104.34  
2015051400000100137000000002551314312000030.51  
2015051400000100137000000002551314999001822.51  
2015051400000100138000000003693620074000109.63  
2015051400000100138000000003693620204000548.16  
2015051400000100138000000003693620301000548.16  
2015051400000100138000000003693620303000093.74  
2015051400000100138000000003693620305000027.41  
2015051400000100138000000003693620307000093.74  
2015051400000100138000000003693620311000027.41  
2015051400000100138000000003693620999001040.75  
2015051400000100139000000004897781074000111.21  
2015051400000100139000000004897781204000556.03  
2015051400000100139000000004897781301000556.03  
2015051400000100139000000004897781303000095.08  
2015051400000100139000000004897781305000027.80  
2015051400000100139000000004897781307000095.08  
2015051400000100139000000004897781311000027.80  
2015051400000100139000000004897781999000670.38  
2015051400000100140000000004886972074000082.72  
2015051400000100140000000004886972204000413.60  
2015051400000100140000000004886972302000413.60  
2015051400000100140000000004886972304000070.73  
2015051400000100140000000004886972306000020.68  
2015051400000100140000000004886972308000070.73  
2015051400000100140000000004886972312000020.68  
2015051400000100140000000004886972999002794.52  
2015051400000100141000000004870962074000082.72  
2015051400000100141000000004870962204000413.60  
2015051400000100141000000004870962302000413.60  
2015051400000100141000000004870962304000070.73  
2015051400000100141000000004870962306000020.68  
2015051400000100141000000004870962308000070.73  
2015051400000100141000000004870962312000020.68  
2015051400000100141000000004870962999002288.27  
2015051400000100142000000003064016074000116.54  
2015051400000100142000000003064016204000582.72  
2015051400000100142000000003064016301000582.72  
2015051400000100142000000003064016303000099.65  
2015051400000100142000000003064016305000029.14  
2015051400000100142000000003064016307000099.65  
2015051400000100142000000003064016311000029.14  
2015051400000100142000000003064016999001777.05  
2015051400000100143000000003753027074000093.95  
2015051400000100143000000003753027204000469.76  
2015051400000100143000000003753027301000469.76  
2015051400000100143000000003753027303000080.33  
2015051400000100143000000003753027305000023.49  
2015051400000100143000000003753027307000080.33  
2015051400000100143000000003753027311000023.49  
2015051400000100143000000003753027999001399.37  
2015051400000100144000000007962862074000098.40  
2015051400000100144000000007962862204000492.00  
2015051400000100144000000007962862301000492.00  
2015051400000100144000000007962862303000084.13  
2015051400000100144000000007962862305000024.60  
2015051400000100144000000007962862307000084.13  
2015051400000100144000000007962862311000024.60  
2015051400000100144000000007962862999000683.10  
2015051400000100145000000002454232074000094.48  
2015051400000100145000000002454232204000472.40  
2015051400000100145000000002454232302000472.40  
2015051400000100145000000002454232304000080.78  
2015051400000100145000000002454232306000023.62  
2015051400000100145000000002454232308000080.78  
2015051400000100145000000002454232312000023.62  
2015051400000100145000000002454232999000497.29  
2015051400000100146000000003734545074000323.90  
2015051400000100146000000003734545204001619.50  
2015051400000100146000000003734545301001619.50  
2015051400000100146000000003734545303000276.93  
2015051400000100146000000003734545305000080.98  
2015051400000100146000000003734545307000276.93  
2015051400000100146000000003734545311000080.98  
2015051400000100146000000003734545999001281.14  
2015051400000100200000000003757088074000265.03  
2015051400000100200000000003757088204001325.16  
2015051400000100200000000003757088301001325.16  
2015051400000100200000000003757088303000226.60  
2015051400000100200000000003757088305000066.26  
2015051400000100200000000003757088307000226.60  
2015051400000100200000000003757088311000066.26  
2015051400000100200000000003757088999004987.10  
2015051400000100201000000002991007074000384.98  
2015051400000100201000000002991007204001924.90  
2015051400000100201000000002991007302001924.90  
2015051400000100201000000002991007304000329.16  
2015051400000100201000000002991007306000096.25  
2015051400000100201000000002991007308000329.16  
2015051400000100201000000002991007312000096.25  
2015051400000100201000000002991007999005592.60  
2015051400000100202000000000953021074000796.12  
2015051400000100202000000000953021204003980.60  
2015051400000100202000000000953021302003980.60  
2015051400000100202000000000953021304000680.68  
2015051400000100202000000000953021306000199.03  
2015051400000100202000000000953021308000680.68  
2015051400000100202000000000953021312000199.03  
2015051400000100202000000000953021999006530.52  
2015051400000100203000000001069089074000770.40  
2015051400000100203000000001069089204003852.00  
2015051400000100203000000001069089302003852.00  
2015051400000100203000000001069089304000658.69  
2015051400000100203000000001069089306000192.60  
2015051400000100203000000001069089308000658.69  
2015051400000100203000000001069089312000192.60  
2015051400000100203000000001069089999003009.43  
2015051400000100204000000003017631074000774.72  
2015051400000100204000000003017631204003873.60  
2015051400000100204000000003017631302003873.60  
2015051400000100204000000003017631304000662.39  
2015051400000100204000000003017631306000193.68  
2015051400000100204000000003017631308000662.39  
2015051400000100204000000003017631312000193.68  
2015051400000100204000000003017631999001130.96  
2015051400000100205000000001893812074000770.40  
2015051400000100205000000001893812204003852.00  
2015051400000100205000000001893812301003852.00  
2015051400000100205000000001893812303000658.69  
2015051400000100205000000001893812305000192.60  
2015051400000100205000000001893812307000658.69  
2015051400000100205000000001893812311000192.60  
2015051400000100205000000001893812999002717.60  
2015051400000100206000000003025505074000785.95  
2015051400000100206000000003025505204003929.76  
2015051400000100206000000003025505302003929.76  
2015051400000100206000000003025505304000671.99  
2015051400000100206000000003025505306000196.49  
2015051400000100206000000003025505308000671.99  
2015051400000100206000000003025505312000196.49  
2015051400000100206000000003025505999006346.09  
2015051400000100207000000005198940074000485.82  
2015051400000100207000000005198940204002429.10  
2015051400000100207000000005198940301002429.10  
2015051400000100207000000005198940303000415.38  
2015051400000100207000000005198940305000121.46  
2015051400000100207000000005198940307000415.38  
2015051400000100207000000005198940311000121.46  
2015051400000100207000000005198940999004746.35  
2015051400000100208000000000778882074000524.70  
2015051400000100208000000000778882204002623.50  
2015051400000100208000000000778882301002623.50  
2015051400000100208000000000778882305000131.18  
2015051400000100208000000000778882311000131.18  
2015051400000100208000000000778882999006951.65  
2015051400000100209000000004901227074000485.82  
2015051400000100209000000004901227204002429.10  
2015051400000100209000000004901227301002429.10  
2015051400000100209000000004901227303000415.38  
2015051400000100209000000004901227305000121.46  
2015051400000100209000000004901227307000415.38  
2015051400000100209000000004901227311000121.46  
2015051400000100209000000004901227999000112.91  
2015051400000100210000000003621269074000510.88  
2015051400000100210000000003621269204002554.38  
2015051400000100210000000003621269301002554.38  
2015051400000100210000000003621269303000436.80  
2015051400000100210000000003621269305000127.72  
2015051400000100210000000003621269307000436.80  
2015051400000100210000000003621269311000127.72  
2015051400000100210000000003621269999007543.71  
2015051400000100211000000004414796074000485.82  
2015051400000100211000000004414796204002429.10  
2015051400000100211000000004414796301002429.10  
2015051400000100211000000004414796303000415.38  
2015051400000100211000000004414796305000121.46  
2015051400000100211000000004414796307000415.38  
2015051400000100211000000004414796311000121.46  
2015051400000100211000000004414796999005661.10  
2015051400000100212000000004411903074000481.50  
2015051400000100212000000004411903204002407.50  
2015051400000100212000000004411903302002407.50  
2015051400000100212000000004411903304000411.68  
2015051400000100212000000004411903306000120.38  
2015051400000100212000000004411903308000411.68  
2015051400000100212000000004411903312000120.38  
2015051400000100212000000004411903999001462.54  
2015051400000100213000000005213524074000323.90  
2015051400000100213000000005213524204001619.50  
2015051400000100213000000005213524302001619.50  
2015051400000100213000000005213524304000276.93  
2015051400000100213000000005213524306000080.98  
2015051400000100213000000005213524308000276.93  
2015051400000100213000000005213524312000080.98  
2015051400000100213000000005213524999007709.90  
2015051400000100217000000003778798074000314.50  
2015051400000100217000000003778798204001572.48  
2015051400000100217000000003778798301001572.48  
2015051400000100217000000003778798303000268.89  
2015051400000100217000000003778798305000078.62  
2015051400000100217000000003778798307000268.89  
2015051400000100217000000003778798311000078.62  
2015051400000100217000000003778798999006848.99  
2015051400000100218000000002406485074000279.18  
2015051400000100218000000002406485204001395.92  
2015051400000100218000000002406485301001395.92  
2015051400000100218000000002406485303000238.70  
2015051400000100218000000002406485305000069.80  
2015051400000100218000000002406485307000238.70  
2015051400000100218000000002406485311000069.80  
2015051400000100218000000002406485999001368.44  
2015051400000100219000000000810986074000292.14  
2015051400000100219000000000810986204001460.72  
2015051400000100219000000000810986302001460.72  
2015051400000100219000000000810986304000249.78  
2015051400000100219000000000810986306000073.04  
2015051400000100219000000000810986308000249.78  
2015051400000100219000000000810986312000073.04  
2015051400000100219000000000810986999000864.70  
2015051400000100221000000002900854074000192.60  
2015051400000100221000000002900854204000963.00  
2015051400000100221000000002900854302000963.00  
2015051400000100221000000002900854304000164.67  
2015051400000100221000000002900854306000048.15  
2015051400000100221000000002900854308000164.67  
2015051400000100221000000002900854312000048.15  
2015051400000100221000000002900854999004976.08  
2015051400000100222000000002862575074000192.60  
2015051400000100222000000002862575204000963.00  
2015051400000100222000000002862575301000963.00  
2015051400000100222000000002862575303000164.67  
2015051400000100222000000002862575305000048.15  
2015051400000100222000000002862575307000164.67  
2015051400000100222000000002862575311000048.15  
2015051400000100222000000002862575999000000.00  
