20150514000001000530000000044701020900000111220000216.00  
20150514000001000530000000044701020900000111400000859.50  
20150514000001000530000000044701020900000111700010098.00  
20150514000001000530000000044701020900000113110001031.40  
20150514000001000530000000044701020900000113120000176.37  
20150514000001000530000000044701020900000113131000309.42  
20150514000001000530000000044701020900000113200000206.28  
20150514000001000890000000045263860900000111220000216.00  
20150514000001000890000000045263860900000111400000552.58  
20150514000001000890000000045263860900000111700006415.00  
20150514000001000890000000045263860900000113110000663.10  
20150514000001000890000000045263860900000113120000113.39  
20150514000001000890000000045263860900000113131000198.93  
20150514000001000890000000045263860900000113200000132.62  
20150514000001000540000000030812510900000111220001468.80  
20150514000001000540000000030812510900000111400000963.90  
20150514000001000540000000030812510900000111700010098.00  
20150514000001000540000000030812510900000113110001156.68  
20150514000001000540000000030812510900000113120000197.79  
20150514000001000540000000030812510900000113131000347.00  
20150514000001000540000000030812510900000113200000231.34  
20150514000001000900000000045103950900000111220000216.00  
20150514000001000900000000045103950900000111400000552.58  
20150514000001000900000000045103950900000111700006415.00  
20150514000001000900000000045103950900000113110000663.10  
20150514000001000900000000045103950900000113120000113.39  
20150514000001000900000000045103950900000113131000198.93  
20150514000001000900000000045103950900000113200000132.62  
20150514000001000440000000009521341000000111220001814.40  
20150514000001000440000000009521341000000111400001190.70  
20150514000001000440000000009521341000000111700012474.00  
20150514000001000440000000009521341000000113110001428.84  
20150514000001000440000000009521341000000113120000244.33  
20150514000001000440000000009521341000000113131000428.65  
20150514000001000440000000009521341000000113200000285.77  
20150514000001000280000000030994141100000111220000475.20  
20150514000001000280000000030994141100000111310002696.80  
20150514000001000280000000030994141100000111400001388.00  
20150514000001000280000000030994141100000111700013484.00  
20150514000001000280000000030994141100000113110001665.60  
20150514000001000280000000030994141100000113120000284.82  
20150514000001000280000000030994141100000113131000499.68  
20150514000001000280000000030994141100000113200000333.12  
20150514000001002190000000008109860900000111220001123.20  
20150514000001002190000000008109860900000111400001217.27  
20150514000001002190000000008109860900000111700013484.00  
20150514000001002190000000008109860900000113110001460.72  
20150514000001002190000000008109860900000113120000249.78  
20150514000001002190000000008109860900000113131000438.22  
20150514000001002190000000008109860900000113200000292.14  
20150514000001001150000000043297891100000111220001123.20  
20150514000001001150000000043297891100000111310001057.40  
20150514000001001150000000043297891100000111400000696.83  
20150514000001001150000000043297891100000111700005287.00  
20150514000001001150000000043297891100000111910000894.38  
20150514000001001150000000043297891100000113110000836.20  
20150514000001001150000000043297891100000113120000142.99  
20150514000001001150000000043297891100000113131000250.86  
20150514000001001150000000043297891100000113200000167.24  
20150514000001002180000000024064850900000111220000475.20  
20150514000001002180000000024064850900000111400001163.27  
20150514000001002180000000024064850900000111700013484.00  
20150514000001002180000000024064850900000113110001395.92  
20150514000001002180000000024064850900000113120000238.70  
20150514000001002180000000024064850900000113131000418.78  
20150514000001002180000000024064850900000113200000279.18  
20150514000001000550000000033144560900000111220000475.20  
20150514000001000550000000033144560900000111400000881.10  
20150514000001000550000000033144560900000111700010098.00  
20150514000001000550000000033144560900000113110001057.32  
20150514000001000550000000033144560900000113120000180.80  
20150514000001000550000000033144560900000113131000317.20  
20150514000001000550000000033144560900000113200000211.46  
20150514000001000210000000036231231100000111220001814.40  
20150514000001000210000000036231231100000111400001339.20  
20150514000001000210000000036231231100000111700014256.00  
20150514000001000210000000036231231100000113110001607.04  
20150514000001000210000000036231231100000113120000274.80  
20150514000001000210000000036231231100000113131000482.11  
20150514000001000210000000036231231100000113200000321.41  
20150514000001001210000000018643811100000111220001123.20  
20150514000001001210000000018643811100000111310000926.60  
20150514000001001210000000018643811100000111400000655.51  
20150514000001001210000000018643811100000111600001440.00  
20150514000001001210000000018643811100000111700004633.00  
20150514000001001210000000018643811100000111910001183.34  
20150514000001001210000000018643811100000113110000786.61  
20150514000001001210000000018643811100000113120000134.51  
20150514000001001210000000018643811100000113131000235.98  
20150514000001001210000000018643811100000113200000157.32  
20150514000001000450000000035116591200000111220000216.00  
20150514000001000450000000035116591200000111400001057.50  
20150514000001000450000000035116591200000111700012474.00  
20150514000001000450000000035116591200000113110001269.00  
20150514000001000450000000035116591200000113120000217.00  
20150514000001000450000000035116591200000113131000380.70  
20150514000001000450000000035116591200000113200000253.80  
20150514000001001220000000017642751100000111220000475.20  
20150514000001001220000000017642751100000111310000926.60  
20150514000001001220000000017642751100000111400000677.04  
20150514000001001220000000017642751100000111700004633.00  
20150514000001001220000000017642751100000111910002089.68  
20150514000001001220000000017642751100000113110000812.45  
20150514000001001220000000017642751100000113120000138.93  
20150514000001001220000000017642751100000113131000243.73  
20150514000001001220000000017642751100000113200000162.49  
20150514000001000290000000037708311100000111220001123.20  
20150514000001000290000000037708311100000111310002696.80  
20150514000001000290000000037708311100000111400001442.00  
20150514000001000290000000037708311100000111700013484.00  
20150514000001000290000000037708311100000113110001730.40  
20150514000001000290000000037708311100000113120000295.90  
20150514000001000290000000037708311100000113131000519.12  
20150514000001000290000000037708311100000113200000346.08  
20150514000001000560000000051699641000000111220000216.00  
20150514000001000560000000051699641000000111400000859.50  
20150514000001000560000000051699641000000111700010098.00  
20150514000001000560000000051699641000000113110001031.40  
20150514000001000560000000051699641000000113120000176.37  
20150514000001000560000000051699641000000113131000309.42  
20150514000001000560000000051699641000000113200000206.28  
20150514000001002110000000044147960900000111220000216.00  
20150514000001002110000000044147960900000111400002024.25  
20150514000001002110000000044147960900000111700024075.00  
20150514000001002110000000044147960900000113110002429.10  
20150514000001002110000000044147960900000113120000415.38  
20150514000001002110000000044147960900000113131000728.73  
20150514000001002110000000044147960900000113200000485.82  
20150514000001001160000000035049721100000111220001468.80  
20150514000001001160000000035049721100000111310001057.40  
20150514000001001160000000035049721100000111400000684.14  
20150514000001001160000000035049721100000111700005287.00  
20150514000001001160000000035049721100000111910000396.53  
20150514000001001160000000035049721100000113110000820.97  
20150514000001001160000000035049721100000113120000140.39  
20150514000001001160000000035049721100000113131000246.29  
20150514000001001160000000035049721100000113200000164.19  
20150514000001000650000000044144611100000111220000475.20  
20150514000001000650000000044144611100000111310001805.80  
20150514000001000650000000044144611100000111400000942.50  
20150514000001000650000000044144611100000111700009029.00  
20150514000001000650000000044144611100000113110001131.00  
20150514000001000650000000044144611100000113120000193.40  
20150514000001000650000000044144611100000113131000339.30  
20150514000001000650000000044144611100000113200000226.20  
20150514000001000570000000030128040900000111220000216.00  
20150514000001000570000000030128040900000111400000859.50  
20150514000001000570000000030128040900000111700010098.00  
20150514000001000570000000030128040900000113110001031.40  
20150514000001000570000000030128040900000113120000176.37  
20150514000001000570000000030128040900000113131000309.42  
20150514000001000570000000030128040900000113200000206.28  
20150514000001001170000000037549901100000111220001468.80  
20150514000001001170000000037549901100000111310001057.40  
20150514000001001170000000037549901100000111400000728.48  
20150514000001001170000000037549901100000111700005287.00  
20150514000001001170000000037549901100000111910000928.53  
20150514000001001170000000037549901100000113110000874.17  
20150514000001001170000000037549901100000113120000149.48  
20150514000001001170000000037549901100000113131000262.25  
20150514000001001170000000037549901100000113200000174.83  
20150514000001000080000000028681720900000111220000777.60  
20150514000001000080000000028681720900000111400001396.38  
20150514000001000080000000028681720900000111700015979.00  
20150514000001000080000000028681720900000113110001675.66  
20150514000001000080000000028681720900000113120000286.54  
20150514000001000080000000028681720900000113131000502.70  
20150514000001000080000000028681720900000113200000335.13  
20150514000001000740000000052918901100000111220000216.00  
20150514000001000740000000052918901100000111310001568.20  
20150514000001000740000000052918901100000111400000802.10  
20150514000001000740000000052918901100000111700007841.00  
20150514000001000740000000052918901100000113110000962.52  
20150514000001000740000000052918901100000113120000164.59  
20150514000001000740000000052918901100000113131000288.76  
20150514000001000740000000052918901100000113200000192.50  
20150514000001002000000000037570880900000111220000777.60  
20150514000001002000000000037570880900000111400001104.30  
20150514000001002000000000037570880900000111700012474.00  
20150514000001002000000000037570880900000113110001325.16  
20150514000001002000000000037570880900000113120000226.60  
20150514000001002000000000037570880900000113131000397.55  
20150514000001002000000000037570880900000113200000265.03  
20150514000001000750000000040131221000000111220000216.00  
20150514000001000750000000040131221000000111400000671.42  
20150514000001000750000000040131221000000111700007841.00  
20150514000001000750000000040131221000000113110000805.70  
20150514000001000750000000040131221000000113120000137.77  
20150514000001000750000000040131221000000113131000241.71  
20150514000001000750000000040131221000000113200000161.14  
20150514000001000910000000040761511100000111220000216.00  
20150514000001000910000000040761511100000111400000552.58  
20150514000001000910000000040761511100000111700006415.00  
20150514000001000910000000040761511100000113110000663.10  
20150514000001000910000000040761511100000113120000113.39  
20150514000001000910000000040761511100000113131000198.93  
20150514000001000910000000040761511100000113200000132.62  
20150514000001001230000000034170501100000111220000475.20  
20150514000001001230000000034170501100000111310000926.60  
20150514000001001230000000034170501100000111400000615.67  
20150514000001001230000000034170501100000111700004633.00  
20150514000001001230000000034170501100000111910001353.22  
20150514000001001230000000034170501100000113110000738.80  
20150514000001001230000000034170501100000113120000126.34  
20150514000001001230000000034170501100000113131000221.64  
20150514000001001230000000034170501100000113200000147.76  
20150514000001000470000000035904831000000111220000475.20  
20150514000001000470000000035904831000000111400001079.10  
20150514000001000470000000035904831000000111700012474.00  
20150514000001000470000000035904831000000113110001294.92  
20150514000001000470000000035904831000000113120000221.43  
20150514000001000470000000035904831000000113131000388.48  
20150514000001000470000000035904831000000113200000258.98  
20150514000001000580000000044506571000000111220000216.00  
20150514000001000580000000044506571000000111400000859.50  
20150514000001000580000000044506571000000111600001440.00  
20150514000001000580000000044506571000000111700010098.00  
20150514000001000580000000044506571000000113110001031.40  
20150514000001000580000000044506571000000113120000176.37  
20150514000001000580000000044506571000000113131000309.42  
20150514000001000580000000044506571000000113200000206.28  
20150514000001001380000000036936201000000111220000777.60  
20150514000001001380000000036936201000000111310000784.00  
20150514000001001380000000036936201000000111400000456.80  
20150514000001001380000000036936201000000111700003920.00  
20150514000001001380000000036936201000000113110000548.16  
20150514000001001380000000036936201000000113120000093.74  
20150514000001001380000000036936201000000113131000164.45  
20150514000001001380000000036936201000000113200000109.63  
20150514000001001010000000013705021100000111220001468.80  
20150514000001001010000000013705021100000111310001164.20  
20150514000001001010000000013705021100000111400000731.99  
20150514000001001010000000013705021100000111700005821.00  
20150514000001001010000000013705021100000111910000329.87  
20150514000001001010000000013705021100000113110000878.39  
20150514000001001010000000013705021100000113120000150.20  
20150514000001001010000000013705021100000113131000263.52  
20150514000001001010000000013705021100000113200000175.68  
20150514000001000180000000030045571200000111220001123.20  
20150514000001000180000000030045571200000111400001331.10  
20150514000001000180000000030045571200000111700014850.00  
20150514000001000180000000030045571200000113110001597.32  
20150514000001000180000000030045571200000113120000273.14  
20150514000001000180000000030045571200000113131000479.20  
20150514000001000180000000030045571200000113200000319.46  
20150514000001001020000000026926041100000111220001123.20  
20150514000001001020000000026926041100000111310001164.20  
20150514000001001020000000026926041100000111400000695.10  
20150514000001001020000000026926041100000111700005821.00  
20150514000001001020000000026926041100000111910000232.84  
20150514000001001020000000026926041100000113110000834.12  
20150514000001001020000000026926041100000113120000142.64  
20150514000001001020000000026926041100000113131000250.24  
20150514000001001020000000026926041100000113200000166.82  
20150514000001000920000000029143441100000111220001814.40  
20150514000001000920000000029143441100000111310001283.00  
20150514000001000920000000029143441100000111400000855.51  
20150514000001000920000000029143441100000111700006415.00  
20150514000001000920000000029143441100000111910000753.77  
20150514000001000920000000029143441100000113110001026.62  
20150514000001000920000000029143441100000113120000175.55  
20150514000001000920000000029143441100000113131000307.99  
20150514000001000920000000029143441100000113200000205.32  
20150514000001002130000000052135240900000111220000216.00  
20150514000001002130000000052135240900000111400001349.58  
20150514000001002130000000052135240900000111700015979.00  
20150514000001002130000000052135240900000113110001619.50  
20150514000001002130000000052135240900000113120000276.93  
20150514000001002130000000052135240900000113131000485.85  
20150514000001002130000000052135240900000113200000323.90  
20150514000001001030000000009599340900000111220002160.00  
20150514000001001030000000009599340900000111400000665.08  
20150514000001001030000000009599340900000111700005821.00  
20150514000001001030000000009599340900000113110000798.10  
20150514000001001030000000009599340900000113120000136.48  
20150514000001001030000000009599340900000113131000239.43  
20150514000001001030000000009599340900000113200000159.62  
20150514000001001240000000037862621100000111220000777.60  
20150514000001001240000000037862621100000111310000926.60  
20150514000001001240000000037862621100000111400000537.75  
20150514000001001240000000037862621100000111700004633.00  
20150514000001001240000000037862621100000111910000115.83  
20150514000001001240000000037862621100000113110000645.30  
20150514000001001240000000037862621100000113120000110.35  
20150514000001001240000000037862621100000113131000193.59  
20150514000001001240000000037862621100000113200000129.06  
20150514000001000090000000028683471000000111220000475.20  
20150514000001000090000000028683471000000111400001371.18  
20150514000001000090000000028683471000000111700015979.00  
20150514000001000090000000028683471000000113110001645.42  
20150514000001000090000000028683471000000113120000281.37  
20150514000001000090000000028683471000000113131000493.63  
20150514000001000090000000028683471000000113200000329.08  
20150514000001000100000000031374600900000111220001468.80  
20150514000001000100000000031374600900000111400001453.98  
20150514000001000100000000031374600900000111700015979.00  
20150514000001000100000000031374600900000113110001744.78  
20150514000001000100000000031374600900000113120000298.36  
20150514000001000100000000031374600900000113131000523.43  
20150514000001000100000000031374600900000113200000348.96  
20150514000001000810000000064080310900000111220000216.00  
20150514000001000810000000064080310900000111400000682.31  
20150514000001000810000000064080310900000111700007247.00  
20150514000001000810000000064080310900000111910000724.70  
20150514000001000810000000064080310900000113110000818.77  
20150514000001000810000000064080310900000113120000140.01  
20150514000001000810000000064080310900000113131000245.63  
20150514000001000810000000064080310900000113200000163.75  
20150514000001000760000000064666681100000111220000216.00  
20150514000001000760000000064666681100000111310001568.20  
20150514000001000760000000064666681100000111400000802.10  
20150514000001000760000000064666681100000111700007841.00  
20150514000001000760000000064666681100000113110000962.52  
20150514000001000760000000064666681100000113120000164.59  
20150514000001000760000000064666681100000113131000288.76  
20150514000001000760000000064666681100000113200000192.50  
20150514000001000110000000030253460900000111400001331.58  
20150514000001000110000000030253460900000111700015979.00  
20150514000001000110000000030253460900000113110001597.90  
20150514000001000110000000030253460900000113120000273.24  
20150514000001000110000000030253460900000113131000479.37  
20150514000001000110000000030253460900000113200000319.58  
20150514000001000300000000037697441200000111220000216.00  
20150514000001000300000000037697441200000111400001141.67  
20150514000001000300000000037697441200000111700013484.00  
20150514000001000300000000037697441200000113110001370.00  
20150514000001000300000000037697441200000113120000234.27  
20150514000001000300000000037697441200000113131000411.00  
20150514000001000300000000037697441200000113200000274.00  
20150514000001000930000000030781101100000111220001468.80  
20150514000001000930000000030781101100000111310001283.00  
20150514000001000930000000030781101100000111400000806.67  
20150514000001000930000000030781101100000111700006415.00  
20150514000001000930000000030781101100000111910000513.20  
20150514000001000930000000030781101100000113110000968.00  
20150514000001000930000000030781101100000113120000165.53  
20150514000001000930000000030781101100000113131000290.40  
20150514000001000930000000030781101100000113200000193.60  
20150514000001001250000000088545261100000111220000216.00  
20150514000001001250000000088545261100000111310000926.60  
20150514000001001250000000088545261100000111400000546.61  
20150514000001001250000000088545261100000111700004633.00  
20150514000001001250000000088545261100000111910000783.75  
20150514000001001250000000088545261100000113110000655.94  
20150514000001001250000000088545261100000113120000112.16  
20150514000001001250000000088545261100000113131000196.78  
20150514000001001250000000088545261100000113200000131.19  
20150514000001000590000000009363050900000111220001468.80  
20150514000001000590000000009363050900000111400000963.90  
20150514000001000590000000009363050900000111700010098.00  
20150514000001000590000000009363050900000113110001156.68  
20150514000001000590000000009363050900000113120000197.79  
20150514000001000590000000009363050900000113131000347.00  
20150514000001000590000000009363050900000113200000231.34  
20150514000001001260000000051518861100000111220000475.20  
20150514000001001260000000051518861100000111310000926.60  
20150514000001001260000000051518861100000111400000522.20  
20150514000001001260000000051518861100000111700004633.00  
20150514000001001260000000051518861100000111910000231.65  
20150514000001001260000000051518861100000113110000626.65  
20150514000001001260000000051518861100000113120000107.16  
20150514000001001260000000051518861100000113131000187.99  
20150514000001001260000000051518861100000113200000125.33  
20150514000001000820000000028997750900000111220000216.00  
20150514000001000820000000028997750900000111400000621.92  
20150514000001000820000000028997750900000111700007247.00  
20150514000001000820000000028997750900000113110000746.30  
20150514000001000820000000028997750900000113120000127.62  
20150514000001000820000000028997750900000113131000223.89  
20150514000001000820000000028997750900000113200000149.26  
20150514000001000310000000036220651100000111220001468.80  
20150514000001000310000000036220651100000111400001246.07  
20150514000001000310000000036220651100000111700013484.00  
20150514000001000310000000036220651100000113110001495.28  
20150514000001000310000000036220651100000113120000255.69  
20150514000001000310000000036220651100000113131000448.58  
20150514000001000310000000036220651100000113200000299.06  
20150514000001000660000000051617001100000111220000216.00  
20150514000001000660000000051617001100000111310001805.80  
20150514000001000660000000051617001100000111400000920.90  
20150514000001000660000000051617001100000111700009029.00  
20150514000001000660000000051617001100000113110001105.08  
20150514000001000660000000051617001100000113120000188.97  
20150514000001000660000000051617001100000113131000331.52  
20150514000001000660000000051617001100000113200000221.02  
20150514000001001270000000045380110900000111220000216.00  
20150514000001001270000000045380110900000111400000404.08  
20150514000001001270000000045380110900000111700004633.00  
20150514000001001270000000045380110900000113110000484.90  
20150514000001001270000000045380110900000113120000082.92  
20150514000001001270000000045380110900000113131000145.47  
20150514000001001270000000045380110900000113200000096.98  
20150514000001000830000000019306230900000111220000216.00  
20150514000001000830000000019306230900000111400000621.92  
20150514000001000830000000019306230900000111700007247.00  
20150514000001000830000000019306230900000113110000746.30  
20150514000001000830000000019306230900000113120000127.62  
20150514000001000830000000019306230900000113131000223.89  
20150514000001000830000000019306230900000113200000149.26  
20150514000001000950000000064310240900000111220000216.00  
20150514000001000950000000064310240900000111400000552.58  
20150514000001000950000000064310240900000111700006415.00  
20150514000001000950000000064310240900000113110000663.10  
20150514000001000950000000064310240900000113120000113.39  
20150514000001000950000000064310240900000113131000198.93  
20150514000001000950000000064310240900000113200000132.62  
20150514000001001040000000017606861100000111220001123.20  
20150514000001001040000000017606861100000111310001164.20  
20150514000001001040000000017606861100000111400000675.70  
20150514000001001040000000017606861100000111700005821.00  
20150514000001001040000000017606861100000113110000810.84  
20150514000001001040000000017606861100000113120000138.65  
20150514000001001040000000017606861100000113131000243.25  
20150514000001001040000000017606861100000113200000162.17  
20150514000001001180000000034820631100000111220001468.80  
20150514000001001180000000034820631100000111310001057.40  
20150514000001001180000000034820631100000111400000745.09  
20150514000001001180000000034820631100000111700005287.00  
20150514000001001180000000034820631100000111910001127.90  
20150514000001001180000000034820631100000113110000894.11  
20150514000001001180000000034820631100000113120000152.89  
20150514000001001180000000034820631100000113131000268.23  
20150514000001001180000000034820631100000113200000178.82  
20150514000001000670000000045398890900000111220000216.00  
20150514000001000670000000045398890900000111400000770.42  
20150514000001000670000000045398890900000111700009029.00  
20150514000001000670000000045398890900000113110000924.50  
20150514000001000670000000045398890900000113120000158.09  
20150514000001000670000000045398890900000113131000277.35  
20150514000001000670000000045398890900000113200000184.90  
20150514000001001190000000048000591100000111220000475.20  
20150514000001001190000000048000591100000111310001057.40  
20150514000001001190000000048000591100000111400000577.11  
20150514000001001190000000048000591100000111700005287.00  
20150514000001001190000000048000591100000111910000105.74  
20150514000001001190000000048000591100000113110000692.53  
20150514000001001190000000048000591100000113120000118.42  
20150514000001001190000000048000591100000113131000207.76  
20150514000001001190000000048000591100000113200000138.51  
20150514000001000960000000030993041100000111220000216.00  
20150514000001000960000000030993041100000111310001283.00  
20150514000001000960000000030993041100000111400000659.50  
20150514000001000960000000030993041100000111700006415.00  
20150514000001000960000000030993041100000113110000791.40  
20150514000001000960000000030993041100000113120000135.33  
20150514000001000960000000030993041100000113131000237.42  
20150514000001000960000000030993041100000113200000158.28  
20150514000001001200000000042929851100000111220000216.00  
20150514000001001200000000042929851100000111310001057.40  
20150514000001001200000000042929851100000111400000639.68  
20150514000001001200000000042929851100000111700005287.00  
20150514000001001200000000042929851100000111910001115.78  
20150514000001001200000000042929851100000113110000767.62  
20150514000001001200000000042929851100000113120000131.26  
20150514000001001200000000042929851100000113131000230.29  
20150514000001001200000000042929851100000113200000153.52  
20150514000001001050000000008031310900000111220002160.00  
20150514000001001050000000008031310900000111400000665.08  
20150514000001001050000000008031310900000111700005821.00  
20150514000001001050000000008031310900000113110000798.10  
20150514000001001050000000008031310900000113120000136.48  
20150514000001001050000000008031310900000113131000239.43  
20150514000001001050000000008031310900000113200000159.62  
20150514000001002090000000049012270900000111220000216.00  
20150514000001002090000000049012270900000111400002024.25  
20150514000001002090000000049012270900000111700024075.00  
20150514000001002090000000049012270900000113110002429.10  
20150514000001002090000000049012270900000113120000415.38  
20150514000001002090000000049012270900000113131000728.73  
20150514000001002090000000049012270900000113200000485.82  
20150514000001000680000000048841640900000111220000216.00  
20150514000001000680000000048841640900000111400000770.42  
20150514000001000680000000048841640900000111700009029.00  
20150514000001000680000000048841640900000113110000924.50  
20150514000001000680000000048841640900000113120000158.09  
20150514000001000680000000048841640900000113131000277.35  
20150514000001000680000000048841640900000113200000184.90  
20150514000001000840000000028792790900000111220001468.80  
20150514000001000840000000028792790900000111400000726.32  
20150514000001000840000000028792790900000111700007247.00  
20150514000001000840000000028792790900000113110000871.58  
20150514000001000840000000028792790900000113120000149.04  
20150514000001000840000000028792790900000113131000261.47  
20150514000001000840000000028792790900000113200000174.32  
20150514000001000850000000064730211000000111220000216.00  
20150514000001000850000000064730211000000111400000621.92  
20150514000001000850000000064730211000000111700007247.00  
20150514000001000850000000064730211000000113110000746.30  
20150514000001000850000000064730211000000113120000127.62  
20150514000001000850000000064730211000000113131000223.89  
20150514000001000850000000064730211000000113200000149.26  
20150514000001001390000000048977811100000111220000216.00  
20150514000001001390000000048977811100000111310000784.00  
20150514000001001390000000048977811100000111400000463.36  
20150514000001001390000000048977811100000111700003920.00  
20150514000001001390000000048977811100000111910000640.27  
20150514000001001390000000048977811100000113110000556.03  
20150514000001001390000000048977811100000113120000095.08  
20150514000001001390000000048977811100000113131000166.81  
20150514000001001390000000048977811100000113200000111.21  
20150514000001000320000000037688620900000111220000475.20  
20150514000001000320000000037688620900000111400001163.27  
20150514000001000320000000037688620900000111700013484.00  
20150514000001000320000000037688620900000113110001395.92  
20150514000001000320000000037688620900000113120000238.70  
20150514000001000320000000037688620900000113131000418.78  
20150514000001000320000000037688620900000113200000279.18  
20150514000001001060000000020457010900000111220002160.00  
20150514000001001060000000020457010900000111400000665.08  
20150514000001001060000000020457010900000111700005821.00  
20150514000001001060000000020457010900000113110000798.10  
20150514000001001060000000020457010900000113120000136.48  
20150514000001001060000000020457010900000113131000239.43  
20150514000001001060000000020457010900000113200000159.62  
20150514000001001460000000037345451000000111220000216.00  
20150514000001001460000000037345451000000111400001349.58  
20150514000001001460000000037345451000000111700015979.00  
20150514000001001460000000037345451000000113110001619.50  
20150514000001001460000000037345451000000113120000276.93  
20150514000001001460000000037345451000000113131000485.85  
20150514000001001460000000037345451000000113200000323.90  
20150514000001000340000000052702481200000111220000216.00  
20150514000001000340000000052702481200000111400001141.67  
20150514000001000340000000052702481200000111700013484.00  
20150514000001000340000000052702481200000113110001370.00  
20150514000001000340000000052702481200000113120000234.27  
20150514000001000340000000052702481200000113131000411.00  
20150514000001000340000000052702481200000113200000274.00  
20150514000001000770000000006851340900000111220000216.00  
20150514000001000770000000006851340900000111400000671.42  
20150514000001000770000000006851340900000111700007841.00  
20150514000001000770000000006851340900000113110000805.70  
20150514000001000770000000006851340900000113120000137.77  
20150514000001000770000000006851340900000113131000241.71  
20150514000001000770000000006851340900000113200000161.14  
20150514000001001400000000048869720900000111220000216.00  
20150514000001001400000000048869720900000111400000344.67  
20150514000001001400000000048869720900000111600001440.00  
20150514000001001400000000048869720900000111700003920.00  
20150514000001001400000000048869720900000113110000413.60  
20150514000001001400000000048869720900000113120000070.73  
20150514000001001400000000048869720900000113131000124.08  
20150514000001001400000000048869720900000113200000082.72  
20150514000001000350000000044334130900000111220000216.00  
20150514000001000350000000044334130900000111400001141.67  
20150514000001000350000000044334130900000111700013484.00  
20150514000001000350000000044334130900000113110001370.00  
20150514000001000350000000044334130900000113120000234.27  
20150514000001000350000000044334130900000113131000411.00  
20150514000001000350000000044334130900000113200000274.00  
20150514000001001070000000038318380900000111220001123.20  
20150514000001001070000000038318380900000111400000578.68  
20150514000001001070000000038318380900000111700005821.00  
20150514000001001070000000038318380900000113110000694.42  
20150514000001001070000000038318380900000113120000118.75  
20150514000001001070000000038318380900000113131000208.33  
20150514000001001070000000038318380900000113200000138.88  
20150514000001002050000000018938121100000111400003210.00  
20150514000001002050000000018938121100000111700038520.00  
20150514000001002050000000018938121100000113110003852.00  
20150514000001002050000000018938121100000113120000658.69  
20150514000001002050000000018938121100000113131001155.60  
20150514000001002050000000018938121100000113200000770.40  
20150514000001001080000000008552790900000111220002160.00  
20150514000001001080000000008552790900000111400000665.08  
20150514000001001080000000008552790900000111700005821.00  
20150514000001001080000000008552790900000113110000798.10  
20150514000001001080000000008552790900000113120000136.48  
20150514000001001080000000008552790900000113131000239.43  
20150514000001001080000000008552790900000113200000159.62  
20150514000001000690000000034593161200000111220000216.00  
20150514000001000690000000034593161200000111400000770.42  
20150514000001000690000000034593161200000111700009029.00  
20150514000001000690000000034593161200000113110000924.50  
20150514000001000690000000034593161200000113120000158.09  
20150514000001000690000000034593161200000113131000277.35  
20150514000001000690000000034593161200000113200000184.90  
20150514000001001280000000060963391100000111220000216.00  
20150514000001001280000000060963391100000111310000926.60  
20150514000001001280000000060963391100000111400000587.39  
20150514000001001280000000060963391100000111700004633.00  
20150514000001001280000000060963391100000111910001273.12  
20150514000001001280000000060963391100000113110000704.87  
20150514000001001280000000060963391100000113120000120.53  
20150514000001001280000000060963391100000113131000211.46  
20150514000001001280000000060963391100000113200000140.97  
20150514000001000700000000037290380900000111220001468.80  
20150514000001000700000000037290380900000111400000874.82  
20150514000001000700000000037290380900000111700009029.00  
20150514000001000700000000037290380900000113110001049.78  
20150514000001000700000000037290380900000113120000179.51  
20150514000001000700000000037290380900000113131000314.93  
20150514000001000700000000037290380900000113200000209.96  
20150514000001000710000000037205221100000111220001468.80  
20150514000001000710000000037205221100000111310001805.80  
20150514000001000710000000037205221100000111400001025.30  
20150514000001000710000000037205221100000111700009029.00  
20150514000001000710000000037205221100000113110001230.36  
20150514000001000710000000037205221100000113120000210.39  
20150514000001000710000000037205221100000113131000369.11  
20150514000001000710000000037205221100000113200000246.07  
20150514000001000360000000028904761200000111400001123.67  
20150514000001000360000000028904761200000111700013484.00  
20150514000001000360000000028904761200000113110001348.40  
20150514000001000360000000028904761200000113120000230.58  
20150514000001000360000000028904761200000113131000404.52  
20150514000001000360000000028904761200000113200000269.68  
20150514000001000370000000044187971200000111220000216.00  
20150514000001000370000000044187971200000111400001141.67  
20150514000001000370000000044187971200000111700013484.00  
20150514000001000370000000044187971200000113110001370.00  
20150514000001000370000000044187971200000113120000234.27  
20150514000001000370000000044187971200000113131000411.00  
20150514000001000370000000044187971200000113200000274.00  
20150514000001001290000000051794601100000111220000475.20  
20150514000001001290000000051794601100000111310000926.60  
20150514000001001290000000051794601100000111400000678.57  
20150514000001001290000000051794601100000111600001440.00  
20150514000001001290000000051794601100000111700004633.00  
20150514000001001290000000051794601100000111910002108.03  
20150514000001001290000000051794601100000113110000814.28  
20150514000001001290000000051794601100000113120000139.24  
20150514000001001290000000051794601100000113131000244.28  
20150514000001001290000000051794601100000113200000162.86  
20150514000001001300000000044107891100000111220001123.20  
20150514000001001300000000044107891100000111310000926.60  
20150514000001001300000000044107891100000111400000676.67  
20150514000001001300000000044107891100000111700004633.00  
20150514000001001300000000044107891100000111910001437.20  
20150514000001001300000000044107891100000113110000812.00  
20150514000001001300000000044107891100000113120000138.85  
20150514000001001300000000044107891100000113131000243.60  
20150514000001001300000000044107891100000113200000162.40  
20150514000001000480000000036173220900000111220000216.00  
20150514000001000480000000036173220900000111400001057.50  
20150514000001000480000000036173220900000111700012474.00  
20150514000001000480000000036173220900000113110001269.00  
20150514000001000480000000036173220900000113120000217.00  
20150514000001000480000000036173220900000113131000380.70  
20150514000001000480000000036173220900000113200000253.80  
20150514000001002060000000030255050900000111220000777.60  
20150514000001002060000000030255050900000111400003274.80  
20150514000001002060000000030255050900000111700038520.00  
20150514000001002060000000030255050900000113110003929.76  
20150514000001002060000000030255050900000113120000671.99  
20150514000001002060000000030255050900000113131001178.93  
20150514000001002060000000030255050900000113200000785.95  
20150514000001001090000000037827311100000111220001814.40  
20150514000001001090000000037827311100000111310001164.20  
20150514000001001090000000037827311100000111400000873.17  
20150514000001001090000000037827311100000111700005821.00  
20150514000001001090000000037827311100000111910001678.39  
20150514000001001090000000037827311100000113110001047.80  
20150514000001001090000000037827311100000113120000179.17  
20150514000001001090000000037827311100000113131000314.34  
20150514000001001090000000037827311100000113200000209.56  
20150514000001000780000000052419840900000111220000216.00  
20150514000001000780000000052419840900000111400000736.76  
20150514000001000780000000052419840900000111700007841.00  
20150514000001000780000000052419840900000111910000784.10  
20150514000001000780000000052419840900000113110000884.11  
20150514000001000780000000052419840900000113120000151.18  
20150514000001000780000000052419840900000113131000265.23  
20150514000001000780000000052419840900000113200000176.82  
20150514000001002010000000029910070900000111400001604.08  
20150514000001002010000000029910070900000111700019249.00  
20150514000001002010000000029910070900000113110001924.90  
20150514000001002010000000029910070900000113120000329.16  
20150514000001002010000000029910070900000113131000577.47  
20150514000001002010000000029910070900000113200000384.98  
20150514000001002030000000010690890900000111400003210.00  
20150514000001002030000000010690890900000111700038520.00  
20150514000001002030000000010690890900000113110003852.00  
20150514000001002030000000010690890900000113120000658.69  
20150514000001002030000000010690890900000113131001155.60  
20150514000001002030000000010690890900000113200000770.40  
20150514000001000130000000031378190900000111220001468.80  
20150514000001000130000000031378190900000111400001453.98  
20150514000001000130000000031378190900000111700015979.00  
20150514000001000130000000031378190900000113110001744.78  
20150514000001000130000000031378190900000113120000298.36  
20150514000001000130000000031378190900000113131000523.43  
20150514000001000130000000031378190900000113200000348.96  
20150514000001000790000000052259660900000111220000216.00  
20150514000001000790000000052259660900000111400000671.42  
20150514000001000790000000052259660900000111700007841.00  
20150514000001000790000000052259660900000113110000805.70  
20150514000001000790000000052259660900000113120000137.77  
20150514000001000790000000052259660900000113131000241.71  
20150514000001000790000000052259660900000113200000161.14  
20150514000001000860000000044618940900000111220000475.20  
20150514000001000860000000044618940900000111400000643.52  
20150514000001000860000000044618940900000111700007247.00  
20150514000001000860000000044618940900000113110000772.22  
20150514000001000860000000044618940900000113120000132.05  
20150514000001000860000000044618940900000113131000231.67  
20150514000001000860000000044618940900000113200000154.44  
20150514000001001410000000048709620900000111220000216.00  
20150514000001001410000000048709620900000111400000344.67  
20150514000001001410000000048709620900000111600001440.00  
20150514000001001410000000048709620900000111700003920.00  
20150514000001001410000000048709620900000113110000413.60  
20150514000001001410000000048709620900000113120000070.73  
20150514000001001410000000048709620900000113131000124.08  
20150514000001001410000000048709620900000113200000082.72  
20150514000001000870000000051932150900000111220000216.00  
20150514000001000870000000051932150900000111400000621.92  
20150514000001000870000000051932150900000111700007247.00  
20150514000001000870000000051932150900000113110000746.30  
20150514000001000870000000051932150900000113120000127.62  
20150514000001000870000000051932150900000113131000223.89  
20150514000001000870000000051932150900000113200000149.26  
20150514000001000190000000005681381200000111220002160.00  
20150514000001000190000000005681381200000111400001417.50  
20150514000001000190000000005681381200000111700014850.00  
20150514000001000190000000005681381200000113110001701.00  
20150514000001000190000000005681381200000113131000510.30  
20150514000001000190000000005681381200000113200000340.20  
20150514000001000600000000044208960900000111220000216.00  
20150514000001000600000000044208960900000111400000859.50  
20150514000001000600000000044208960900000111600001440.00  
20150514000001000600000000044208960900000111700010098.00  
20150514000001000600000000044208960900000113110001031.40  
20150514000001000600000000044208960900000113120000176.37  
20150514000001000600000000044208960900000113131000309.42  
20150514000001000600000000044208960900000113200000206.28  
20150514000001000610000000035181171000000111220000475.20  
20150514000001000610000000035181171000000111400000881.10  
20150514000001000610000000035181171000000111700010098.00  
20150514000001000610000000035181171000000113110001057.32  
20150514000001000610000000035181171000000113120000180.80  
20150514000001000610000000035181171000000113131000317.20  
20150514000001000610000000035181171000000113200000211.46  
20150514000001001420000000030640161000000111220001123.20  
20150514000001001420000000030640161000000111310000784.00  
20150514000001001420000000030640161000000111400000485.60  
20150514000001001420000000030640161000000111700003920.00  
20150514000001001420000000030640161000000113110000582.72  
20150514000001001420000000030640161000000113120000099.65  
20150514000001001420000000030640161000000113131000174.82  
20150514000001001420000000030640161000000113200000116.54  
20150514000001000970000000045021820900000111220000216.00  
20150514000001000970000000045021820900000111400000552.58  
20150514000001000970000000045021820900000111700006415.00  
20150514000001000970000000045021820900000113110000663.10  
20150514000001000970000000045021820900000113120000113.39  
20150514000001000970000000045021820900000113131000198.93  
20150514000001000970000000045021820900000113200000132.62  
20150514000001002220000000028625750900000111400000802.50  
20150514000001002220000000028625750900000111700009630.00  
20150514000001002220000000028625750900000113110000963.00  
20150514000001002220000000028625750900000113120000164.67  
20150514000001002220000000028625750900000113131000288.90  
20150514000001002220000000028625750900000113200000192.60  
20150514000001000980000000040225151100000111220000475.20  
20150514000001000980000000040225151100000111310001283.00  
20150514000001000980000000040225151100000111400000681.10  
20150514000001000980000000040225151100000111600001440.00  
20150514000001000980000000040225151100000111700006415.00  
20150514000001000980000000040225151100000113110000817.32  
20150514000001000980000000040225151100000113120000139.76  
20150514000001000980000000040225151100000113131000245.20  
20150514000001000980000000040225151100000113200000163.46  
20150514000001001320000000044154021100000111220000475.20  
20150514000001001320000000044154021100000111310000926.60  
20150514000001001320000000044154021100000111400000565.96  
20150514000001001320000000044154021100000111700004633.00  
20150514000001001320000000044154021100000111910000756.73  
20150514000001001320000000044154021100000113110000679.15  
20150514000001001320000000044154021100000113120000116.14  
20150514000001001320000000044154021100000113131000203.75  
20150514000001001320000000044154021100000113200000135.83  
20150514000001002210000000029008541000000111400000802.50  
20150514000001002210000000029008541000000111700009630.00  
20150514000001002210000000029008541000000113110000963.00  
20150514000001002210000000029008541000000113120000164.67  
20150514000001002210000000029008541000000113131000288.90  
20150514000001002210000000029008541000000113200000192.60  
20150514000001001330000000042002231100000111220000216.00  
20150514000001001330000000042002231100000111310000926.60  
20150514000001001330000000042002231100000111400000589.32  
20150514000001001330000000042002231100000111700004633.00  
20150514000001001330000000042002231100000111910001296.27  
20150514000001001330000000042002231100000113110000707.19  
20150514000001001330000000042002231100000113120000120.93  
20150514000001001330000000042002231100000113131000212.16  
20150514000001001330000000042002231100000113200000141.44  
20150514000001002070000000051989401000000111220000216.00  
20150514000001002070000000051989401000000111400002024.25  
20150514000001002070000000051989401000000111700024075.00  
20150514000001002070000000051989401000000113110002429.10  
20150514000001002070000000051989401000000113120000415.38  
20150514000001002070000000051989401000000113131000728.73  
20150514000001002070000000051989401000000113200000485.82  
20150514000001000990000000056485771100000111220000216.00  
20150514000001000990000000056485771100000111310001283.00  
20150514000001000990000000056485771100000111400000659.50  
20150514000001000990000000056485771100000111700006415.00  
20150514000001000990000000056485771100000113110000791.40  
20150514000001000990000000056485771100000113120000135.33  
20150514000001000990000000056485771100000113131000237.42  
20150514000001000990000000056485771100000113200000158.28  
20150514000001000380000000044249660900000111220000216.00  
20150514000001000380000000044249660900000111400001141.67  
20150514000001000380000000044249660900000111700013484.00  
20150514000001000380000000044249660900000113110001370.00  
20150514000001000380000000044249660900000113120000234.27  
20150514000001000380000000044249660900000113131000411.00  
20150514000001000380000000044249660900000113200000274.00  
20150514000001001340000000036055810900000111220000216.00  
20150514000001001340000000036055810900000111400000404.08  
20150514000001001340000000036055810900000111700004633.00  
20150514000001001340000000036055810900000113110000484.90  
20150514000001001340000000036055810900000113120000082.92  
20150514000001001340000000036055810900000113131000145.47  
20150514000001001340000000036055810900000113200000096.98  
20150514000001001430000000037530270900000111220000777.60  
20150514000001001430000000037530270900000111400000391.47  
20150514000001001430000000037530270900000111700003920.00  
20150514000001001430000000037530270900000113110000469.76  
20150514000001001430000000037530270900000113120000080.33  
20150514000001001430000000037530270900000113131000140.93  
20150514000001001430000000037530270900000113200000093.95  
20150514000001002100000000036212690900000111220001468.80  
20150514000001002100000000036212690900000111400002128.65  
20150514000001002100000000036212690900000111700024075.00  
20150514000001002100000000036212690900000113110002554.38  
20150514000001002100000000036212690900000113120000436.80  
20150514000001002100000000036212690900000113131000766.31  
20150514000001002100000000036212690900000113200000510.88  
20150514000001000150000000035888920900000111400001331.58  
20150514000001000150000000035888920900000111700015979.00  
20150514000001000150000000035888920900000113110001597.90  
20150514000001000150000000035888920900000113120000273.24  
20150514000001000150000000035888920900000113131000479.37  
20150514000001000150000000035888920900000113200000319.58  
20150514000001001350000000059031341100000111220000475.20  
20150514000001001350000000059031341100000111310000926.60  
20150514000001001350000000059031341100000111400000581.08  
20150514000001001350000000059031341100000111600001440.00  
20150514000001001350000000059031341100000111700004633.00  
20150514000001001350000000059031341100000111910000938.19  
20150514000001001350000000059031341100000113110000697.30  
20150514000001001350000000059031341100000113120000119.24  
20150514000001001350000000059031341100000113131000209.19  
20150514000001001350000000059031341100000113200000139.46  
20150514000001000620000000044678691200000111220000216.00  
20150514000001000620000000044678691200000111400000859.50  
20150514000001000620000000044678691200000111700010098.00  
20150514000001000620000000044678691200000113110001031.40  
20150514000001000620000000044678691200000113120000176.37  
20150514000001000620000000044678691200000113131000309.42  
20150514000001000620000000044678691200000113200000206.28  
20150514000001002120000000044119031000000111400002006.25  
20150514000001002120000000044119031000000111700024075.00  
20150514000001002120000000044119031000000113110002407.50  
20150514000001002120000000044119031000000113120000411.68  
20150514000001002120000000044119031000000113131000722.25  
20150514000001002120000000044119031000000113200000481.50  
20150514000001000880000000037423650900000111220000475.20  
20150514000001000880000000037423650900000111400000643.52  
20150514000001000880000000037423650900000111700007247.00  
20150514000001000880000000037423650900000113110000772.22  
20150514000001000880000000037423650900000113120000132.05  
20150514000001000880000000037423650900000113131000231.67  
20150514000001000880000000037423650900000113200000154.44  
20150514000001001100000000037206271100000111220001814.40  
20150514000001001100000000037206271100000111310001164.20  
20150514000001001100000000037206271100000111400000808.49  
20150514000001001100000000037206271100000111700005821.00  
20150514000001001100000000037206271100000111910000902.26  
20150514000001001100000000037206271100000113110000970.19  
20150514000001001100000000037206271100000113120000165.90  
20150514000001001100000000037206271100000113131000291.06  
20150514000001001100000000037206271100000113200000194.04  
20150514000001000400000000035564380900000111220000475.20  
20150514000001000400000000035564380900000111400001275.63  
20150514000001000400000000035564380900000111700013484.00  
20150514000001000400000000035564380900000111910001348.40  
20150514000001000400000000035564380900000113110001530.76  
20150514000001000400000000035564380900000113120000261.76  
20150514000001000400000000035564380900000113131000459.23  
20150514000001000400000000035564380900000113200000306.15  
20150514000001001110000000028941011100000111220001468.80  
20150514000001001110000000028941011100000111400000607.48  
20150514000001001110000000028941011100000111700005821.00  
20150514000001001110000000028941011100000113110000728.98  
20150514000001001110000000028941011100000113120000124.66  
20150514000001001110000000028941011100000113131000218.69  
20150514000001001110000000028941011100000113200000145.80  
20150514000001000410000000028750931100000111220000216.00  
20150514000001000410000000028750931100000111400001141.67  
20150514000001000410000000028750931100000111700013484.00  
20150514000001000410000000028750931100000113110001370.00  
20150514000001000410000000028750931100000113120000234.27  
20150514000001000410000000028750931100000113131000411.00  
20150514000001000410000000028750931100000113200000274.00  
20150514000001002020000000009530210900000111220000216.00  
20150514000001002020000000009530210900000111400003317.17  
20150514000001002020000000009530210900000111700039590.00  
20150514000001002020000000009530210900000113110003980.60  
20150514000001002020000000009530210900000113120000680.68  
20150514000001002020000000009530210900000113131001194.18  
20150514000001002020000000009530210900000113200000796.12  
20150514000001001120000000017140321100000111220002160.00  
20150514000001001120000000017140321100000111400000770.19  
20150514000001001120000000017140321100000111700005821.00  
20150514000001001120000000017140321100000111910001261.22  
20150514000001001120000000017140321100000113110000924.22  
20150514000001001120000000017140321100000113120000158.04  
20150514000001001120000000017140321100000113131000277.27  
20150514000001001120000000017140321100000113200000184.84  
20150514000001002170000000037787980900000111220001468.80  
20150514000001002170000000037787980900000111400001310.40  
20150514000001002170000000037787980900000111700014256.00  
20150514000001002170000000037787980900000113110001572.48  
20150514000001002170000000037787980900000113120000268.89  
20150514000001002170000000037787980900000113131000471.74  
20150514000001002170000000037787980900000113200000314.50  
20150514000001000800000000037686630900000111220000216.00  
20150514000001000800000000037686630900000111400000671.42  
20150514000001000800000000037686630900000111700007841.00  
20150514000001000800000000037686630900000113110000805.70  
20150514000001000800000000037686630900000113120000137.77  
20150514000001000800000000037686630900000113131000241.71  
20150514000001000800000000037686630900000113200000161.14  
20150514000001000200000000042889520900000111220000216.00  
20150514000001000200000000042889520900000111400001255.50  
20150514000001000200000000042889520900000111700014850.00  
20150514000001000200000000042889520900000113110001506.60  
20150514000001000200000000042889520900000113120000257.63  
20150514000001000200000000042889520900000113131000451.98  
20150514000001000200000000042889520900000113200000301.32  
20150514000001001360000000047023491100000111220000475.20  
20150514000001001360000000047023491100000111310000926.60  
20150514000001001360000000047023491100000111400000673.82  
20150514000001001360000000047023491100000111700004633.00  
20150514000001001360000000047023491100000111910002051.07  
20150514000001001360000000047023491100000113110000808.59  
20150514000001001360000000047023491100000113120000138.27  
20150514000001001360000000047023491100000113131000242.58  
20150514000001001360000000047023491100000113200000161.72  
20150514000001002040000000030176310900000111220000216.00  
20150514000001002040000000030176310900000111400003228.00  
20150514000001002040000000030176310900000111700038520.00  
20150514000001002040000000030176310900000113110003873.60  
20150514000001002040000000030176310900000113120000662.39  
20150514000001002040000000030176310900000113131001162.08  
20150514000001002040000000030176310900000113200000774.72  
20150514000001000250000000031317101100000111220001814.40  
20150514000001000250000000031317101100000111400001339.20  
20150514000001000250000000031317101100000111700014256.00  
20150514000001000250000000031317101100000113110001607.04  
20150514000001000250000000031317101100000113120000274.80  
20150514000001000250000000031317101100000113131000482.11  
20150514000001000250000000031317101100000113200000321.41  
20150514000001001130000000059166500900000111220000216.00  
20150514000001001130000000059166500900000111400000503.08  
20150514000001001130000000059166500900000111600001440.00  
20150514000001001130000000059166500900000111700005821.00  
20150514000001001130000000059166500900000113110000603.70  
20150514000001001130000000059166500900000113120000103.23  
20150514000001001130000000059166500900000113131000181.11  
20150514000001001130000000059166500900000113200000120.74  
20150514000001001370000000025513140900000111220001468.80  
20150514000001001370000000025513140900000111400000508.48  
20150514000001001370000000025513140900000111700004633.00  
20150514000001001370000000025513140900000113110000610.18  
20150514000001001370000000025513140900000113120000104.34  
20150514000001001370000000025513140900000113131000183.05  
20150514000001001370000000025513140900000113200000122.04  
20150514000001000730000000037295801200000111220000216.00  
20150514000001000730000000037295801200000111400000770.42  
20150514000001000730000000037295801200000111700009029.00  
20150514000001000730000000037295801200000113110000924.50  
20150514000001000730000000037295801200000113120000158.09  
20150514000001000730000000037295801200000113131000277.35  
20150514000001000730000000037295801200000113200000184.90  
20150514000001001440000000079628621100000111220000216.00  
20150514000001001440000000079628621100000111310000784.00  
20150514000001001440000000079628621100000111400000410.00  
20150514000001001440000000079628621100000111700003920.00  
20150514000001001440000000079628621100000113110000492.00  
20150514000001001440000000079628621100000113120000084.13  
20150514000001001440000000079628621100000113131000147.60  
20150514000001001440000000079628621100000113200000098.40  
20150514000001000260000000013206270900000111220000216.00  
20150514000001000260000000013206270900000111400001206.00  
20150514000001000260000000013206270900000111700014256.00  
20150514000001000260000000013206270900000113110001447.20  
20150514000001000260000000013206270900000113120000247.47  
20150514000001000260000000013206270900000113131000434.16  
20150514000001000260000000013206270900000113200000289.44  
20150514000001000270000000013847920900000111220000216.00  
20150514000001000270000000013847920900000111400001206.00  
20150514000001000270000000013847920900000111700014256.00  
20150514000001000270000000013847920900000113110001447.20  
20150514000001000270000000013847920900000113120000247.47  
20150514000001000270000000013847920900000113131000434.16  
20150514000001000270000000013847920900000113200000289.44  
20150514000001000430000000021398970900000111220001814.40  
20150514000001000430000000021398970900000111400001274.87  
20150514000001000430000000021398970900000111700013484.00  
20150514000001000430000000021398970900000113110001529.84  
20150514000001000430000000021398970900000113120000261.60  
20150514000001000430000000021398970900000113131000458.95  
20150514000001000430000000021398970900000113200000305.97  
20150514000001000160000000037321240900000111220001123.20  
20150514000001000160000000037321240900000111400001425.18  
20150514000001000160000000037321240900000111700015979.00  
20150514000001000160000000037321240900000113110001710.22  
20150514000001000160000000037321240900000113120000292.45  
20150514000001000160000000037321240900000113131000513.07  
20150514000001000160000000037321240900000113200000342.04  
20150514000001001000000000073493141000000111220002160.00  
20150514000001001000000000073493141000000111400000714.58  
20150514000001001000000000073493141000000111700006415.00  
20150514000001001000000000073493141000000113110000857.50  
20150514000001001000000000073493141000000113131000257.25  
20150514000001001000000000073493141000000113200000171.50  
20150514000001001450000000024542320900000111220000216.00  
20150514000001001450000000024542320900000111400000393.67  
20150514000001001450000000024542320900000111700003920.00  
20150514000001001450000000024542320900000111910000588.00  
20150514000001001450000000024542320900000113110000472.40  
20150514000001001450000000024542320900000113120000080.78  
20150514000001001450000000024542320900000113131000141.72  
20150514000001001450000000024542320900000113200000094.48  
20150514000001002080000000007788821200000111220002160.00  
20150514000001002080000000007788821200000111400002186.25  
20150514000001002080000000007788821200000111700024075.00  
20150514000001002080000000007788821200000113110002623.50  
20150514000001002080000000007788821200000113131000787.05  
20150514000001002080000000007788821200000113200000524.70  
20150514000001000630000000059353090900000111220000216.00  
20150514000001000630000000059353090900000111400000859.50  
20150514000001000630000000059353090900000111700010098.00  
20150514000001000630000000059353090900000113110001031.40  
20150514000001000630000000059353090900000113120000176.37  
20150514000001000630000000059353090900000113131000309.42  
20150514000001000630000000059353090900000113200000206.28  
20150514000001001140000000009602780900000111220001123.20  
20150514000001001140000000009602780900000111400000578.68  
20150514000001001140000000009602780900000111700005821.00  
20150514000001001140000000009602780900000113110000694.42  
20150514000001001140000000009602780900000113120000118.75  
20150514000001001140000000009602780900000113131000208.33  
20150514000001001140000000009602780900000113200000138.88  
20150514000001000640000000044674200900000111220001123.20  
20150514000001000640000000044674200900000111400000935.10  
20150514000001000640000000044674200900000111700010098.00  
20150514000001000640000000044674200900000113110001122.12  
20150514000001000640000000044674200900000113120000191.88  
20150514000001000640000000044674200900000113131000336.64  
20150514000001000640000000044674200900000113200000224.42  
